V2_mean	Isense_mean	dt
510	509	500	0
PWM	V2_read	Isense_read
0	511	508
0	509	509
1	510	509
1	509	509
2	509	509
2	509	509
3	510	509
3	509	510
4	509	510
4	510	510
5	510	509
5	510	509
6	510	509
6	509	508
7	510	509
7	510	509
8	511	509
8	511	509
9	510	509
9	510	509
10	510	509
10	510	509
11	510	509
11	511	510
12	511	510
12	511	509
13	513	509
13	510	509
14	510	510
14	510	509
15	510	509
15	509	509
16	509	509
16	510	509
17	509	510
17	510	509
18	510	509
18	509	509
19	509	510
19	509	509
20	507	509
20	509	508
21	509	510
21	510	509
22	510	509
22	510	509
23	510	509
23	510	509
24	510	509
24	510	509
25	511	509
25	510	509
26	511	509
26	510	509
27	511	509
27	511	510
28	511	509
28	511	509
29	511	508
29	510	510
30	511	509
30	510	510
31	510	509
31	511	509
32	510	509
32	511	509
33	510	509
33	510	510
34	519	509
34	520	510
35	510	509
35	510	509
36	510	509
36	510	509
37	510	510
37	510	509
38	510	509
38	511	509
39	511	510
39	525	509
40	511	509
40	512	509
41	512	510
41	513	509
42	514	510
42	516	509
43	519	509
43	524	510
44	528	509
44	537	510
45	581	513
45	554	510
46	562	509
46	574	509
47	581	510
47	609	515
48	598	509
48	606	510
49	613	509
49	620	510
50	534	510
50	516	522
51	637	510
51	641	510
52	644	510
52	647	510
53	648	511
53	649	510
54	649	511
54	649	511
55	649	510
55	491	525
56	646	511
56	644	511
57	639	510
57	636	510
58	631	511
58	656	525
59	625	511
59	615	511
60	601	511
60	495	512
61	459	516
61	396	511
62	405	512
62	420	513
63	399	511
63	413	511
64	421	511
64	432	514
65	409	511
65	424	511
66	448	511
66	495	579
67	716	514
67	455	513
68	454	513
68	495	584
69	440	511
69	446	511
70	452	511
70	444	511
71	449	511
71	459	512
72	467	514
72	459	511
73	462	511
73	467	510
74	474	515
74	472	512
75	463	510
75	464	511
76	488	583
76	468	512
77	476	511
77	483	510
78	478	510
78	478	510
79	483	510
79	476	510
80	479	511
80	484	510
81	489	510
81	494	513
82	484	511
82	476	510
83	480	509
83	487	581
84	475	510
84	479	510
85	497	510
85	523	510
86	480	510
86	484	509
87	488	509
87	527	511
88	497	510
88	500	510
89	504	514
89	496	510
90	499	510
90	490	510
91	494	580
91	484	510
92	488	509
92	492	509
93	497	583
93	501	510
94	504	510
94	507	509
95	504	510
95	503	510
96	492	508
96	511	514
97	502	510
97	505	509
98	509	510
98	513	514
99	488	509
99	492	508
100	496	508
100	501	576
101	491	509
101	509	509
102	513	509
102	510	510
103	508	510
103	511	509
104	501	507
104	527	510
105	511	510
105	514	509
106	518	515
106	538	510
107	495	508
107	500	508
108	504	581
108	482	510
109	496	508
109	518	508
110	534	510
110	495	509
111	498	507
111	500	508
112	538	509
112	516	509
113	519	508
113	523	514
114	540	510
114	517	509
115	502	508
115	509	577
116	427	509
116	498	509
117	502	506
117	510	577
118	517	509
118	521	507
119	525	507
119	524	520
120	519	509
120	501	507
121	529	513
121	532	509
122	522	508
122	525	507
123	531	513
123	494	509
124	500	508
124	505	506
125	513	577
125	496	509
126	525	507
126	530	503
127	528	533
127	523	508
128	527	506
128	531	504
129	529	540
129	525	507
130	527	506
130	532	503
131	529	542
131	525	507
132	528	505
132	533	503
133	539	513
133	530	505
134	530	505
134	528	505
135	527	506
135	526	506
136	526	507
136	524	507
137	524	507
137	522	508
138	522	508
138	522	509
139	523	509
139	424	510
140	522	584
140	528	513
141	527	502
141	525	504
142	524	504
142	523	504
143	521	506
143	521	506
144	520	507
144	520	507
145	518	508
145	517	508
146	516	508
146	516	509
147	409	510
147	514	583
148	520	512
148	517	502
149	516	504
149	515	503
150	514	505
150	513	505
151	512	505
151	511	506
152	511	507
152	509	507
153	509	507
153	507	508
154	573	508
154	401	515
155	506	587
155	509	509
156	509	501
156	506	502
157	505	502
157	503	502
158	503	505
158	502	505
159	501	506
159	501	505
160	501	507
160	500	507
161	500	508
161	546	508
162	399	551
162	499	589
163	503	508
163	503	500
164	502	499
164	503	502
165	502	503
165	502	505
166	502	503
166	500	505
167	501	505
167	499	507
168	499	505
168	497	508
169	605	508
169	400	554
170	488	595
170	491	505
171	489	499
171	488	494
172	488	502
172	492	500
173	491	504
173	498	504
174	499	505
174	505	505
175	502	507
175	503	507
176	501	508
176	440	507
177	397	566
177	406	584
178	423	506
178	455	503
179	402	502
179	478	505
180	490	506
180	490	508
181	489	509
181	476	509
182	577	509
182	427	581
183	389	501
183	422	505
184	432	506
184	471	507
185	676	509
185	454	503
186	461	502
186	483	504
187	493	504
187	499	508
188	499	508
188	500	502
189	500	506
189	501	508
190	498	532
190	502	502
191	502	507
191	501	507
192	491	575
192	503	502
193	501	506
193	501	509
194	505	500
194	503	505
195	501	508
195	482	611
196	503	502
196	502	506
197	501	509
197	504	501
198	502	505
198	501	508
199	505	500
199	503	505
200	502	508
200	505	501
201	502	506
201	502	507
202	502	505
202	501	509
203	504	503
203	502	508
204	506	501
204	502	507
205	502	507
205	503	505
206	502	508
206	502	507
207	503	505
207	502	508
208	505	507
208	503	505
209	502	509
209	504	503
210	502	508
210	505	500
211	502	507
211	502	507
212	503	505
212	501	510
213	504	503
213	502	508
214	505	500
214	502	508
215	502	507
215	503	506
216	503	508
216	502	508
217	503	506
217	502	510
218	506	503
218	503	508
219	502	509
219	505	501
220	503	507
220	503	509
221	505	500
221	504	506
222	503	509
222	506	504
223	504	505
223	503	508
224	473	611
224	508	503
225	503	508
225	502	510
226	506	501
226	503	505
227	501	509
227	506	500
228	503	505
228	503	509
229	492	577
229	505	504
230	503	508
230	503	510
231	505	501
231	503	508
232	502	510
232	507	500
233	504	506
233	504	509
234	500	534
234	504	504
235	503	508
235	158	509
236	505	503
236	503	507
237	503	510
237	507	501
238	504	506
238	503	509
239	503	515
239	504	504
240	503	509
240	466	518
241	505	503
241	504	508
242	503	510
242	506	500
243	504	507
243	503	509
244	507	507
244	508	506
245	508	509
245	430	546
246	505	503
246	503	508
247	503	510
247	506	501
248	504	507
248	503	509
249	506	502
249	505	506
250	504	508
250	478	616
251	506	504
251	504	508
252	503	509
252	506	501
253	504	507
253	504	509
254	508	500
254	505	506
255	504	508
255	495	570
254	505	506
254	503	509
253	507	508
253	505	505
252	503	509
252	506	501
251	504	507
251	504	510
250	507	502
250	504	508
249	440	631
249	505	505
248	503	508
248	507	506
247	505	506
247	504	509
246	506	501
246	504	506
245	504	509
245	507	502
244	504	508
244	504	565
243	506	503
243	504	508
242	499	553
242	505	505
241	504	509
241	508	507
240	506	506
240	504	510
239	507	502
239	505	508
238	504	510
238	507	501
237	505	506
237	504	510
236	505	500
236	504	508
235	504	509
235	508	500
234	504	506
234	504	509
233	501	538
233	505	504
232	504	508
232	163	510
231	505	504
231	504	508
230	463	595
230	505	504
229	504	509
229	502	529
228	506	504
228	505	507
227	417	510
227	506	503
226	504	507
226	504	509
225	509	500
225	506	507
224	504	509
224	508	501
223	506	508
223	505	509
222	507	502
222	505	507
221	504	509
221	508	500
220	505	505
220	500	508
219	507	506
219	505	505
218	504	508
218	504	513
217	505	504
217	504	507
216	497	554
216	506	503
215	504	507
215	433	546
214	506	503
214	504	507
213	497	546
213	509	504
212	505	508
212	507	500
211	504	507
211	504	507
210	505	505
210	503	509
209	506	503
209	504	508
208	507	500
208	504	507
207	504	507
207	505	505
206	503	508
206	508	500
205	505	506
205	504	508
204	508	500
204	505	506
203	503	509
203	506	503
202	504	508
202	507	500
201	504	507
201	502	506
200	505	505
200	503	508
199	507	507
199	504	504
198	503	508
198	502	518
197	505	503
197	502	507
196	429	509
196	506	502
195	505	506
195	503	508
194	507	499
194	504	505
193	503	508
193	503	515
192	505	502
192	503	506
191	504	508
191	506	507
190	506	502
190	503	506
189	503	508
189	500	534
188	504	502
188	502	505
187	502	508
187	413	594
186	495	501
186	491	504
185	496	507
185	474	547
184	456	500
184	446	502
183	455	506
183	443	507
182	467	508
182	373	601
181	390	503
181	396	501
180	426	503
180	474	505
179	489	507
179	497	509
178	646	508
178	469	542
177	385	613
177	426	509
176	457	502
176	443	502
175	469	500
175	479	503
174	495	502
174	502	506
173	505	504
173	500	506
172	499	507
172	498	508
171	552	507
171	404	538
170	476	590
170	493	504
169	490	499
169	498	499
168	499	501
168	497	501
167	497	503
167	498	504
166	499	506
166	502	505
165	502	507
165	503	506
164	504	508
164	580	508
163	385	518
163	500	590
162	505	506
162	506	499
161	504	499
161	505	502
160	504	502
160	503	504
159	503	504
159	503	505
158	503	505
158	503	507
157	503	506
157	504	508
156	585	508
156	401	517
155	504	583
155	511	510
154	511	500
154	512	502
153	511	502
153	512	504
152	512	504
152	512	505
151	512	505
151	513	506
150	512	507
150	513	508
149	513	507
149	517	508
148	409	510
148	515	588
147	521	511
147	521	501
146	521	503
146	521	502
145	521	505
145	522	504
144	522	506
144	523	507
143	522	507
143	522	507
142	522	506
142	523	509
141	524	509
141	423	510
140	525	586
140	532	512
139	530	503
139	530	504
138	529	503
138	529	505
137	528	505
137	528	506
136	528	506
136	528	507
135	528	507
135	528	508
134	527	508
134	528	508
133	337	509
133	529	571
132	544	513
132	535	505
131	533	505
131	533	507
130	532	506
130	539	502
129	534	538
129	529	508
128	532	505
128	536	504
127	533	535
127	527	508
126	505	508
126	531	505
125	513	505
125	531	529
124	527	507
124	504	507
123	529	506
123	534	513
122	550	510
122	502	508
121	527	507
121	508	506
120	533	513
120	538	509
119	523	508
119	503	508
118	526	508
118	510	507
117	525	516
117	521	509
116	502	508
116	525	508
115	509	507
115	523	512
114	520	509
114	502	508
113	524	508
113	508	507
112	521	512
112	519	509
111	501	508
111	522	508
110	508	507
110	520	510
109	518	509
109	501	508
108	523	509
108	508	507
107	519	511
107	517	509
106	501	509
106	521	509
105	508	507
105	518	510
104	516	509
104	502	507
103	519	508
103	508	506
102	517	510
102	515	510
101	501	508
101	519	510
100	508	507
100	516	510
99	515	510
99	502	507
98	519	508
98	508	507
97	516	510
97	514	509
96	502	508
96	518	509
95	509	507
95	515	510
94	515	510
94	502	507
93	517	510
93	510	507
92	515	510
92	514	509
91	502	507
91	517	509
90	510	507
90	514	511
89	513	509
89	503	507
88	516	509
88	510	507
87	513	511
87	512	510
86	502	506
86	516	510
85	509	507
85	512	511
84	512	510
84	502	508
83	516	509
83	509	506
82	512	510
82	512	510
81	503	507
81	516	509
80	510	506
80	511	511
79	512	510
79	504	507
78	515	509
78	513	506
77	511	510
77	511	510
76	505	507
76	514	509
75	513	505
75	510	510
74	510	510
74	506	507
73	514	509
73	515	506
72	511	510
72	510	510
71	507	507
71	513	510
70	515	505
70	511	511
69	510	510
69	507	507
68	513	510
68	515	506
67	509	510
67	509	511
66	506	507
66	513	510
65	515	506
65	510	510
64	511	510
64	507	507
63	513	510
63	510	506
62	509	510
62	509	510
61	496	507
61	513	510
60	478	506
60	509	510
59	509	510
59	415	506
58	515	510
58	381	507
57	509	511
57	512	510
56	356	508
56	515	510
55	358	509
55	509	509
54	510	510
54	436	507
53	514	510
53	476	507
52	507	510
52	506	510
51	479	509
51	508	511
50	494	509
50	496	510
49	505	510
49	493	508
48	508	510
48	501	509
47	498	510
47	506	510
46	497	508
46	509	510
45	458	510
45	500	510
44	504	510
44	500	509
43	505	510
43	495	510
42	498	510
42	507	511
41	552	510
41	533	510
40	520	511
40	474	511
39	450	511
39	431	512
38	418	511
38	403	511
37	402	510
37	400	510
36	399	511
36	406	511
35	416	511
35	425	511
34	438	510
34	455	511
33	470	510
33	491	511
32	506	511
32	525	511
31	549	510
31	555	510
30	576	510
30	577	511
29	584	510
29	594	510
28	589	511
28	592	510
27	581	511
27	571	511
26	567	510
26	550	510
25	540	510
25	523	511
24	509	510
24	499	510
23	482	510
23	473	511
22	462	510
22	455	511
21	451	511
21	448	511
20	449	510
20	451	510
19	455	511
19	463	510
18	471	510
18	481	511
17	492	511
17	503	510
16	515	510
16	525	510
15	536	510
15	543	510
14	550	511
14	556	509
13	559	510
13	560	510
12	559	510
12	556	510
11	552	511
11	546	510
10	539	510
10	530	510
9	521	511
9	512	510
8	504	510
8	496	511
7	488	511
7	482	510
6	476	510
6	474	510
5	471	511
5	470	511
4	471	511
4	474	511
3	478	510
3	483	511
2	489	510
2	496	510
1	502	510
1	510	511
0	517	510
0	524	511
-1	529	510
-1	534	510
-2	538	510
-2	541	511
-3	541	510
-3	542	510
-4	540	511
-4	538	510
-5	534	511
-5	530	511
-6	525	511
-6	519	510
-7	514	510
-7	507	511
-8	502	510
-8	498	510
-9	493	511
-9	490	510
-10	488	510
-10	486	511
-11	485	511
-11	486	510
-12	487	510
-12	489	511
-13	492	511
-13	495	510
-14	500	510
-14	504	511
-15	509	510
-15	514	511
-16	517	510
-16	522	510
-17	525	510
-17	527	510
-18	529	510
-18	530	511
-19	530	510
-19	530	510
-20	528	510
-20	526	510
-21	523	511
-21	520	511
-22	516	510
-22	515	511
-23	509	510
-23	506	510
-24	504	510
-24	500	510
-25	499	511
-25	496	511
-26	495	510
-26	497	510
-27	495	510
-27	496	511
-28	497	511
-28	499	511
-29	505	511
-29	504	510
-30	511	510
-30	509	510
-31	512	510
-31	520	511
-32	517	510
-32	526	510
-33	520	510
-33	521	511
-34	529	510
-34	521	511
-35	527	510
-35	520	510
-36	518	510
-36	528	511
-37	516	511
-37	525	510
-38	513	511
-38	510	511
-39	520	511
-39	507	511
-40	517	511
-40	502	511
-41	500	510
-41	516	510
-42	493	510
-42	513	508
-43	486	510
-43	480	511
-44	501	506
-44	466	510
-45	501	508
-45	450	510
-46	441	510
-46	504	505
-47	424	509
-47	493	501
-48	409	510
-48	403	510
-49	470	500
-49	395	510
-50	466	500
-50	391	509
-51	391	509
-51	462	497
-52	392	509
-52	432	492
-53	410	509
-53	359	508
-54	459	489
-54	266	508
-55	401	492
-55	279	509
-56	294	509
-56	490	490
-57	322	509
-57	572	489
-58	330	508
-58	335	508
-59	622	488
-59	358	508
-60	683	486
-60	381	507
-61	391	508
-61	658	488
-62	413	507
-62	635	492
-63	431	508
-63	440	507
-64	620	491
-64	455	507
-65	584	483
-65	438	507
-66	422	507
-66	459	483
-67	421	507
-67	428	485
-68	440	506
-68	449	507
-69	420	482
-69	468	507
-70	403	482
-70	485	507
-71	494	506
-71	372	481
-72	509	506
-72	362	482
-73	500	506
-73	478	506
-74	293	480
-74	443	506
-75	288	482
-75	455	506
-76	466	506
-76	310	484
-77	486	506
-77	326	481
-78	504	505
-78	512	505
-79	348	483
-79	529	505
-80	362	482
-80	542	505
-81	530	505
-81	326	479
-82	478	504
-82	295	483
-83	460	504
-83	470	504
-84	314	486
-84	492	503
-85	330	483
-85	513	504
-86	523	503
-86	354	483
-87	543	503
-87	371	487
-88	562	504
-88	569	503
-89	363	483
-89	521	501
-90	318	483
-90	476	502
-91	470	502
-91	313	486
-92	493	502
-92	331	487
-93	516	500
-93	526	502
-94	355	488
-94	548	501
-95	377	485
-95	570	501
-96	582	501
-96	397	485
-97	577	500
-97	357	484
-98	517	499
-98	494	499
-99	312	486
-99	490	499
-100	330	487
-100	516	498
-101	528	499
-101	360	487
-102	551	499
-102	380	487
-103	576	498
-103	588	500
-104	411	485
-104	609	497
-105	401	485
-105	567	496
-106	535	494
-106	328	489
-107	497	496
-107	324	487
-108	514	495
-108	527	494
-109	358	487
-109	553	495
-110	381	492
-110	576	495
-111	588	495
-111	415	491
-112	612	495
-112	435	487
-113	620	495
-113	591	491
-114	362	486
-114	530	489
-115	326	489
-115	510	491
-116	520	489
-116	353	489
-117	551	490
-117	379	489
-118	577	488
-118	590	490
-119	414	489
-119	614	491
-120	436	490
-120	637	491
-121	641	490
-121	411	488
-122	581	486
-122	351	488
-123	530	482
-123	523	487
-124	346	490
-124	548	482
-125	373	491
-125	576	483
-126	589	481
-126	411	490
-127	614	485
-127	433	493
-128	638	485
-128	649	486
-129	454	492
-129	635	480
-130	395	488
-130	571	476
-131	546	477
-131	340	490
-132	542	477
-132	366	492
-133	571	478
-133	584	474
-134	405	492
-134	608	477
-135	430	490
-135	631	475
-136	642	478
-136	465	491
-137	664	477
-137	447	490
-138	614	472
-138	581	466
-139	359	491
-139	540	472
-140	355	494
-140	555	469
-141	569	472
-141	397	494
-142	596	470
-142	423	491
-143	618	468
-143	630	472
-144	459	491
-144	653	468
-145	481	492
-145	657	470
-146	629	461
-146	400	492
-147	562	464
-147	357	493
-148	537	465
-148	549	466
-149	388	494
-149	579	464
-150	415	491
-150	605	465
-151	618	464
-151	454	491
-152	642	467
-152	478	494
-153	667	465
-153	667	464
-154	448	493
-154	610	460
-155	384	491
-155	555	462
-156	545	462
-156	378	493
-157	570	464
-157	405	494
-158	600	459
-158	614	464
-159	445	493
-159	640	459
-160	470	493
-160	666	463
-161	677	461
-161	494	494
-162	664	457
-162	430	491
-163	607	459
-163	581	458
-164	366	493
-164	577	461
-165	392	492
-165	618	463
-166	631	461
-166	432	492
-167	657	462
-167	457	492
-168	670	462
-168	681	460
-169	498	493
-169	702	461
-170	478	493
-170	679	460
-171	666	461
-171	375	489
-172	635	464
-172	368	490
-173	671	465
-173	709	467
-174	410	490
-174	760	466
-175	437	490
-175	755	466
-176	735	463
-176	477	490
-177	720	464
-177	501	492
-178	758	461
-178	835	464
-179	410	490
-179	673	466
-180	367	488
-180	619	468
-181	630	469
-181	398	489
-182	628	468
-182	427	491
-183	657	468
-183	680	468
-184	467	491
-184	772	469
-185	492	489
-185	859	468
-186	840	466
-186	462	487
-187	529	463
-187	396	488
-188	457	465
-188	437	465
-189	384	489
-189	456	467
-190	415	492
-190	480	466
-191	498	467
-191	458	490
-192	542	466
-192	483	490
-193	601	466
-193	628	467
-194	505	491
-194	541	463
-195	442	488
-195	452	464
-196	428	466
-196	377	489
-197	425	468
-197	401	489
-198	455	468
-198	470	467
-199	447	489
-199	499	468
-200	474	490
-200	527	466
-201	541	467
-201	513	490
-202	562	464
-202	493	489
-203	498	464
-203	461	467
-204	401	489
-204	419	468
-205	391	488
-205	438	470
-206	453	470
-206	439	488
-207	483	470
-207	468	488
-208	512	469
-208	526	468
-209	503	490
-209	552	468
-210	524	490
-210	542	466
-211	510	467
-211	447	485
-212	440	469
-212	401	485
-213	421	471
-213	435	472
-214	431	485
-214	467	472
-215	461	485
-215	498	472
-216	512	472
-216	504	485
-217	540	470
-217	528	486
-218	566	471
-218	556	468
-219	500	482
-219	483	471
-220	435	481
-220	430	473
-221	423	473
-221	421	482
-222	449	475
-222	456	480
-223	480	476
-223	496	475
-224	500	482
-224	525	474
-225	525	482
-225	554	473
-226	566	474
-226	552	481
-227	538	472
-227	495	475
-228	465	474
-228	439	476
-229	425	477
-229	432	477
-230	448	477
-230	465	476
-231	481	477
-231	496	477
-232	512	476
-232	525	477
-233	540	476
-233	554	476
-234	564	479
-234	574	474
-235	547	475
-235	510	475
-236	475	475
-236	447	475
-237	431	475
-237	433	477
-238	448	477
-238	464	477
-239	480	477
-239	496	476
-240	511	477
-240	527	476
-241	540	477
-241	553	477
-242	569	477
-242	579	475
-243	562	474
-243	527	474
-244	488	475
-244	457	474
-245	438	475
-245	433	476
-246	446	476
-246	464	477
-247	479	476
-247	495	476
-248	510	476
-248	525	475
-249	540	477
-249	554	477
-250	567	476
-250	580	476
-251	573	475
-251	539	474
-252	499	474
-252	466	474
-253	443	474
-253	433	477
-254	443	476
-254	461	476
-255	477	476
-255	493	476
-254	508	476
-254	523	476
-253	537	476
-253	552	476
-252	566	476
-252	578	477
-251	577	475
-251	547	474
-250	508	473
-250	477	474
-249	448	475
-249	437	475
-248	440	477
-248	457	477
-247	474	476
-247	489	475
-246	505	476
-246	520	476
-245	535	476
-245	549	476
-244	563	476
-244	576	476
-243	583	476
-243	562	474
-242	524	473
-242	489	473
-241	457	475
-241	439	475
-240	436	476
-240	449	476
-239	466	476
-239	483	475
-238	498	476
-238	513	476
-237	527	476
-237	542	476
-236	555	476
-236	568	476
-235	582	475
-235	578	474
-234	545	474
-234	505	474
-233	474	474
-233	448	474
-232	437	474
-232	444	476
-231	460	476
-231	477	475
-230	493	475
-230	508	476
-229	523	475
-229	538	476
-228	552	474
-228	567	473
-227	580	472
-227	587	471
-226	563	471
-226	523	472
-225	486	473
-225	457	474
-224	439	474
-224	438	475
-223	452	474
-223	469	474
-222	485	474
-222	501	474
-221	516	473
-221	531	472
-220	546	471
-220	560	471
-219	573	470
-219	586	468
-218	577	467
-218	542	467
-217	501	469
-217	469	469
-216	445	470
-216	437	471
-215	445	471
-215	462	471
-214	478	471
-214	494	471
-213	509	470
-213	524	470
-212	538	469
-212	552	467
-211	565	467
-211	580	466
-210	584	464
-210	558	464
-209	517	466
-209	480	466
-208	452	468
-208	436	467
-207	436	469
-207	452	469
-206	468	468
-206	486	468
-205	499	469
-205	514	467
-204	529	466
-204	543	466
-203	556	465
-203	570	465
-202	582	463
-202	566	462
-201	531	462
-201	491	464
-200	461	463
-200	439	465
-199	433	465
-199	444	466
-198	459	466
-198	475	466
-197	491	466
-197	506	465
-196	521	465
-196	537	464
-195	555	465
-195	594	465
-194	632	464
-194	661	462
-193	577	461
-193	512	461
-192	472	462
-192	451	463
-191	434	464
-191	393	489
-190	455	465
-190	475	464
-189	490	464
-189	514	465
-188	543	464
-188	602	464
-187	659	465
-187	748	466
-186	815	467
-186	898	465
-185	840	463
-185	711	461
-184	567	462
-184	557	463
-183	536	464
-183	555	465
-182	565	466
-182	607	466
-181	621	466
-181	670	466
-180	720	467
-180	807	467
-179	860	464
-179	829	463
-178	807	461
-178	520	491
-177	771	459
-177	795	459
-176	849	462
-176	798	463
-175	772	463
-175	757	463
-174	755	464
-174	748	464
-173	765	463
-173	759	464
-172	443	489
-172	720	462
-171	713	460
-171	708	461
-170	729	458
-170	520	460
-169	733	455
-169	721	456
-168	710	454
-168	683	459
-167	653	457
-167	389	492
-166	605	459
-166	616	461
-165	632	458
-165	652	460
-164	667	459
-164	666	460
-163	676	457
-163	678	459
-162	690	460
-162	698	459
-161	712	460
-161	715	457
-160	684	456
-160	658	455
-159	625	455
-159	394	493
-158	577	458
-158	581	459
-157	596	458
-157	610	459
-156	625	459
-156	638	459
-155	653	460
-155	662	458
-154	670	461
-154	497	461
-153	509	491
-153	706	460
-152	687	460
-152	652	456
-151	627	458
-151	397	491
-150	578	460
-150	569	462
-149	579	463
-149	594	462
-148	421	493
-148	622	462
-147	634	462
-147	647	466
-146	658	462
-146	670	470
-145	684	468
-145	699	468
-144	701	470
-144	667	462
-143	635	463
-143	606	463
-142	581	460
-142	569	469
-141	574	465
-141	590	467
-140	409	489
-140	619	463
-139	630	471
-139	640	470
-138	648	471
-138	472	475
-137	483	491
-137	691	477
-136	701	474
-136	680	474
-135	641	468
-135	617	468
-134	587	472
-134	572	469
-133	568	474
-133	583	472
-132	598	473
-132	612	476
-131	624	474
-131	634	478
-130	642	477
-130	459	481
-129	670	479
-129	683	485
-128	696	485
-128	693	481
-127	662	479
-127	622	475
-126	595	478
-126	575	477
-125	562	479
-125	567	479
-124	584	483
-124	597	479
-123	608	483
-123	617	481
-122	628	485
-122	640	487
-121	654	487
-121	667	488
-120	680	490
-120	690	489
-119	673	488
-119	633	484
-118	595	484
-118	570	486
-117	555	485
-117	554	487
-116	567	485
-116	579	488
-115	590	487
-115	600	489
-114	612	488
-114	626	491
-113	640	492
-113	654	493
-112	667	493
-112	679	495
-111	678	494
-111	644	492
-110	602	490
-110	568	490
-109	551	492
-109	543	492
-108	551	493
-108	563	492
-107	574	493
-107	586	493
-106	599	494
-106	613	496
-105	626	495
-105	640	497
-104	654	496
-104	666	497
-103	676	497
-103	658	497
-102	618	494
-102	578	495
-101	549	494
-101	536	497
-100	537	496
-100	549	498
-99	561	496
-99	574	498
-98	587	498
-98	601	499
-97	615	498
-97	628	500
-96	642	500
-96	655	500
-95	667	499
-95	667	501
-94	636	499
-94	595	499
-93	559	498
-93	538	500
-92	531	499
-92	541	500
-91	554	499
-91	568	501
-90	582	501
-90	595	501
-89	608	500
-89	621	502
-88	633	502
-88	646	502
-87	658	503
-87	665	502
-86	647	502
-86	611	502
-85	576	501
-85	548	502
-84	535	502
-84	538	503
-83	550	503
-83	564	503
-82	577	503
-82	591	502
-81	602	503
-81	616	504
-80	627	504
-80	639	504
-79	649	503
-79	661	504
-78	661	504
-78	636	503
-77	601	503
-77	569	504
-76	549	504
-76	543	505
-75	552	505
-75	566	505
-74	579	504
-74	592	506
-73	604	505
-73	615	505
-72	624	505
-72	635	505
-71	644	505
-71	654	506
-70	662	504
-70	655	506
-69	626	505
-69	599	505
-68	571	505
-68	552	505
-67	552	506
-67	565	507
-66	574	507
-66	587	507
-65	597	506
-65	608	506
-64	617	507
-64	629	506
-63	636	506
-63	645	506
-62	653	507
-62	657	506
-61	639	506
-61	613	506
-60	589	506
-60	573	506
-59	565	506
-59	575	507
-58	583	507
-58	596	507
-57	607	507
-57	619	506
-56	628	507
-56	637	507
-55	645	508
-55	654	506
-54	660	507
-54	669	507
-53	669	507
-53	771	507
-52	850	506
-52	876	507
-51	879	507
-51	866	507
-50	862	507
-50	860	507
-49	854	507
-49	855	506
-48	860	508
-48	873	508
-47	880	508
-47	875	507
-46	869	508
-46	853	508
-45	833	508
-45	807	508
-44	734	508
-44	729	508
-43	721	508
-43	715	509
-42	707	509
-42	699	508
-41	690	508
-41	678	509
-40	665	509
-40	650	508
-39	634	508
-39	614	509
-38	594	509
-38	572	508
-37	551	509
-37	529	509
-36	509	508
-36	490	509
-35	471	508
-35	454	509
-34	441	508
-34	428	509
-33	420	508
-33	416	508
-32	416	509
-32	419	509
-31	426	509
-31	435	509
-30	448	508
-30	462	508
-29	478	508
-29	494	508
-28	511	509
-28	528	509
-27	543	508
-27	556	508
-26	567	509
-26	576	509
-25	582	508
-25	585	508
-24	585	508
-24	582	509
-23	577	509
-23	569	508
-22	559	509
-22	547	508
-21	534	509
-21	521	508
-20	507	509
-20	494	508
-19	482	509
-19	472	509
-18	463	508
-18	456	508
-17	452	509
-17	450	509
-16	450	509
-16	453	508
-15	458	509
-15	465	508
-14	472	508
-14	482	509
-13	492	509
-13	503	509
-12	514	508
-12	524	508
-11	534	509
-11	541	509
-10	548	509
-10	553	509
-9	557	508
-9	558	509
-8	558	509
-8	555	509
-7	551	508
-7	545	508
-6	539	508
-6	530	509
-5	523	509
-5	514	509
-4	505	508
-4	498	508
-3	490	508
-3	484	508
-2	479	509
-2	475	509
-1	472	509
-1	471	509
0	472	509
0	495	510
1	497	510
1	499	509
2	503	510
2	506	510
3	508	510
3	512	510
4	515	509
4	518	510
5	520	510
5	522	510
6	523	510
6	524	510
7	524	510
7	524	510
8	523	510
8	522	509
9	521	510
9	518	510
10	515	510
10	513	510
11	510	510
11	509	510
12	506	509
12	503	510
13	502	510
13	500	509
14	499	510
14	498	510
15	498	510
15	499	509
16	500	510
16	503	510
17	502	510
17	504	510
18	506	510
18	508	510
19	510	510
19	513	509
20	514	510
20	515	509
21	517	510
21	519	510
22	519	509
22	519	510
23	519	510
23	518	509
24	518	510
24	517	510
25	516	509
25	515	509
26	513	509
26	511	510
27	509	510
27	508	510
28	506	510
28	505	510
29	504	510
29	503	510
30	503	510
30	502	510
31	503	510
31	502	510
32	503	510
32	504	510
33	506	510
33	507	509
34	508	510
34	510	509
35	512	509
35	513	510
36	514	509
36	515	510
37	515	509
37	516	510
38	517	509
38	530	509
39	516	510
39	516	510
40	516	509
40	515	510
41	515	509
41	514	510
42	514	509
42	514	510
43	514	510
43	516	510
44	518	510
44	522	510
45	527	510
45	535	510
46	542	509
46	590	512
47	559	510
47	570	510
48	578	509
48	587	510
49	594	510
49	602	510
50	608	510
50	614	510
51	619	511
51	624	510
52	534	520
52	631	510
53	634	510
53	636	510
54	636	510
54	637	510
55	637	511
55	637	511
56	637	510
56	635	511
57	518	524
57	631	510
58	629	510
58	621	511
59	613	511
59	599	511
60	671	511
60	720	511
61	725	512
61	720	511
62	708	511
62	952	526
63	693	511
63	693	512
64	693	511
64	679	512
65	874	512
65	826	532
66	656	512
66	645	512
67	636	512
67	626	512
68	722	535
68	676	532
69	598	512
69	590	513
70	582	512
70	585	535
71	592	541
71	581	538
72	592	539
72	571	537
73	617	513
73	531	534
74	524	538
74	499	533
75	489	539
75	468	535
76	561	514
76	553	513
77	545	514
77	538	514
78	532	514
78	414	514
79	429	541
79	456	537
80	478	539
80	494	537
81	492	533
81	587	514
82	576	514
82	567	515
83	557	515
83	549	515
84	430	535
84	532	515
85	523	515
85	518	516
86	510	515
86	509	516
87	404	538
87	434	536
88	462	537
88	482	536
89	489	532
89	580	516
90	569	516
90	559	517
91	549	516
91	541	517
92	425	535
92	524	518
93	514	517
93	506	518
94	499	517
94	495	518
95	389	532
95	419	536
96	449	533
96	475	536
97	488	532
97	582	520
98	472	533
98	462	531
99	449	533
99	439	531
100	427	533
100	523	520
101	512	522
101	503	520
102	494	521
102	489	521
103	374	523
103	405	531
104	435	535
104	468	529
105	485	533
105	492	529
106	574	523
106	564	524
107	554	525
107	545	525
108	534	526
108	422	532
109	513	525
109	503	526
110	493	525
110	485	526
111	481	525
111	385	533
112	424	530
112	458	533
113	481	531
113	495	531
114	579	529
114	570	531
115	559	530
115	551	531
116	541	530
116	426	530
117	518	533
117	508	530
118	497	531
118	487	529
119	479	530
119	368	532
120	405	529
120	445	531
121	566	535
121	578	539
122	494	536
122	482	530
123	468	527
123	456	529
124	442	528
124	429	529
125	527	537
125	515	539
126	504	535
126	495	536
127	485	536
127	357	531
128	500	541
128	538	546
129	560	545
129	576	545
130	584	546
130	582	543
131	572	547
131	565	544
132	556	549
132	549	544
133	534	545
133	526	544
134	517	544
134	509	545
135	500	541
135	492	545
136	497	546
136	526	556
137	555	550
137	573	555
138	582	551
138	586	553
139	577	549
139	568	553
140	559	550
140	551	554
141	542	550
141	533	552
142	526	550
142	517	551
143	508	550
143	501	547
144	497	555
144	512	557
145	542	560
145	562	557
146	574	559
146	583	555
147	580	556
147	574	555
148	566	558
148	560	556
149	552	557
149	543	556
150	532	557
150	525	554
151	514	556
151	507	553
152	498	558
152	513	559
153	534	563
153	578	559
154	588	562
154	613	557
155	605	559
155	617	556
156	609	559
156	623	557
157	610	559
157	592	558
158	555	558
158	538	558
159	523	557
159	518	560
160	512	557
160	514	563
161	618	561
161	751	561
162	767	559
162	801	559
163	795	557
163	808	557
164	802	557
164	817	555
165	808	555
165	799	556
166	754	558
166	730	558
167	678	557
167	652	559
168	604	559
168	642	561
169	767	561
169	922	555
170	958	554
170	978	554
171	986	552
171	947	553
172	936	552
172	896	552
173	882	553
173	850	554
174	878	553
174	882	552
175	890	552
175	864	552
176	811	556
176	806	557
177	899	556
177	794	559
178	738	558
178	741	558
179	753	556
179	723	554
180	706	554
180	664	555
181	649	555
181	613	555
182	625	554
182	624	555
183	658	556
183	669	555
184	720	554
184	737	554
185	719	558
185	592	559
186	560	557
186	583	556
187	602	555
187	606	554
188	595	554
188	576	553
189	562	554
189	545	553
190	532	554
190	518	553
191	510	555
191	501	553
192	505	554
192	504	554
193	520	557
193	492	558
194	518	557
194	552	555
195	580	555
195	596	553
196	594	552
196	578	551
197	563	551
197	548	551
198	533	550
198	519	551
199	504	551
199	491	551
200	477	553
200	463	553
201	451	554
201	466	556
202	504	553
202	542	552
203	574	551
203	590	550
204	596	548
204	584	548
205	568	549
205	553	548
206	538	548
206	524	548
207	508	549
207	494	549
208	480	549
208	467	549
209	453	550
209	452	552
210	482	551
210	523	549
211	556	549
211	583	548
212	595	547
212	591	546
213	574	546
213	559	545
214	543	546
214	530	546
215	514	546
215	499	546
216	485	547
216	471	547
217	457	548
217	447	549
218	468	549
218	508	548
219	545	546
219	575	545
220	592	545
220	595	544
221	581	543
221	564	543
222	549	542
222	534	544
223	518	543
223	504	543
224	489	544
224	474	544
225	459	544
225	447	546
226	454	547
226	488	546
227	527	545
227	558	545
228	583	545
228	592	543
229	585	542
229	568	543
230	552	543
230	536	543
231	521	543
231	506	543
232	492	543
232	478	543
233	463	543
233	451	543
234	442	545
234	465	546
235	504	545
235	539	545
236	569	545
236	586	544
237	588	543
237	572	543
238	556	543
238	540	543
239	524	544
239	509	543
240	495	543
240	480	543
241	466	543
241	453	543
242	440	543
242	449	545
243	482	545
243	522	546
244	555	545
244	577	545
245	587	544
245	578	543
246	560	544
246	545	543
247	527	543
247	513	543
248	499	544
248	484	544
249	470	543
249	457	543
250	443	543
250	439	545
251	466	546
251	505	546
252	541	546
252	568	545
253	584	545
253	582	543
254	567	543
254	550	543
255	536	543
255	519	544
254	504	543
254	489	544
253	475	544
253	460	543
252	447	543
252	435	544
251	451	546
251	487	546
250	527	545
250	559	546
249	579	545
249	586	544
248	572	543
248	554	543
247	538	543
247	523	544
246	508	543
246	492	543
245	478	543
245	464	543
244	451	543
244	437	544
243	444	545
243	477	546
242	517	545
242	552	546
241	573	544
241	585	544
240	575	543
240	558	543
239	542	544
239	526	543
238	511	544
238	496	543
237	481	544
237	467	544
236	452	543
236	440	543
235	434	545
235	464	546
234	504	546
234	539	546
233	568	545
233	583	545
232	581	543
232	564	544
231	548	543
231	532	544
230	515	544
230	501	543
229	486	544
229	472	544
228	454	542
228	443	544
227	431	547
227	450	547
226	490	547
226	527	546
225	559	546
225	578	545
224	583	543
224	571	544
223	551	543
223	537	544
222	521	544
222	506	544
221	490	544
221	474	546
220	459	547
220	445	548
219	431	549
219	433	551
218	468	550
218	511	548
217	545	547
217	570	547
216	582	547
216	576	546
215	559	546
215	542	547
214	527	547
214	510	547
213	495	548
213	479	549
212	464	550
212	450	550
211	436	551
211	427	552
210	450	554
210	491	552
209	528	551
209	559	550
208	576	550
208	578	549
207	564	549
207	547	549
206	531	549
206	516	549
205	501	550
205	485	550
204	470	551
204	456	553
203	442	554
203	427	555
202	434	558
202	470	556
201	512	554
201	546	554
200	570	553
200	579	552
199	572	551
199	555	552
198	540	552
198	524	552
197	510	553
197	494	553
196	478	555
196	465	556
195	455	556
195	462	556
194	469	558
194	472	560
193	499	558
193	534	558
192	562	556
192	578	556
191	578	555
191	563	554
190	547	555
190	532	555
189	518	555
189	508	556
188	503	556
188	523	556
187	550	557
187	618	557
186	671	558
186	668	560
185	572	560
185	548	559
184	572	559
184	604	558
183	611	557
183	613	557
182	597	556
182	598	557
181	585	556
181	617	557
180	642	557
180	720	557
179	770	556
179	840	555
178	858	554
178	824	558
177	858	560
177	786	560
176	734	561
176	794	558
175	808	558
175	832	557
174	818	557
174	830	555
173	818	556
173	842	555
172	874	555
172	881	555
171	826	558
171	744	559
170	690	560
170	614	561
169	671	565
169	776	562
168	920	557
168	930	556
167	938	556
167	915	558
166	904	556
166	870	557
165	862	556
165	824	558
164	782	559
164	709	560
163	656	561
163	581	559
162	534	560
162	497	562
161	490	561
161	543	566
160	678	564
160	731	564
159	741	563
159	722	561
158	712	561
158	678	559
157	671	561
157	638	560
156	611	561
156	546	560
155	518	560
155	506	562
154	500	558
154	489	560
153	479	558
153	478	563
152	502	563
152	536	563
151	558	562
151	556	561
150	561	560
150	557	558
149	550	560
149	543	558
148	536	561
148	526	558
147	512	560
147	500	557
146	491	558
146	482	552
145	478	556
145	474	553
144	478	561
144	500	559
143	530	561
143	543	559
142	552	558
142	554	558
141	547	556
141	539	558
140	531	555
140	521	557
139	511	554
139	501	550
138	490	554
138	477	548
137	472	546
137	473	548
136	471	548
136	482	558
135	522	554
135	542	558
134	555	550
134	560	552
133	555	550
133	543	550
132	535	551
132	523	546
131	509	551
131	496	545
130	486	545
130	471	542
129	465	541
129	462	538
128	460	539
128	465	546
127	497	547
127	420	531
126	543	546
126	553	546
125	551	544
125	436	530
124	530	544
124	405	531
123	505	540
123	489	538
122	357	532
122	463	537
121	327	529
121	453	532
120	451	534
120	316	530
119	472	540
119	401	533
118	533	537
118	545	539
117	449	532
117	536	535
116	421	529
116	513	533
115	501	535
115	371	531
114	471	531
114	339	534
113	455	530
113	449	527
112	295	533
112	448	530
111	338	535
111	495	532
110	523	531
110	433	534
109	543	529
109	428	531
108	521	528
108	507	527
107	383	530
107	481	527
106	353	534
106	458	524
105	452	525
105	307	535
104	440	523
104	438	525
103	323	538
103	358	533
102	506	525
102	416	538
101	533	524
101	418	533
100	514	523
100	387	537
99	489	523
99	358	534
98	466	522
98	458	522
97	322	533
97	441	520
96	298	539
96	429	520
95	444	521
95	337	540
94	489	521
94	389	538
93	523	521
93	519	521
92	392	537
92	494	519
91	362	539
91	473	519
90	465	519
90	328	537
89	449	518
89	309	540
88	435	518
88	426	517
87	297	544
87	453	518
86	347	541
86	495	517
85	510	518
85	387	542
84	501	517
84	490	516
83	355	542
83	471	516
82	337	538
82	455	517
81	320	544
81	439	515
80	430	515
80	421	516
79	301	539
79	435	516
78	341	547
78	362	545
77	500	515
77	382	545
76	499	515
76	369	547
75	479	515
75	364	543
74	459	513
74	378	548
73	440	514
73	430	514
72	391	546
72	416	514
71	419	548
71	420	514
70	441	515
70	532	553
69	484	514
69	577	544
68	493	513
68	482	514
67	605	543
67	461	513
66	634	549
66	437	513
65	437	513
65	706	548
64	421	513
64	746	543
63	405	513
63	261	513
62	387	530
62	195	513
61	390	527
61	212	513
60	227	513
60	371	529
59	243	513
59	245	512
58	260	517
58	263	512
57	406	587
57	261	512
56	197	590
56	263	513
55	267	512
55	215	522
54	282	512
54	190	522
53	298	512
53	309	511
52	172	522
52	325	512
51	358	563
51	343	512
50	345	510
50	211	521
49	357	511
49	206	515
48	363	512
48	365	511
47	260	522
47	378	511
46	250	513
46	384	511
45	390	511
45	321	519
44	402	510
44	351	512
43	404	511
43	409	511
42	364	517
42	418	510
41	436	512
41	457	511
40	576	511
40	525	511
39	495	511
39	433	511
38	393	512
38	365	512
37	351	510
37	329	513
36	327	510
36	321	512
35	325	511
35	338	511
34	355	512
34	373	511
33	398	511
33	425	510
32	453	510
32	486	510
31	515	511
31	552	510
30	579	510
30	595	510
29	623	510
29	631	510
28	648	511
28	651	510
27	645	510
27	644	510
26	628	511
26	617	510
25	598	510
25	572	510
24	552	510
24	525	512
23	502	511
23	477	510
22	457	511
22	438	510
21	420	510
21	412	510
20	405	511
20	402	511
19	404	510
19	410	510
18	419	510
18	431	511
17	448	510
17	465	510
16	483	511
16	503	511
15	522	511
15	541	511
14	559	511
14	571	510
13	582	511
13	592	510
12	596	511
12	596	510
11	594	510
11	589	511
10	580	511
10	569	511
9	557	511
9	542	510
8	527	511
8	510	511
7	496	511
7	483	510
6	469	511
6	458	511
5	450	511
5	445	511
4	441	509
4	441	510
3	444	511
3	449	510
2	456	510
2	465	510
1	476	511
1	488	510
0	501	511
0	532	510
-1	542	511
-1	551	511
-2	558	510
-2	563	510
-3	566	510
-3	566	510
-4	565	510
-4	560	510
-5	554	511
-5	547	510
-6	539	511
-6	529	509
-7	519	510
-7	509	510
-8	499	510
-8	490	510
-9	483	511
-9	475	511
-10	470	511
-10	467	511
-11	465	510
-11	465	511
-12	467	510
-12	471	510
-13	476	510
-13	482	510
-14	491	510
-14	497	510
-15	505	511
-15	513	510
-16	521	510
-16	529	510
-17	535	510
-17	540	510
-18	543	511
-18	545	510
-19	546	510
-19	545	510
-20	543	511
-20	541	511
-21	536	510
-21	531	510
-22	524	511
-22	518	510
-23	513	511
-23	505	511
-24	501	511
-24	494	511
-25	489	511
-25	487	511
-26	483	510
-26	485	510
-27	482	510
-27	482	510
-28	488	510
-28	488	511
-29	496	511
-29	496	511
-30	501	510
-30	511	511
-31	511	511
-31	522	510
-32	520	510
-32	523	510
-33	535	510
-33	529	510
-34	535	510
-34	531	511
-35	531	511
-35	534	511
-36	529	510
-36	530	510
-37	522	511
-37	519	511
-38	527	511
-38	513	510
-39	520	511
-39	504	510
-40	501	510
-40	513	509
-41	494	510
-41	508	510
-42	486	510
-42	483	510
-43	499	509
-43	473	510
-44	492	506
-44	461	510
-45	454	511
-45	504	503
-46	439	510
-46	500	503
-47	424	510
-47	418	509
-48	479	501
-48	405	509
-49	472	501
-49	400	509
-50	398	510
-50	468	500
-51	395	510
-51	438	496
-52	408	509
-52	359	508
-53	458	489
-53	247	509
-54	377	492
-54	257	508
-55	271	508
-55	440	490
-56	303	509
-56	513	491
-57	332	508
-57	345	508
-58	600	489
-58	369	508
-59	657	486
-59	391	508
-60	400	508
-60	698	490
-61	393	507
-61	650	486
-62	389	508
-62	397	507
-63	626	486
-63	418	507
-64	603	489
-64	437	507
-65	446	508
-65	542	485
-66	463	507
-66	513	486
-67	479	507
-67	486	507
-68	486	485
-68	471	506
-69	415	479
-69	436	507
-70	434	506
-70	335	482
-71	449	506
-71	331	479
-72	469	506
-72	477	507
-73	340	480
-73	495	506
-74	342	481
-74	511	505
-75	519	506
-75	356	480
-76	524	505
-76	330	480
-77	479	505
-77	458	505
-78	290	481
-78	455	506
-79	305	486
-79	476	505
-80	487	505
-80	328	484
-81	507	505
-81	344	483
-82	525	505
-82	534	505
-83	367	484
-83	551	504
-84	367	480
-84	526	503
-85	498	504
-85	306	482
-86	462	503
-86	304	484
-87	479	503
-87	490	503
-88	331	484
-88	512	503
-89	348	484
-89	532	503
-90	543	503
-90	375	484
-91	563	502
-91	391	484
-92	574	501
-92	550	500
-93	339	483
-93	492	501
-94	310	485
-94	476	501
-95	488	501
-95	330	486
-96	513	501
-96	349	487
-97	536	500
-97	547	500
-98	379	487
-98	570	500
-99	399	489
-99	592	501
-100	597	500
-100	380	487
-101	538	498
-101	331	485
-102	492	497
-102	486	498
-103	327	490
-103	511	497
-104	348	486
-104	537	496
-105	548	497
-105	382	488
-106	573	496
-106	404	487
-107	596	497
-107	608	498
-108	425	485
-108	595	494
-109	368	487
-109	530	494
-110	508	492
-110	322	488
-111	507	494
-111	344	491
-112	537	493
-112	547	492
-113	381	489
-113	573	492
-114	405	491
-114	598	493
-115	609	492
-115	438	488
-116	632	494
-116	421	488
-117	580	489
-117	550	487
-118	335	488
-118	513	485
-119	337	491
-119	532	488
-120	546	484
-120	377	489
-121	573	487
-121	402	492
-122	598	490
-122	610	487
-123	437	490
-123	634	489
-124	456	490
-124	636	485
-125	604	482
-125	376	490
-126	545	481
-126	335	490
-127	527	481
-127	542	482
-128	370	492
-128	572	480
-129	396	491
-129	596	479
-130	609	482
-130	434	491
-131	632	481
-131	457	491
-132	655	482
-132	654	480
-133	424	491
-133	591	474
-134	365	488
-134	539	471
-135	533	477
-135	362	491
-136	559	472
-136	390	491
-137	585	474
-137	597	474
-138	428	491
-138	621	470
-139	452	492
-139	645	476
-140	657	478
-140	470	489
-141	632	465
-141	407	490
-142	570	469
-142	545	466
-143	352	491
-143	541	466
-144	379	493
-144	570	468
-145	584	466
-145	421	492
-146	609	465
-146	447	492
-147	634	471
-147	647	468
-148	482	491
-148	667	464
-149	461	491
-149	610	462
-150	577	462
-150	371	491
-151	536	462
-151	368	492
-152	555	462
-152	571	464
-153	410	495
-153	600	463
-154	438	494
-154	623	463
-155	635	461
-155	475	492
-156	658	465
-156	495	493
-157	659	461
-157	634	459
-158	409	491
-158	567	458
-159	368	492
-159	544	460
-160	559	463
-160	400	495
-161	593	462
-161	428	494
-162	620	460
-162	633	461
-163	467	494
-163	656	462
-164	492	496
-164	682	463
-165	680	456
-165	455	491
-166	641	457
-166	391	491
-167	582	461
-167	571	462
-168	383	494
-168	611	463
-169	409	492
-169	648	463
-170	657	465
-170	446	491
-171	666	463
-171	474	492
-172	698	461
-172	709	462
-173	497	492
-173	704	460
-174	421	490
-174	744	462
-175	715	464
-175	364	489
-176	728	466
-176	390	490
-177	763	468
-177	752	469
-178	433	489
-178	798	468
-179	459	490
-179	822	465
-180	798	465
-180	498	490
-181	801	463
-181	474	489
-182	709	465
-182	599	465
-183	382	488
-183	534	466
-184	377	489
-184	523	467
-185	538	466
-185	422	491
-186	547	466
-186	450	490
-187	616	466
-187	644	467
-188	488	491
-188	731	468
-189	508	490
-189	657	464
-190	540	462
-190	421	489
-191	441	465
-191	377	491
-192	422	467
-192	435	466
-193	410	489
-193	464	467
-194	440	492
-194	493	467
-195	510	467
-195	480	490
-196	546	466
-196	505	490
-197	590	465
-197	555	463
-198	467	490
-198	473	465
-199	402	489
-199	423	466
-200	417	467
-200	394	491
-201	446	467
-201	426	492
-202	477	468
-202	491	468
-203	469	490
-203	519	468
-204	496	491
-204	546	467
-205	559	466
-205	517	489
-206	525	465
-206	454	487
-207	452	467
-207	428	468
-208	393	486
-208	428	470
-209	418	487
-209	460	471
-210	475	471
-210	466	487
-211	504	471
-211	492	487
-212	532	469
-212	546	470
-213	528	488
-213	563	467
-214	508	485
-214	498	469
-215	462	470
-215	418	483
-216	422	471
-216	411	484
-217	443	472
-217	459	473
-218	459	483
-218	489	473
-219	488	484
-219	518	472
-220	533	472
-220	526	485
-221	560	471
-221	548	484
-222	549	471
-222	513	470
-223	467	479
-223	443	473
-224	419	479
-224	425	476
-225	440	476
-225	453	479
-226	472	476
-226	485	478
-227	503	476
-227	518	476
-228	526	481
-228	547	475
-229	549	482
-229	573	472
-230	562	472
-230	522	475
-231	486	474
-231	453	475
-232	434	476
-232	428	476
-233	439	477
-233	457	476
-234	473	476
-234	489	477
-235	504	476
-235	518	477
-236	533	476
-236	546	477
-237	561	476
-237	574	476
-238	570	476
-238	539	474
-239	499	474
-239	465	474
-240	441	475
-240	430	475
-241	438	477
-241	455	476
-242	471	477
-242	487	476
-243	503	476
-243	518	477
-244	532	477
-244	547	476
-245	560	477
-245	573	476
-246	578	475
-246	551	474
-247	512	474
-247	476	474
-248	450	475
-248	434	475
-249	438	476
-249	454	476
-250	470	476
-250	486	476
-251	502	476
-251	517	476
-252	532	476
-252	546	476
-253	559	476
-253	573	477
-254	583	475
-254	562	474
-255	526	473
-255	487	474
-254	455	474
-254	437	475
-253	434	476
-253	448	476
-252	466	476
-252	482	476
-251	498	476
-251	513	476
-250	528	476
-250	543	475
-249	557	476
-249	570	477
-248	583	476
-248	572	474
-247	537	473
-247	498	474
-246	465	474
-246	444	474
-245	436	475
-245	445	476
-244	462	476
-244	479	476
-243	494	475
-243	510	476
-242	525	476
-242	539	475
-241	553	476
-241	566	476
-240	580	476
-240	586	474
-239	555	473
-239	516	474
-238	481	474
-238	451	474
-237	436	475
-237	438	476
-236	454	476
-236	471	475
-235	487	476
-235	502	476
-234	517	475
-234	532	475
-233	547	476
-233	560	475
-232	574	476
-232	586	473
-231	565	473
-231	529	473
-230	492	474
-230	463	474
-229	442	474
-229	436	475
-228	448	476
-228	466	476
-227	482	475
-227	498	476
-226	513	475
-226	528	474
-225	542	473
-225	557	472
-224	571	472
-224	584	470
-223	581	469
-223	549	469
-222	509	471
-222	477	471
-221	448	472
-221	437	472
-220	440	473
-220	457	473
-219	474	473
-219	490	472
-218	507	472
-218	520	471
-217	535	470
-217	549	470
-216	563	470
-216	576	468
-215	585	467
-215	565	465
-214	526	467
-214	490	468
-213	458	469
-213	440	468
-212	436	470
-212	449	470
-211	466	470
-211	482	469
-210	497	469
-210	512	469
-209	527	469
-209	542	467
-208	555	467
-208	568	465
-207	582	466
-207	579	462
-206	546	463
-206	505	464
-205	471	466
-205	445	466
-204	434	466
-204	440	467
-203	456	467
-203	472	467
-202	487	466
-202	503	466
-201	518	465
-201	532	465
-200	546	465
-200	560	464
-199	575	465
-199	591	463
-198	556	460
-198	517	461
-197	482	461
-197	452	464
-196	436	464
-196	434	466
-195	448	466
-195	464	465
-194	480	465
-194	495	465
-193	511	464
-193	531	464
-192	558	464
-192	607	464
-191	656	464
-191	743	465
-190	723	462
-190	614	461
-189	512	461
-189	480	461
-188	455	462
-188	455	463
-187	461	465
-187	411	489
-186	505	465
-186	537	464
-185	563	464
-185	635	466
-184	691	465
-184	788	467
-183	850	467
-183	886	463
-182	878	461
-182	902	461
-181	464	486
-181	657	463
-180	629	464
-180	644	465
-179	640	467
-179	683	467
-178	700	467
-178	744	467
-177	767	467
-177	837	464
-176	823	464
-176	484	488
-175	754	461
-175	740	460
-174	742	458
-174	740	456
-173	744	457
-173	771	461
-172	753	461
-172	700	461
-171	686	462
-171	666	462
-170	406	490
-170	679	461
-169	695	461
-169	684	460
-168	683	460
-168	700	460
-167	701	456
-167	704	461
-166	708	458
-166	718	456
-165	698	453
-165	680	455
-164	657	456
-164	622	455
-163	600	458
-163	592	457
-162	406	494
-162	620	458
-161	634	459
-161	643	458
-160	650	457
-160	476	492
-159	489	492
-159	685	460
-158	694	460
-158	704	461
-157	698	458
-157	669	454
-156	638	457
-156	603	453
-155	579	459
-155	381	457
-154	394	493
-154	593	458
-153	608	461
-153	622	460
-152	635	461
-152	645	460
-151	655	462
-151	663	463
-150	678	464
-150	694	468
-149	510	491
-149	669	461
-148	636	457
-148	606	460
-147	579	459
-147	564	462
-146	383	491
-146	579	464
-145	594	461
-145	609	464
-144	623	462
-144	638	467
-143	648	463
-143	656	471
-142	671	467
-142	686	472
-141	509	489
-141	692	470
-140	653	462
-140	624	468
-139	594	464
-139	573	465
-138	564	469
-138	575	465
-137	590	472
-137	604	469
-136	618	470
-136	438	489
-135	640	471
-135	651	475
-134	664	475
-134	678	480
-133	692	479
-133	701	479
-132	672	474
-132	632	471
-131	606	473
-131	376	471
-130	567	475
-130	570	476
-129	584	477
-129	598	476
-128	611	476
-128	622	478
-127	631	481
-127	639	482
-126	655	482
-126	669	485
-125	682	483
-125	694	488
-124	684	484
-124	648	482
-123	608	478
-123	582	480
-122	563	483
-122	556	480
-121	567	484
-121	581	481
-120	594	485
-120	604	485
-119	614	485
-119	626	487
-118	641	487
-118	654	490
-117	667	491
-117	679	493
-116	686	491
-116	656	488
-115	614	487
-115	578	488
-114	559	487
-114	547	489
-113	552	487
-113	564	490
-112	577	490
-112	587	491
-111	598	490
-111	612	493
-110	626	493
-110	640	494
-109	653	495
-109	666	495
-108	677	496
-108	666	495
-107	629	492
-107	587	493
-106	557	491
-106	541	494
-105	539	493
-105	549	495
-104	561	495
-104	572	494
-103	586	496
-103	600	495
-102	614	497
-102	627	496
-101	641	499
-101	654	499
-100	666	499
-100	672	498
-99	643	497
-99	601	497
-98	563	496
-98	541	497
-97	531	497
-97	538	498
-96	549	498
-96	563	498
-95	577	498
-95	590	500
-94	602	499
-94	616	500
-93	629	500
-93	642	500
-92	655	502
-92	667	502
-91	657	500
-91	621	499
-90	582	500
-90	552	501
-89	533	501
-89	532	501
-88	544	502
-88	558	502
-87	574	501
-87	584	501
-86	597	501
-86	611	502
-85	622	502
-85	634	503
-84	646	502
-84	658	504
-83	664	503
-83	642	503
-82	603	502
-82	570	503
-81	546	503
-81	535	504
-80	542	503
-80	557	504
-79	569	503
-79	583	504
-78	595	504
-78	608	504
-77	619	504
-77	631	505
-76	642	504
-76	651	504
-75	660	504
-75	654	505
-74	626	504
-74	596	504
-73	566	505
-73	551	505
-72	548	505
-72	561	505
-71	574	506
-71	587	506
-70	598	505
-70	609	505
-69	619	505
-69	629	505
-68	638	505
-68	648	506
-67	654	505
-67	657	506
-66	638	505
-66	611	506
-65	582	506
-65	563	506
-64	551	506
-64	560	506
-63	567	506
-63	581	506
-62	593	506
-62	605	507
-61	613	506
-61	624	506
-60	629	506
-60	643	507
-59	649	506
-59	659	506
-58	657	507
-58	641	507
-57	617	506
-57	596	506
-56	583	507
-56	583	507
-55	589	508
-55	601	507
-54	610	507
-54	621	508
-53	629	507
-53	639	507
-52	647	507
-52	656	508
-51	663	507
-51	674	507
-50	684	508
-50	687	508
-49	682	509
-49	793	508
-48	846	508
-48	865	508
-47	866	507
-47	870	508
-46	868	508
-46	900	508
-45	935	508
-45	956	509
-44	960	508
-44	960	508
-43	951	509
-43	943	509
-42	928	508
-42	913	508
-41	893	509
-41	869	509
-40	842	509
-40	808	508
-39	767	509
-39	721	509
-38	673	509
-38	622	509
-37	571	509
-37	522	509
-36	477	509
-36	433	509
-35	393	509
-35	359	508
-34	331	509
-34	311	509
-33	300	509
-33	295	508
-32	300	509
-32	312	508
-31	332	508
-31	358	509
-30	389	509
-30	424	509
-29	461	509
-29	499	509
-28	537	509
-28	571	508
-27	602	510
-27	630	509
-26	653	509
-26	669	508
-25	678	509
-25	682	509
-24	677	508
-24	668	508
-23	652	509
-23	631	508
-22	606	509
-22	578	509
-21	549	509
-21	518	508
-20	488	509
-20	460	508
-19	434	509
-19	413	509
-18	395	509
-18	383	509
-17	376	509
-17	374	509
-16	377	508
-16	385	509
-15	398	509
-15	415	508
-14	435	508
-14	458	508
-13	481	509
-13	505	509
-12	529	508
-12	552	508
-11	572	509
-11	589	509
-10	603	509
-10	612	508
-9	617	509
-9	619	509
-8	616	508
-8	609	509
-7	598	509
-7	585	509
-6	568	509
-6	550	509
-5	531	509
-5	512	509
-4	493	509
-4	475	509
-3	460	509
-3	446	509
-2	435	509
-2	428	509
-1	424	509
-1	423	509
0	426	509
0	457	511
1	464	510
1	473	510
2	483	510
2	493	510
3	504	510
3	515	510
4	525	510
4	535	510
5	543	510
5	550	510
6	554	510
6	558	510
7	559	510
7	558	509
8	555	510
8	550	510
9	545	510
9	538	510
10	530	509
10	522	510
11	514	510
11	504	510
12	496	509
12	489	509
13	483	510
13	478	509
14	474	510
14	472	510
15	471	510
15	473	510
16	474	510
16	478	509
17	483	510
17	489	510
18	495	510
18	502	509
19	509	510
19	516	510
20	522	510
20	528	510
21	533	510
21	536	509
22	540	510
22	541	510
23	541	509
23	540	510
24	538	510
24	535	510
25	530	511
25	526	510
26	521	509
26	515	509
27	510	510
27	505	510
28	499	509
28	495	510
29	491	510
29	488	509
30	486	510
30	484	509
31	484	510
31	485	510
32	487	510
32	494	510
33	493	510
33	497	510
34	501	509
34	506	510
35	521	510
35	516	510
36	520	510
36	524	511
37	527	510
37	529	511
38	530	510
38	531	510
39	531	510
39	529	510
40	527	510
40	541	510
41	523	510
41	520	510
42	517	510
42	515	510
43	515	510
43	513	510
44	514	510
44	519	510
45	521	511
45	558	512
46	535	510
46	546	510
47	555	510
47	565	511
48	574	510
48	583	511
49	591	511
49	600	511
50	606	510
50	613	511
51	554	516
51	625	511
52	629	511
52	633	511
53	635	510
53	476	511
54	637	511
54	637	510
55	636	510
55	634	511
56	631	511
56	524	521
57	623	511
57	620	511
58	615	511
58	607	510
59	599	510
59	669	511
60	727	511
60	743	511
61	740	511
61	1007	511
62	994	526
62	695	512
63	689	512
63	677	511
64	661	512
64	856	530
65	842	529
65	808	533
66	802	532
66	782	535
67	653	512
67	657	513
68	649	512
68	641	512
69	629	513
69	651	534
70	610	513
70	601	513
71	592	513
71	584	513
72	574	513
72	519	538
73	513	537
73	484	536
74	487	541
74	487	538
75	598	514
75	511	540
76	514	534
76	500	538
77	591	514
77	582	514
78	466	536
78	457	536
79	446	537
79	438	533
80	428	538
80	531	514
81	412	535
81	406	537
82	408	538
82	432	538
83	459	539
83	587	515
84	594	516
84	588	515
85	577	515
85	568	516
86	454	536
86	549	516
87	540	516
87	532	516
88	522	517
88	514	517
89	399	535
89	393	531
90	390	537
90	412	533
91	441	538
91	572	518
92	585	519
92	588	517
93	575	518
93	565	519
94	455	535
94	546	519
95	534	519
95	528	519
96	517	518
96	510	519
97	392	534
97	494	519
98	491	519
98	507	521
99	534	521
99	461	520
100	482	531
