V2_mean	Isense_mean	dt	V2Ref_set
510	510	500	61
PWM	V2_read	Isense_read
0	510	510
0	510	511
0	509	510
0	510	511
0	510	511
0	510	510
0	510	510
0	509	510
0	510	510
0	510	511
0	510	510
0	510	510
0	510	510
0	510	510
0	510	510
0	510	510
0	510	510
0	510	510
0	510	511
0	510	510
0	510	510
0	510	510
0	510	510
0	510	511
0	510	511
0	510	510
0	510	511
0	510	510
0	510	510
0	510	510
0	510	510
0	510	510
0	510	510
0	510	510
0	510	510
0	510	510
0	510	510
0	510	510
0	510	510
0	510	510
0	510	511
0	510	510
0	509	510
0	510	511
0	510	511
0	510	510
0	509	511
0	510	510
0	510	510
0	510	511
0	509	510
0	510	510
0	510	510
0	510	510
0	510	510
0	510	510
0	510	510
0	510	510
0	510	510
0	510	510
0	510	510
0	510	510
0	510	511
0	510	510
0	510	510
0	510	510
0	510	510
0	510	510
0	510	510
0	510	510
0	510	510
0	510	511
0	510	510
0	510	510
0	510	510
0	509	510
0	510	510
0	510	510
0	510	510
0	510	511
0	510	510
0	511	510
0	510	510
0	510	511
0	510	510
0	510	510
0	510	511
0	510	510
0	510	510
0	510	510
0	510	510
0	510	510
0	510	511
0	510	510
0	510	510
0	510	510
0	510	510
0	510	510
0	509	511
0	510	510
0	510	511
0	510	510
0	510	510
0	510	510
0	510	511
0	510	510
0	510	510
0	510	510
0	510	510
0	508	510
0	509	510
0	510	510
0	510	510
0	510	511
0	510	510
0	510	510
0	510	511
0	510	510
0	510	510
0	510	510
0	510	510
0	510	510
0	510	510
0	510	510
0	510	511
0	510	511
0	510	511
0	510	510
0	508	511
0	510	509
0	510	510
0	510	510
0	510	511
0	510	511
0	510	510
0	510	510
0	510	510
0	510	511
0	510	510
0	510	510
0	510	510
0	510	510
0	509	510
0	509	510
0	510	510
0	510	510
0	510	510
0	510	511
0	510	510
0	510	510
0	510	511
0	510	511
0	510	510
0	510	510
0	510	511
0	510	511
0	510	510
0	510	510
0	510	510
0	510	510
0	510	510
0	511	510
0	510	510
0	510	510
0	510	510
0	510	510
0	510	510
0	510	510
0	510	510
0	510	510
0	510	510
0	510	511
0	510	510
0	510	510
0	510	510
0	510	510
0	510	510
0	510	510
0	510	510
0	509	510
0	510	510
0	510	511
0	510	510
0	510	511
0	510	510
0	510	510
0	510	510
0	510	511
0	511	510
0	510	509
0	510	510
0	510	511
0	510	511
0	510	511
0	510	510
0	511	510
0	510	510
0	510	510
0	510	510
0	510	510
39	511	510
40	520	510
41	519	510
43	513	510
46	517	510
49	543	511
53	612	511
54	771	513
54	766	511
51	657	515
47	883	511
40	775	511
-46	772	511
-57	592	509
-66	437	518
-75	451	520
-82	407	511
-87	413	512
-90	425	512
-92	458	517
-92	439	512
-91	462	517
-89	445	512
-86	468	515
-81	469	514
-75	430	512
-68	474	516
-60	429	511
-49	431	510
39	349	508
54	262	509
69	836	516
83	569	509
97	548	514
112	513	508
126	543	507
142	550	502
157	496	574
174	396	509
193	399	511
214	526	508
255	505	505
255	505	501
255	501	509
255	502	507
255	505	503
255	212	510
255	502	508
255	504	505
255	479	535
255	501	510
255	503	506
255	504	500
255	501	509
255	502	507
255	505	502
255	502	510
255	502	508
255	504	504
255	465	576
255	501	509
255	503	506
255	503	501
255	501	509
255	502	507
255	504	501
255	501	510
255	501	507
255	503	504
255	445	606
255	500	509
255	502	506
255	501	501
255	500	509
255	502	507
255	504	501
255	500	509
255	501	509
255	502	503
255	432	602
255	501	509
255	502	505
255	500	503
255	500	509
255	501	507
255	504	501
255	500	509
255	501	508
255	503	503
255	424	548
255	501	508
255	502	505
255	498	503
255	500	510
255	501	506
255	504	501
255	500	510
255	501	508
255	503	503
255	433	528
255	501	509
255	502	505
255	496	506
255	501	509
255	501	507
255	504	501
255	500	509
255	501	507
255	503	503
255	406	519
255	500	509
255	503	504
255	494	507
255	500	508
255	501	506
255	504	501
255	500	510
255	501	508
255	503	503
255	509	518
255	500	509
255	502	505
255	492	512
255	500	509
255	501	507
255	504	501
255	502	509
255	500	507
255	503	503
255	577	509
255	500	508
255	502	505
255	490	513
255	500	509
255	501	506
-255	503	501
-255	498	517
-255	497	517
-255	498	516
-255	498	516
-255	500	515
-255	500	515
-255	500	514
-255	501	514
-255	501	513
-255	502	513
-255	502	513
-255	503	513
-255	503	512
-255	504	512
-255	504	512
-255	505	512
-255	505	511
-255	505	511
-255	506	511
-255	506	512
-255	507	512
-255	507	511
-255	507	511
-255	507	510
-255	508	511
-255	508	510
-255	508	510
-255	509	510
-255	509	510
-255	500	496
-255	13	414
-255	607	447
-255	506	493
-255	513	512
-255	507	517
-255	506	519
-255	506	519
-255	506	520
-255	506	519
-255	506	519
-255	507	518
-255	509	517
-255	509	516
-255	509	516
-255	510	516
-255	512	515
-255	511	515
-255	511	514
-144	511	514
72	845	467
210	544	509
255	520	509
255	515	504
255	506	508
255	513	508
255	514	505
255	516	500
255	512	508
255	512	507
255	514	500
255	154	509
255	511	508
255	513	504
255	477	564
255	510	508
255	512	505
255	491	528
255	510	509
255	511	506
255	513	501
255	509	509
255	509	507
255	511	503
255	505	510
255	509	508
255	510	505
255	505	504
255	508	509
255	508	506
255	511	500
255	507	508
255	507	507
255	510	502
255	562	509
255	507	508
255	508	504
255	493	518
255	506	509
255	507	506
-255	509	500
-255	502	516
-255	502	515
-255	503	515
-255	506	515
-255	504	514
-255	505	514
-255	505	513
-255	505	514
-255	506	513
-255	507	513
-255	507	513
-255	507	511
-255	508	512
-255	508	512
-255	509	512
-255	509	512
-255	510	511
-255	509	511
-255	510	511
-255	510	511
-255	510	511
-255	510	510
-255	511	510
-255	511	510
-255	512	509
-255	512	510
-255	512	501
-255	100	430
-255	482	437
-255	522	489
-255	513	511
-188	510	518
84	512	513
255	523	508
255	517	502
255	568	508
255	513	508
255	515	504
255	495	527
255	512	508
255	514	504
255	503	511
255	511	509
255	512	505
255	514	500
255	510	509
255	511	506
255	514	500
255	510	509
255	510	507
255	513	501
255	509	509
255	509	507
255	512	503
255	435	520
255	509	508
255	510	504
255	438	597
255	508	509
255	509	505
255	506	500
255	507	509
-255	508	507
-255	504	516
-255	503	516
-255	504	515
-255	505	514
-255	506	513
-255	506	514
-255	507	513
-255	507	513
-255	507	513
-255	508	512
-255	508	512
-255	509	512
-255	509	511
-255	509	511
-255	509	510
-255	510	511
-255	510	511
-255	510	511
-255	511	511
-255	511	511
-255	511	510
-255	511	511
-255	511	510
-255	512	510
-255	512	510
-43	512	496
255	457	509
255	458	604
255	515	508
255	516	503
255	481	560
255	513	508
255	515	505
255	515	500
255	512	509
255	515	507
255	515	499
255	512	509
255	512	506
255	515	501
255	511	508
255	511	507
255	515	502
255	344	509
255	510	508
255	512	504
255	473	576
255	510	507
255	511	504
255	489	530
-255	509	508
-255	505	516
-255	505	515
-255	506	515
-255	506	515
-255	507	514
-255	507	513
-255	508	513
-255	508	512
-255	509	513
-255	509	512
-255	509	513
-255	509	512
-255	510	512
-255	510	512
-255	510	512
-255	512	512
-255	511	512
-255	511	512
-255	511	512
-255	512	512
-255	512	511
-255	512	511
118	512	511
255	556	507
255	517	502
255	432	518
255	513	508
255	514	504
255	429	534
255	513	507
255	516	504
255	507	505
255	511	509
255	511	506
255	514	499
255	510	508
255	511	506
255	513	500
255	509	509
255	510	508
255	511	504
255	488	534
255	509	508
255	511	505
-255	499	511
-255	504	517
-255	504	517
-255	506	516
-255	506	516
-255	505	516
-255	506	516
-255	506	515
-255	507	515
-255	507	516
-255	507	515
-255	508	514
-255	508	514
-255	508	514
-255	510	513
-255	509	513
-255	509	513
-255	510	513
-255	510	513
-255	511	513
46	511	513
255	551	510
255	471	579
255	511	508
255	513	506
255	513	500
255	511	509
255	512	506
255	514	499
255	510	509
255	511	506
255	513	500
255	509	509
255	510	507
255	513	503
255	159	509
255	509	507
255	512	502
255	542	518
255	508	508
-255	510	504
-255	504	515
-255	505	515
-255	505	514
-255	505	515
-255	508	515
-255	506	514
-255	507	514
-255	508	515
-255	507	514
-255	507	514
-255	508	513
-255	508	513
-255	508	513
-255	510	513
-255	510	512
-255	509	513
-255	510	512
-114	510	512
255	503	503
255	513	500
255	512	508
255	515	504
255	499	519
255	512	508
255	513	505
255	515	500
255	511	508
255	512	506
255	510	502
255	510	508
255	511	506
255	516	501
255	509	509
255	510	507
255	512	503
255	509	509
-255	509	507
-255	505	514
-255	506	514
-255	506	516
-255	506	515
-255	508	515
-255	507	514
-255	508	514
-255	508	514
-255	508	513
-255	508	515
-255	511	513
-255	509	513
-255	510	513
-255	510	512
-255	510	512
-255	511	512
208	511	513
255	415	513
255	513	507
255	515	503
255	478	566
255	512	508
255	513	505
255	437	524
255	512	508
255	514	505
255	503	509
255	510	509
255	511	506
255	513	500
255	508	508
255	510	506
255	513	500
-255	508	509
-255	504	517
-255	506	516
-255	505	516
-255	507	515
-255	508	515
-255	507	514
-255	508	513
-255	508	515
-255	508	514
-255	509	514
-255	509	512
-255	510	512
-255	510	511
-255	510	511
-195	511	512
255	507	520
255	512	502
255	513	507
255	515	504
255	493	530
255	512	508
255	514	503
255	436	588
255	510	508
255	512	505
255	508	503
255	510	508
255	511	506
255	489	534
255	509	508
255	510	505
-255	512	500
-255	505	516
-255	505	515
-255	508	515
-255	506	514
-255	507	514
-255	508	513
-255	508	513
-255	508	514
-255	509	513
-255	509	513
-255	509	513
-255	510	513
-255	510	512
-187	510	512
255	506	520
255	511	503
255	512	509
255	514	505
255	514	501
255	511	508
255	512	506
255	514	499
255	511	509
255	511	506
255	514	502
255	503	509
255	510	508
255	512	503
255	509	509
-255	509	507
-255	506	514
-255	506	514
-255	507	514
-255	507	514
-255	508	513
-255	508	513
-255	508	513
-255	509	513
-255	508	512
-255	509	513
-255	509	512
-255	510	513
-255	510	513
140	510	512
255	592	505
255	514	503
255	480	559
255	511	508
255	513	505
255	497	519
255	511	508
255	512	505
255	513	500
255	509	509
255	510	507
255	512	502
255	509	509
-255	509	507
-255	506	514
-255	506	513
-255	506	515
-255	507	514
-255	507	513
-255	508	513
-255	508	513
-255	507	513
-255	509	512
-255	509	514
-255	509	513
-255	510	512
-255	510	512
106	510	512
255	551	507
255	515	500
255	511	508
255	512	507
255	514	502
255	507	509
255	511	508
255	513	503
255	466	589
255	510	508
255	512	504
255	490	530
255	509	508
-255	510	505
-255	505	515
-255	506	515
-255	505	516
-255	506	515
-255	507	514
-255	507	514
-255	508	513
-255	508	514
-255	509	513
-255	509	513
-255	509	513
-255	509	513
148	510	513
255	460	504
255	513	506
255	515	499
255	511	508
255	512	505
255	513	499
255	510	510
255	509	507
255	513	502
255	508	509
255	510	507
255	513	500
-255	509	509
-255	506	514
-255	506	515
-255	506	514
-255	507	514
-255	507	513
-255	507	513
-255	508	513
-255	509	513
-255	509	513
-255	509	513
-255	509	513
-255	509	512
255	510	513
255	511	501
255	512	508
255	513	504
255	497	521
255	511	509
255	520	506
255	506	505
255	510	509
255	511	506
255	514	500
255	509	510
255	510	508
-255	512	503
-255	505	516
-255	506	516
-255	506	515
-255	506	515
-255	508	515
-255	508	514
-255	508	514
-255	508	514
-255	508	514
-255	509	514
-255	509	513
255	509	514
255	510	502
255	511	508
255	512	506
255	515	500
255	511	509
255	511	507
255	514	501
255	510	509
255	511	507
255	512	504
255	504	505
-255	509	508
-255	506	514
-255	506	515
-255	507	515
-255	507	515
-255	508	514
-255	508	514
-255	508	513
-255	509	513
-255	509	513
-255	510	513
-255	509	513
255	510	513
255	440	509
255	512	507
255	514	504
255	495	522
255	511	508
255	512	505
255	514	499
255	510	508
255	512	505
255	510	500
255	509	508
-255	510	506
-255	506	515
-255	506	514
-255	506	515
-255	507	515
-255	508	514
-255	508	514
-255	508	514
-255	508	514
-255	509	514
-255	509	513
104	509	513
255	552	507
255	515	500
255	511	509
255	511	507
255	513	503
255	509	510
255	510	507
255	512	503
255	472	573
255	509	508
255	511	504
-255	493	523
-255	506	516
-255	505	515
-255	506	515
-255	506	514
-255	506	516
-255	506	515
-255	508	514
-255	508	513
-255	508	513
-255	508	512
255	509	512
255	468	584
255	511	508
255	513	505
255	513	499
255	510	509
255	511	506
255	514	500
255	510	509
255	511	507
255	513	501
-255	132	509
-255	504	517
-255	505	516
-255	506	515
-255	506	515
-255	507	515
-255	508	514
-255	508	514
-255	508	515
-255	508	514
-255	509	514
255	509	512
255	511	501
255	511	508
255	512	506
255	513	500
255	511	510
255	512	506
255	514	501
255	510	509
255	511	507
255	513	502
-255	240	509
-255	506	515
-255	506	515
-255	507	515
-255	507	515
-255	508	514
-255	508	514
-255	509	514
-255	509	512
-255	510	512
255	510	512
255	593	509
255	512	507
255	513	504
255	498	517
255	511	509
255	516	505
255	507	504
255	510	508
255	511	507
-255	513	500
-255	506	515
-255	506	516
-255	506	515
-255	507	515
-255	508	514
-255	508	514
-255	508	514
-255	509	513
-255	509	513
-139	509	514
255	485	505
255	481	556
255	512	507
255	514	506
255	514	500
255	511	508
255	512	506
255	515	500
255	510	509
255	511	506
-255	513	502
-255	506	516
-255	506	517
-255	507	516
-255	507	515
-255	508	513
-255	509	514
-255	509	513
-255	509	513
-255	509	513
255	510	512
255	496	523
255	512	507
255	513	505
255	515	499
255	511	509
255	512	507
255	514	500
255	510	508
255	511	507
-255	514	501
-255	506	515
-255	508	514
-255	508	514
-255	508	514
-255	509	513
-255	509	513
-255	509	514
-255	509	514
-41	510	513
255	453	508
255	545	518
255	513	508
255	515	504
255	505	509
255	512	508
255	513	506
255	510	502
255	511	508
-255	511	506
-255	507	516
-255	506	517
-255	507	517
-255	507	516
-255	508	515
-255	509	515
-255	509	514
-255	510	514
-216	510	514
255	507	510
255	511	502
255	513	508
255	514	505
255	515	500
255	512	509
255	513	505
255	515	499
255	511	509
-255	512	507
-255	508	515
-255	508	515
-255	508	515
-255	508	515
-255	509	514
-255	509	514
-255	510	512
-255	510	512
-146	510	512
255	486	506
255	513	501
255	513	509
255	514	507
255	501	516
255	512	508
255	513	505
255	466	594
255	512	507
-255	515	501
-255	507	515
-255	508	515
-255	508	514
-255	509	514
-255	509	513
-255	509	514
-255	510	513
-255	510	513
255	511	513
255	454	514
255	513	507
255	515	502
255	410	512
255	512	508
255	513	504
255	509	502
255	511	508
-255	512	505
-255	508	514
-255	508	514
-255	507	516
-255	508	515
-255	508	515
-255	509	514
-255	509	514
-255	510	513
178	510	513
255	547	507
255	512	508
255	515	503
255	511	508
255	512	506
255	515	500
255	511	509
255	512	507
-255	514	499
-255	507	516
-255	507	515
-255	508	514
-255	508	514
-255	509	513
-255	509	514
-255	509	514
-255	510	513
255	510	513
255	513	501
255	512	509
255	513	507
255	504	510
255	511	508
255	512	506
255	514	500
255	510	508
-255	512	505
-255	507	514
-255	507	514
-255	508	513
-255	508	513
-255	509	513
-255	508	514
-255	508	515
-102	509	514
255	506	511
255	513	500
255	512	508
255	513	507
255	503	511
255	512	508
255	513	505
255	510	500
-255	511	509
-255	508	515
-255	508	514
-255	507	515
-255	508	515
-255	508	515
-255	509	514
-255	509	515
-255	509	514
255	509	514
255	475	571
255	512	508
255	514	503
255	498	520
255	512	507
255	515	501
255	181	509
-255	511	508
-255	507	515
-255	508	514
-255	507	515
-255	505	518
-255	507	517
-255	507	517
-255	508	516
-151	506	519
255	489	515
255	513	500
255	513	508
255	513	507
255	516	500
255	512	509
255	512	507
255	514	503
-255	436	609
-255	507	516
-255	507	515
-255	508	515
-255	508	514
-255	509	514
-255	509	513
-255	510	513
255	510	512
255	505	508
255	512	508
255	513	506
255	515	500
255	510	509
255	512	507
255	514	503
-255	345	519
-255	507	516
-255	507	515
-255	508	515
-255	508	514
-255	509	514
-255	509	513
-255	509	513
55	510	512
255	554	509
255	496	522
255	511	508
255	520	506
255	514	499
255	510	509
255	512	507
255	513	502
-255	510	509
-255	506	513
-255	507	514
-255	507	513
-255	508	513
-255	508	513
-255	507	513
-42	509	512
255	442	509
255	512	509
255	512	507
255	514	503
255	453	609
255	512	508
255	513	505
-255	512	501
-255	507	516
-255	508	516
-255	508	514
-255	508	514
-255	509	514
-255	510	513
-255	510	512
207	511	513
255	470	516
255	513	508
255	515	504
255	483	551
255	512	508
255	513	505
255	514	499
-255	510	509
-255	507	516
-255	507	515
-255	508	514
-255	508	514
-255	509	514
-255	509	513
-255	509	514
255	510	513
255	507	505
255	512	508
255	513	507
255	515	500
255	511	509
255	512	507
255	514	502
-255	384	526
-255	506	516
-255	507	516
-255	507	515
-255	508	514
-255	508	514
-255	509	514
255	509	513
255	436	526
255	512	507
255	516	505
255	508	504
255	510	508
255	512	506
255	514	500
-255	510	510
-255	506	517
-255	507	516
-255	507	515
-255	508	514
-255	508	514
-255	509	513
255	509	513
255	452	610
255	512	508
255	512	506
255	515	500
255	510	509
255	511	507
255	513	503
-255	510	509
-255	507	514
-255	507	514
-255	508	513
-255	508	513
-255	509	513
-255	509	512
255	510	512
255	503	510
255	511	509
255	512	506
255	515	500
255	512	509
255	511	507
255	513	502
-255	370	518
-255	506	516
-255	506	515
-255	508	514
-255	507	514
-255	507	514
-255	508	514
255	509	513
255	507	505
255	511	509
255	512	506
255	515	501
255	510	508
255	511	507
-255	513	503
-255	507	516
-255	507	515
-255	508	514
-255	508	514
-255	508	513
-255	509	513
142	509	513
255	514	509
255	512	507
255	514	503
255	440	598
255	511	508
255	512	503
255	510	501
-255	509	508
-255	505	516
-255	506	516
-255	506	515
-255	507	515
-255	508	514
-219	508	514
255	556	428
255	503	510
255	511	508
255	512	506
255	514	499
255	510	508
255	510	507
-255	513	502
-255	505	516
-255	506	516
-255	507	515
-255	507	515
-255	507	516
-255	508	514
255	509	513
255	426	544
255	511	508
255	512	504
255	509	501
255	510	508
255	512	506
-255	514	501
-255	506	516
-255	506	517
-255	507	516
-255	507	515
-255	507	516
-255	508	513
255	509	514
255	400	539
255	511	508
255	513	505
255	510	501
255	510	509
255	511	506
-255	514	500
-255	505	517
-255	506	516
-255	507	515
-255	507	515
-255	508	515
-255	508	514
255	509	513
255	506	507
255	513	509
255	512	506
255	515	499
255	510	509
255	511	507
-255	513	503
-255	506	516
-255	507	514
-255	507	515
-255	508	514
-255	508	514
123	509	514
255	516	509
255	513	503
255	490	532
255	509	508
255	511	505
255	513	499
-255	509	509
-255	506	516
-255	506	515
-255	508	515
-255	507	515
-255	508	514
-255	509	513
255	509	513
255	505	508
255	511	509
255	512	506
255	514	500
255	510	509
255	511	507
-255	513	502
-255	506	515
-255	507	515
-255	508	515
-255	508	514
-255	508	513
181	508	514
255	600	509
255	511	507
255	513	504
255	469	576
255	510	508
255	511	505
-255	512	500
-255	506	516
-255	506	515
-255	508	515
-255	507	514
-255	507	513
-148	508	513
255	844	461
255	511	500
255	511	508
255	512	506
255	515	501
255	510	509
-255	511	508
-255	506	515
-255	507	515
-255	508	515
-255	508	514
-255	509	514
-255	509	514
255	509	513
255	506	507
255	512	509
255	513	506
255	515	500
255	511	508
-255	511	507
-255	507	516
-255	507	515
-255	508	514
-255	508	513
-255	508	514
-255	509	513
255	509	512
255	507	505
255	511	508
255	513	506
255	515	500
255	510	509
-255	511	508
-255	507	516
-255	507	515
-255	508	515
-255	508	514
-255	509	513
-255	509	513
255	510	513
255	506	507
255	512	508
255	513	506
255	515	500
255	511	509
-255	511	508
-255	507	516
-255	508	515
-255	508	515
-255	508	514
-255	509	513
-186	509	513
255	510	512
255	511	501
255	512	508
255	512	506
255	514	500
255	511	509
-255	511	507
-255	506	516
-255	507	515
-255	508	515
-255	508	514
-255	509	514
168	509	514
255	674	510
255	512	507
255	514	503
255	478	565
255	511	509
255	512	505
-255	513	500
-255	506	516
-255	507	515
-255	508	515
-255	508	515
-255	508	514
255	509	514
255	506	507
255	511	508
255	512	506
255	515	500
255	510	509
-255	511	508
-255	506	516
-255	508	515
-255	508	514
-255	508	514
-255	508	513
55	509	513
255	536	506
255	514	499
255	510	509
255	510	506
255	513	503
255	439	599
-255	510	509
-255	505	516
-255	506	516
-255	506	515
-255	507	516
-255	508	514
255	508	514
255	504	508
255	511	509
255	512	506
255	514	500
255	509	509
-255	511	507
-255	506	516
-255	506	515
-255	508	514
-255	508	514
-255	508	514
255	508	513
255	498	518
255	511	508
255	511	506
255	514	499
255	509	509
-255	510	506
-255	506	516
-255	506	515
-255	508	515
-255	507	514
-255	509	514
207	508	513
255	466	594
255	511	508
255	512	506
255	514	500
255	510	509
-255	511	507
-255	506	516
-255	506	515
-255	508	514
-255	508	514
-255	508	514
138	508	513
255	515	509
255	513	503
255	489	534
255	510	508
255	511	506
-255	513	500
-255	506	517
-255	506	516
-255	507	515
-255	508	515
-255	508	514
170	508	514
255	674	509
255	511	507
255	513	503
255	475	566
255	510	508
-255	511	506
-255	506	516
-255	506	515
-255	507	514
-255	508	514
-255	508	514
255	508	513
255	428	560
255	511	508
255	513	505
255	511	501
255	510	509
-255	511	506
-255	506	516
-255	507	516
-255	507	515
-255	508	514
-255	508	514
255	508	514
255	501	512
255	511	508
255	512	506
255	514	500
255	510	509
-255	510	507
-255	506	515
-255	507	515
-255	508	514
-255	508	514
-255	508	514
255	509	513
255	499	515
255	511	508
255	512	505
255	514	499
255	512	509
-255	511	507
-255	506	516
-255	507	515
-255	507	515
-255	508	514
207	508	514
255	515	509
255	511	507
255	513	503
255	441	614
255	510	508
-255	511	505
-255	506	516
-255	506	515
-255	507	515
-255	508	514
-255	508	514
255	508	513
255	505	508
255	511	508
255	512	506
255	514	500
255	510	509
-255	511	508
-255	506	515
-255	506	516
-255	507	514
-255	508	513
255	508	514
255	503	510
255	511	508
255	512	506
255	514	500
255	509	509
-255	510	508
-255	506	517
-255	506	516
-255	508	515
-255	507	515
-154	508	514
255	840	462
255	511	501
255	511	509
255	511	506
255	514	501
-255	510	510
-255	506	516
-255	507	515
-255	507	515
-255	508	514
-255	509	514
255	509	513
255	506	506
255	511	509
255	512	506
255	515	500
255	510	509
-255	511	507
-255	506	516
-255	507	515
-255	508	514
-255	507	514
255	509	513
255	506	507
255	511	509
255	512	506
255	515	500
255	510	509
-255	511	507
-255	506	516
-255	506	516
-255	507	515
-255	507	514
255	508	514
255	506	506
255	511	508
255	512	506
255	514	500
255	510	509
-255	510	507
-255	505	517
-255	506	516
-255	507	515
-255	507	515
255	508	515
255	506	506
255	511	508
255	512	506
255	514	500
255	510	509
-255	512	507
-255	506	515
-255	507	515
-255	508	515
-255	508	514
255	508	514
255	503	510
255	511	509
255	512	506
255	514	500
255	510	509
-255	510	507
-255	506	516
-255	506	515
-255	508	515
-255	507	514
255	508	513
255	504	507
255	510	509
255	511	506
255	514	500
255	509	509
-255	510	507
-255	506	515
-255	506	515
-255	508	515
-255	507	514
255	508	513
255	502	511
255	510	508
255	511	506
255	514	499
-255	509	509
-255	505	518
-255	506	515
-255	508	515
-255	508	514
-255	508	514
255	508	513
255	505	508
255	511	508
255	512	506
255	514	500
-255	510	510
-255	506	516
-255	507	516
-255	508	515
-255	508	515
69	509	515
255	546	506
255	514	501
255	510	509
255	510	508
255	512	504
-255	453	604
-255	506	516
-255	506	515
-255	507	514
-255	507	514
255	508	514
255	504	509
255	510	508
255	511	506
255	514	499
-255	510	509
-255	506	516
-255	506	515
-255	507	515
-255	508	515
-208	508	514
255	555	429
255	466	594
255	510	509
255	513	506
255	514	500
-255	510	509
-255	506	516
-255	507	515
-255	508	515
-255	508	514
255	508	514
255	370	530
255	511	508
255	512	505
255	509	502
-255	510	508
-255	506	516
-255	507	515
-255	507	515
-255	508	515
-86	509	514
255	864	465
255	491	534
255	512	508
255	513	507
255	515	501
-255	501	509
-255	506	516
-255	508	515
-255	508	514
-255	509	514
255	509	513
255	377	519
255	512	508
255	513	505
255	510	502
-255	511	509
-255	507	516
-255	507	515
-255	508	515
-255	508	515
255	509	514
255	504	510
255	511	508
255	512	506
255	515	500
-255	511	509
-255	506	516
-255	507	515
-255	508	515
-255	508	514
88	508	513
255	545	508
255	515	500
255	511	509
255	511	508
255	514	503
-255	460	603
-255	506	515
-255	507	515
-255	507	515
-205	508	514
255	556	424
255	507	505
255	511	508
255	512	506
255	514	500
-255	510	509
-255	506	516
-255	507	515
-255	507	515
-255	508	515
255	509	514
255	504	508
255	511	509
255	512	505
255	514	499
-255	510	509
-255	507	516
-255	507	516
-255	507	514
-255	508	514
255	509	513
255	503	510
255	511	508
255	512	506
255	515	500
-255	510	509
-255	506	516
-255	507	516
-255	507	516
-255	508	514
255	508	514
255	503	510
255	511	508
255	512	506
255	515	500
-255	511	509
-255	506	516
-255	507	515
-255	507	515
-255	508	514
255	508	513
255	505	507
255	511	508
255	512	506
255	515	499
-255	510	508
-255	507	516
-255	507	516
-255	508	514
-255	509	514
255	509	514
255	386	529
255	511	508
255	513	505
255	510	502
-255	510	509
-255	506	516
-255	507	515
-255	508	515
-57	508	515
255	469	474
255	411	518
255	512	508
255	513	504
-255	505	506
-255	507	516
-255	508	514
-255	508	515
-255	509	513
255	509	514
255	503	510
255	512	508
255	513	506
255	515	500
-255	512	509
-255	506	516
-255	506	516
-255	508	515
-255	508	515
255	509	514
255	506	507
255	512	508
255	513	506
255	515	500
-255	511	509
-255	507	516
-255	507	516
-255	508	515
-255	508	514
255	509	514
255	506	506
255	512	509
255	512	506
-255	515	500
-255	507	517
-255	507	516
-255	508	515
-255	509	514
255	509	513
255	506	507
255	512	509
255	512	505
255	515	500
-255	511	509
-255	507	515
-255	508	515
-255	509	514
-255	509	514
255	509	513
255	505	509
255	512	508
255	513	506
255	515	499
-255	510	509
-255	506	517
-255	507	517
-255	508	516
255	508	515
255	439	524
255	512	508
255	513	504
255	509	502
-255	510	508
-255	506	516
-255	507	515
-255	508	514
-255	508	514
255	509	513
255	506	507
255	511	508
255	512	506
255	515	500
-255	510	509
-255	507	516
-255	507	515
-255	508	515
255	508	514
255	501	513
255	511	509
255	512	506
255	515	499
-255	510	509
-255	506	516
-255	507	515
-255	507	515
-135	508	514
255	846	466
255	513	500
255	511	508
255	512	506
-255	515	501
-255	507	516
-255	507	516
-255	508	515
-255	508	514
255	508	514
255	509	503
255	511	509
255	512	506
255	515	500
-255	510	509
-255	506	515
-255	507	515
-255	508	514
255	508	513
255	509	503
255	511	508
255	512	506
255	515	501
-255	510	509
-255	507	516
-255	506	517
-255	509	515
74	508	514
255	543	510
255	500	515
255	510	508
255	512	506
-255	514	499
-255	506	516
-255	507	515
-255	508	515
-255	508	514
255	507	514
255	508	504
255	511	509
255	511	507
-255	514	500
-255	505	516
-255	506	516
-255	507	515
-255	508	514
255	508	514
255	507	505
255	510	508
255	512	506
-255	514	499
-255	506	515
-255	507	515
-255	507	516
-255	508	515
255	509	513
255	368	543
255	511	508
255	513	505
255	511	501
-255	511	508
-255	507	515
-255	507	515
-255	508	514
255	508	515
255	511	501
255	511	509
255	512	506
255	514	501
-255	510	509
-255	506	516
-255	506	517
-255	508	514
255	508	514
255	421	540
255	511	508
255	512	505
255	511	501
-255	510	508
-255	507	514
-255	508	513
-255	508	512
255	509	513
255	507	504
255	510	508
255	511	506
255	514	500
-255	510	510
-255	506	516
-255	506	516
-255	507	516
255	508	515
255	506	505
255	510	509
255	511	506
-255	514	500
-255	505	518
-255	506	515
-255	508	515
-255	508	514
255	508	513
255	506	506
255	509	509
255	512	506
-255	514	500
-255	506	516
-255	507	515
-255	508	515
-255	508	514
255	508	514
255	507	505
255	512	508
255	512	505
-255	514	500
-255	507	516
-255	507	516
-255	508	515
-152	508	515
255	491	514
255	512	500
255	512	508
255	512	506
-255	515	500
-255	507	516
-255	507	515
-255	508	515
255	508	514
255	374	538
255	512	508
255	513	505
255	511	501
-255	511	508
-255	508	514
-255	508	514
-255	508	513
255	509	513
255	506	507
255	511	508
255	512	506
-255	515	500
-255	507	515
-255	507	515
-255	508	515
-255	508	514
255	509	514
255	508	506
255	511	509
255	512	506
-255	515	499
-255	507	515
-255	508	515
-255	508	514
99	508	514
255	551	507
255	515	500
255	510	509
255	511	507
-255	514	503
-255	507	515
-255	507	515
-255	508	515
255	508	514
255	432	554
255	511	508
255	512	505
-255	511	501
-255	506	516
-255	507	515
-255	508	514
-255	508	514
255	508	513
255	509	503
255	511	508
255	513	504
-255	515	501
-255	507	516
-255	507	516
-255	508	515
255	509	514
255	507	505
255	511	508
0	512	506
0	515	511
0	515	510
0	515	510
0	514	510
0	513	511
0	512	510
0	512	510
0	510	511
0	509	511
0	508	510
0	508	510
0	507	510
0	507	511
0	506	511
0	506	511
0	505	511
0	505	510
0	506	510
0	506	510
0	507	510
0	507	510
0	508	510
0	508	511
0	509	510
0	510	510
0	511	510
0	512	510
0	512	510
0	513	510
0	513	510
0	513	510
0	514	510
0	514	510
0	513	510
0	513	510
0	513	510
0	513	510
0	512	510
0	511	510
0	510	510
0	510	511
0	509	510
0	509	510
0	508	511
0	508	510
0	508	511
0	507	510
0	507	510
0	507	510
0	507	511
0	507	510
0	507	510
0	508	510
0	508	509
0	510	511
0	509	510
0	510	510
0	510	510
0	510	510
0	511	510
0	511	510
0	512	510
0	512	510
0	512	510
0	512	510
0	512	511
0	512	511
0	512	511
0	512	510
0	511	510
0	511	510
0	511	510
0	510	510
0	510	510
0	508	510
0	509	511
0	509	510
0	509	510
0	508	511
0	508	510
0	509	510
0	508	510
0	508	511
0	508	510
0	508	510
0	508	511
0	509	510
0	509	510
0	509	510
0	510	510
0	510	510
0	510	510
0	511	510
0	511	511
0	511	511
0	511	510
0	511	510
0	511	511
0	512	510
0	511	510
0	511	510
0	512	510
0	511	510
0	512	510
0	510	511
0	510	510
0	510	510
0	510	511
0	509	510
0	509	510
0	509	510
0	509	510
0	509	510
0	509	510
0	508	511
0	509	510
0	509	511
0	509	510
0	509	510
0	509	511
0	509	510
0	510	509
0	510	509
0	510	511
0	510	510
0	511	510
0	511	510
0	511	510
0	511	510
0	511	510
0	511	510
0	511	510
0	511	510
0	511	510
0	511	511
0	510	510
0	510	510
0	510	510
0	510	511
0	510	510
0	510	511
0	510	510
0	509	510
0	509	510
0	509	510
0	509	510
0	509	510
0	509	509
0	509	510
0	509	510
0	509	510
0	509	509
0	510	510
0	510	510
0	510	510
0	510	510
0	510	510
0	510	511
0	510	510
0	510	510
0	510	510
0	511	510
0	511	510
0	511	510
0	511	511
0	511	511
0	511	510
0	510	510
0	510	510
0	510	510
0	510	510
0	510	510
0	510	511
0	510	510
0	510	511
0	510	510
0	509	510
0	509	510
0	509	510
0	509	510
0	509	510
0	509	510
0	509	510
0	509	510
0	509	510
0	510	511
0	510	510
0	510	511
0	510	510
0	510	510
0	510	510
0	510	510
0	510	510
0	510	510
0	510	510
0	510	510
0	510	510
0	510	510
0	510	509
0	509	510
