V2_mean	Isense_mean	dt	V2Ref_set
510	510	500	102
PWM	V2_read	Isense_read
0	510	510
0	510	511
0	510	510
0	510	510
0	510	510
0	510	511
0	510	510
0	509	511
0	510	511
0	509	510
0	510	510
0	509	511
0	510	511
0	509	511
0	510	511
0	509	511
0	510	511
0	509	511
0	510	511
0	509	510
0	510	511
0	510	511
0	510	511
0	510	510
0	510	510
0	510	511
0	510	510
0	510	511
0	510	511
0	510	510
0	511	510
0	510	510
0	510	510
0	510	510
0	510	511
0	510	511
0	510	510
0	510	510
0	510	510
0	510	510
0	510	510
0	510	511
0	510	510
0	509	511
0	510	511
0	509	511
0	510	510
0	509	510
0	510	510
0	509	510
0	510	510
0	509	510
0	510	511
0	509	510
0	510	510
0	510	511
0	510	510
0	510	510
0	510	510
0	510	510
0	510	511
0	510	510
0	510	510
0	510	510
0	510	511
0	510	511
0	510	511
0	510	510
0	510	511
0	510	511
0	510	510
0	510	511
0	510	511
0	510	511
0	510	511
0	509	510
0	510	510
0	509	511
0	510	511
0	510	511
0	510	510
0	509	511
0	510	510
0	509	510
0	510	511
0	509	511
0	510	510
0	510	511
0	510	511
0	509	510
0	510	510
0	509	511
0	510	511
0	510	510
0	510	510
0	510	511
0	511	511
0	510	510
0	510	511
0	510	511
0	510	510
0	510	511
0	510	511
0	510	511
0	511	511
0	510	511
0	510	510
0	509	511
0	510	511
0	509	510
0	510	511
0	509	511
0	510	510
0	509	511
0	509	511
0	509	510
0	510	510
0	509	511
0	510	510
0	509	512
0	510	511
0	509	511
0	510	511
0	509	511
0	510	511
0	509	511
0	510	511
0	510	510
0	510	511
0	510	511
0	510	511
0	510	511
0	511	511
0	510	511
0	511	510
0	510	511
0	510	510
0	510	510
0	510	510
0	509	511
0	510	511
0	510	511
0	510	511
0	510	511
0	510	511
0	509	511
0	510	511
0	509	511
0	510	510
0	510	510
0	510	511
0	509	511
0	510	510
0	509	511
0	510	510
0	509	511
0	510	510
0	509	511
0	510	511
0	510	510
0	510	511
0	510	510
0	510	511
0	510	511
0	511	510
0	510	510
0	510	510
0	510	510
0	510	510
0	510	510
0	510	510
0	510	510
0	510	510
0	510	510
0	510	510
0	510	511
0	510	511
0	509	510
0	510	510
0	509	510
0	510	510
0	509	510
0	510	511
0	510	510
0	510	511
0	509	510
0	510	510
0	509	510
0	510	511
0	509	511
0	510	511
0	509	510
0	510	511
0	510	511
0	510	511
0	510	510
0	510	511
0	510	511
0	511	510
0	510	511
53	510	510
67	527	510
81	527	511
99	510	511
114	535	511
125	567	510
131	602	511
134	624	511
135	636	511
131	664	512
132	631	511
138	601	512
134	663	512
134	637	512
134	629	512
135	624	512
140	599	512
136	657	512
136	631	513
137	623	513
141	597	513
138	650	513
137	631	513
138	617	513
143	590	514
140	650	513
138	633	514
144	582	515
141	647	514
145	597	515
141	648	513
145	591	515
142	641	515
146	591	515
143	641	515
148	591	515
144	647	515
148	592	515
144	642	515
149	585	516
146	640	516
150	592	516
147	642	516
145	627	516
151	576	516
148	637	516
152	591	516
149	640	517
153	592	518
149	640	517
153	588	518
151	634	517
154	593	518
152	635	517
150	626	517
156	577	517
153	637	518
156	593	519
154	633	518
157	592	519
155	634	518
158	593	519
156	633	519
159	594	519
156	633	518
160	589	520
158	632	520
161	596	520
158	633	520
162	591	520
159	632	520
163	591	520
161	632	521
163	598	521
161	628	521
165	592	521
162	634	521
165	595	522
163	629	521
166	595	521
164	630	522
167	596	522
164	631	522
168	592	522
168	613	523
165	633	522
166	612	523
170	589	523
166	638	523
167	611	523
171	589	523
170	622	523
167	634	524
171	585	524
169	631	524
171	597	523
169	628	524
173	591	524
170	637	524
172	597	524
170	626	524
174	590	525
171	634	525
174	597	525
172	630	525
174	599	524
172	627	525
175	594	526
173	628	526
175	597	525
174	624	526
176	599	526
174	627	527
177	595	527
175	629	527
177	599	526
176	624	527
178	601	527
176	628	527
178	597	528
177	622	527
179	599	526
178	626	528
179	603	528
178	621	528
181	597	528
178	631	529
179	608	528
182	597	529
179	632	528
182	597	529
180	626	528
182	600	529
181	622	530
182	602	529
182	618	529
183	605	531
182	622	529
184	601	531
183	624	530
184	605	530
183	619	530
185	599	531
184	622	531
186	603	531
184	625	531
186	599	531
186	619	531
186	610	532
186	616	531
188	604	532
186	626	532
188	601	532
187	620	533
188	604	532
189	608	533
187	630	533
189	597	533
188	622	533
190	600	533
188	631	533
190	597	533
188	625	534
192	591	534
188	637	534
191	597	534
189	623	534
192	596	534
190	627	535
191	605	534
191	616	535
191	614	535
192	605	535
192	616	535
193	609	536
192	621	536
193	605	536
192	616	535
195	599	536
192	633	536
194	597	536
195	610	537
193	629	537
195	597	536
194	621	537
195	604	538
195	617	537
195	611	537
195	614	537
196	605	537
196	619	538
196	613	538
195	615	538
197	601	538
197	613	539
197	617	539
197	611	539
198	611	539
198	614	539
197	616	539
199	600	539
199	616	540
199	613	540
199	613	540
200	607	540
200	615	539
200	611	540
201	607	540
201	615	540
202	610	541
201	618	540
202	606	542
203	612	540
203	614	541
202	615	541
204	603	541
204	615	542
204	614	542
205	609	542
205	614	542
205	611	543
206	607	542
207	612	542
206	616	542
207	607	543
208	610	543
208	612	542
209	611	543
209	612	543
210	611	543
210	612	543
211	611	544
211	611	544
213	608	544
213	614	544
213	611	544
214	610	545
215	611	544
215	614	545
215	612	545
216	610	545
217	609	546
218	611	545
218	611	546
219	609	546
221	607	546
222	608	546
223	606	546
255	604	546
255	603	547
255	602	547
255	599	547
255	597	546
255	595	547
255	593	548
255	590	547
255	589	547
255	586	547
255	585	547
255	582	547
255	581	547
255	578	548
255	577	547
255	575	548
255	574	548
255	572	547
255	571	548
255	569	548
255	568	548
255	566	548
255	566	548
255	564	548
255	563	548
255	561	548
255	560	548
255	558	549
255	558	549
255	556	549
255	556	548
255	554	548
255	553	548
255	552	548
255	551	549
255	549	548
255	549	549
255	547	549
255	547	549
255	545	549
255	545	550
255	543	549
255	543	549
255	542	549
255	542	549
255	540	550
255	540	550
255	538	550
255	538	550
255	537	550
255	537	550
255	536	549
255	535	550
255	534	549
255	534	550
255	533	549
255	533	550
255	532	549
255	532	550
255	531	550
255	531	550
255	530	550
255	530	550
255	529	550
255	529	551
255	528	550
255	528	550
255	526	550
255	527	550
255	526	551
255	526	550
255	525	550
255	525	550
255	524	550
255	524	550
255	523	550
255	523	551
255	522	550
255	523	550
255	521	550
255	522	551
255	521	550
255	521	551
255	521	551
255	521	550
255	520	551
255	520	551
255	520	551
255	520	550
255	519	550
255	519	551
255	518	550
255	519	550
255	518	550
255	518	551
255	517	551
255	518	550
255	517	551
255	517	551
255	516	551
255	516	550
255	515	550
255	516	551
255	515	550
255	515	551
255	515	551
255	515	551
255	514	550
255	514	551
255	514	551
255	515	550
255	514	550
255	514	550
255	513	550
255	514	551
255	513	550
255	513	551
255	513	550
255	514	551
255	513	551
255	514	551
255	513	551
255	513	551
255	512	551
255	513	551
255	512	551
-255	513	551
-255	0	549
-255	0	547
-255	0	545
-255	0	544
-255	0	541
-255	0	540
-255	0	538
-255	0	537
-255	0	535
-255	0	534
-255	0	532
-255	0	530
-255	0	529
-255	0	528
-255	0	526
-255	0	525
-255	0	524
-255	0	522
-255	0	521
-255	0	520
-255	0	519
-255	0	517
-255	0	516
-255	0	516
144	0	515
255	544	514
255	1023	515
255	1023	516
255	1023	517
255	1023	517
255	1023	519
255	1023	519
255	1023	520
255	1023	521
255	1023	521
255	1023	522
255	1023	523
255	1023	524
255	1020	524
255	1009	525
255	996	526
255	986	526
255	973	526
255	963	528
255	952	528
255	942	528
255	931	529
255	922	529
255	911	530
255	903	531
255	892	531
255	884	532
255	875	532
255	867	532
255	858	532
255	850	533
255	842	533
255	834	534
255	826	534
255	819	535
255	810	536
255	804	535
255	796	536
255	790	536
255	782	536
255	777	537
255	769	537
255	764	537
255	757	537
255	751	538
255	745	539
255	740	539
255	734	540
255	729	539
255	723	540
255	719	540
255	713	540
255	709	541
-255	703	541
-255	0	539
-255	0	537
-255	0	536
-255	0	535
-255	0	534
-255	0	532
-255	0	531
-255	0	529
-255	0	527
-255	0	525
-255	0	525
-255	0	523
-255	0	522
-255	0	520
-255	0	519
-255	0	518
-255	0	517
-255	0	516
-255	0	515
-255	0	514
-255	0	513
-255	0	512
-255	0	511
147	0	510
255	1023	510
255	1023	511
255	1023	512
255	1023	512
255	1023	514
255	1023	515
255	1023	516
255	1023	517
255	1023	518
255	1023	518
255	1023	518
255	1023	520
255	1023	521
255	1023	521
255	1023	522
255	1023	523
255	1023	524
255	1021	525
255	1009	525
255	997	526
255	987	526
255	974	526
255	964	527
255	952	527
255	942	527
255	931	529
255	922	529
255	912	529
255	902	530
255	892	531
255	884	531
255	875	532
255	867	532
255	857	533
255	850	533
255	841	534
255	834	533
255	826	534
255	819	534
255	811	535
255	805	535
255	797	536
255	790	536
255	783	536
255	777	537
255	770	537
255	764	537
255	758	538
255	752	539
255	746	539
255	740	539
255	734	539
255	729	540
255	723	540
255	719	540
255	713	540
255	708	541
255	703	541
255	699	541
-255	694	541
-255	0	540
-255	0	538
-255	0	537
-255	0	535
-255	0	533
-255	0	532
-255	0	530
-255	0	529
-255	0	527
-255	0	526
-255	0	524
-255	0	523
-255	0	523
-255	0	521
-255	0	520
-255	0	519
-255	0	518
-255	0	516
-255	0	515
-255	0	513
-255	0	512
-255	0	512
-255	0	511
-255	0	510
-55	0	510
211	843	509
255	1023	511
255	1023	511
255	1023	512
255	1023	514
255	1023	515
255	1023	516
255	1023	516
255	1023	517
255	1023	517
255	1023	518
255	1023	519
255	1023	521
255	1023	521
255	1023	522
255	1023	522
255	1023	522
255	1023	523
255	1020	524
255	1008	524
255	996	525
255	986	526
255	973	527
255	963	527
255	952	527
255	942	528
255	931	529
255	921	528
255	911	530
255	902	530
255	892	530
255	884	531
255	874	532
255	866	532
255	856	533
255	849	533
255	840	534
255	833	534
255	824	534
255	818	535
255	810	535
255	803	535
255	796	535
255	790	535
255	782	536
255	777	537
255	770	537
255	763	538
255	757	538
255	752	539
255	746	539
255	740	539
255	734	539
255	729	539
255	723	540
255	719	540
255	713	540
255	708	541
255	703	541
255	699	541
255	694	541
255	690	541
255	685	542
255	681	542
255	676	542
255	673	543
255	668	542
255	665	542
255	661	543
255	658	543
255	654	543
255	650	543
-255	646	544
-255	0	542
-255	0	541
-255	0	539
-255	0	537
-255	0	535
-255	0	534
-255	0	533
-255	0	532
-255	0	530
-255	0	529
-255	0	527
-255	0	526
-255	0	524
-255	0	523
-255	0	521
-255	0	521
-255	0	519
-255	0	518
-255	0	518
-255	0	516
-255	0	515
-255	0	513
-255	0	512
-255	0	511
-255	0	512
-223	0	510
155	0	508
255	1023	509
255	1023	510
255	1023	512
255	1023	512
255	1023	513
255	1023	514
255	1023	515
255	1023	515
255	1023	516
255	1023	517
255	1023	518
255	1023	518
255	1023	520
255	1023	521
255	1023	521
255	1023	522
255	1023	523
255	1023	524
255	1022	524
255	1011	524
255	998	525
255	987	525
255	975	526
255	965	527
255	953	527
255	944	528
255	932	529
255	923	529
255	913	530
255	904	530
255	894	531
255	886	531
255	876	532
255	868	532
255	859	532
255	852	534
255	843	533
255	835	533
255	827	534
255	820	534
255	812	535
255	805	535
255	798	536
255	792	536
255	784	537
255	778	537
255	771	538
255	765	538
255	758	538
255	752	538
255	746	539
255	741	538
255	735	539
255	730	539
255	724	540
255	719	540
255	714	541
255	710	541
255	704	540
255	700	540
255	695	540
255	691	541
255	686	542
255	682	542
255	678	542
255	674	542
255	670	542
255	667	543
255	662	543
255	659	543
255	655	543
255	651	543
255	648	543
255	645	544
255	641	544
255	638	544
255	635	544
255	632	544
255	628	545
255	626	545
255	623	544
255	620	544
255	617	545
-255	615	545
-255	0	544
-255	0	542
-255	0	540
-255	0	539
-255	0	536
-255	0	536
-255	0	534
-255	0	532
-255	0	530
-255	0	529
-255	0	528
-255	0	527
-255	0	525
-255	0	524
-255	0	523
-255	0	521
-255	0	520
-255	0	519
-255	0	518
-255	0	517
-255	0	516
-255	0	515
-255	0	514
-255	0	512
-255	0	512
-255	0	510
-255	0	509
102	0	509
255	1023	509
255	1023	510
255	1023	511
255	1023	512
255	1023	513
255	1023	514
255	1023	514
255	1023	516
255	1023	516
255	1023	518
255	1023	519
255	1023	519
255	1023	520
255	1023	520
255	1023	521
255	1023	522
255	1023	523
255	1023	523
255	1020	524
255	1009	525
255	996	525
255	985	526
255	974	526
255	963	526
255	952	527
255	942	527
255	931	528
255	922	529
255	911	529
255	902	530
255	892	531
255	884	531
255	874	531
255	866	532
255	857	532
255	849	533
255	840	533
255	833	533
255	825	534
255	818	534
255	810	535
255	804	535
255	796	536
255	790	536
255	783	536
255	777	537
255	770	537
255	764	536
255	757	538
255	752	538
255	745	538
255	740	538
255	734	539
255	730	540
255	724	540
255	719	540
255	713	540
255	709	540
255	703	540
255	699	540
255	694	541
255	690	541
255	685	541
255	681	541
255	677	542
255	673	542
255	669	541
255	665	543
255	661	543
255	658	543
255	654	542
255	650	543
255	647	543
255	644	543
255	640	543
255	637	544
255	633	544
255	631	545
255	628	544
255	626	545
255	622	545
255	620	544
255	617	545
255	614	545
255	611	545
255	609	545
255	606	545
255	604	545
255	601	546
255	600	545
255	597	545
255	595	546
255	592	546
255	591	546
-255	588	546
-255	0	546
-255	0	543
-255	0	542
-255	0	540
-255	0	538
-255	0	536
-255	0	535
-255	0	532
-255	0	531
-255	0	530
-255	0	529
-255	0	528
-255	0	526
-255	0	524
-255	0	523
-255	0	522
-255	0	521
-255	0	520
-255	0	518
-255	0	517
-255	0	516
-255	0	515
-255	0	514
-255	0	513
-255	0	512
-255	0	510
-255	0	510
-49	0	509
194	889	510
255	1023	510
255	1023	511
255	1023	513
255	1023	513
255	1023	514
255	1023	515
255	1023	516
255	1023	517
255	1023	518
255	1023	519
255	1023	519
255	1023	520
255	1023	521
255	1023	521
255	1023	522
255	1023	523
255	1023	523
255	1016	524
255	1003	525
255	992	525
255	980	525
255	969	526
255	958	527
255	948	528
255	937	528
255	928	529
255	916	529
255	907	530
255	898	530
255	889	531
255	880	531
255	872	532
255	862	532
255	854	533
255	845	533
255	838	533
255	829	534
255	823	534
255	814	535
255	808	535
255	800	535
255	794	536
255	786	535
255	780	536
255	774	537
255	768	537
255	761	538
255	755	538
255	748	538
255	744	538
255	737	539
255	733	539
255	726	539
255	722	539
255	716	539
255	711	540
255	706	539
255	701	540
255	696	540
255	692	541
255	687	541
255	683	541
255	679	541
255	675	542
255	670	543
255	667	543
255	663	542
255	659	543
255	656	543
255	652	543
255	648	543
255	646	543
255	642	544
255	639	543
255	635	544
255	633	543
255	629	545
255	626	544
255	624	545
255	622	545
255	618	544
255	616	545
255	613	544
255	610	545
255	607	545
255	606	545
255	603	546
255	600	545
255	597	545
255	596	545
255	593	546
255	592	546
255	589	546
255	587	546
255	585	546
255	584	546
-255	581	546
-255	0	545
-255	0	544
-255	0	542
-255	0	540
-255	0	538
-255	0	537
-255	0	535
-255	0	533
-255	0	532
-255	0	530
-255	0	528
-255	0	527
-255	0	526
-255	0	525
-255	0	524
-255	0	522
-255	0	522
-255	0	520
-255	0	519
-255	0	518
-255	0	516
-255	0	515
-255	0	514
-255	0	513
-255	0	512
-255	0	511
-255	0	510
-78	0	510
201	642	510
255	1023	510
255	1023	511
255	1023	512
255	1023	513
255	1023	514
255	1023	514
255	1023	516
255	1023	517
255	1023	518
255	1023	518
255	1023	519
255	1023	520
255	1023	521
255	1023	521
255	1023	522
255	1023	522
255	1023	523
255	1016	523
255	1004	525
255	992	525
255	981	526
255	970	526
255	958	527
255	948	527
255	937	528
255	928	528
255	917	529
255	908	530
255	898	530
255	889	530
255	880	531
255	871	531
255	862	532
255	855	532
255	846	533
255	838	533
255	830	533
255	822	534
255	815	535
255	808	535
255	800	535
255	794	536
255	787	535
255	780	536
255	773	537
255	768	537
255	761	537
255	755	538
255	749	538
255	744	537
255	737	538
255	732	539
255	726	538
255	722	539
255	716	540
255	711	540
255	706	540
255	702	541
255	696	541
255	692	540
255	687	541
255	684	541
255	678	541
255	675	541
255	671	543
255	667	542
255	663	542
255	660	542
255	655	543
255	653	543
255	649	543
255	646	543
255	642	544
255	639	543
255	635	543
255	633	544
255	629	544
255	627	544
255	623	544
255	621	544
255	618	544
255	615	544
255	612	544
255	610	544
255	607	546
255	605	544
255	602	546
255	600	546
255	597	546
255	596	546
255	593	546
255	591	545
-255	589	546
-255	0	544
-255	0	543
-255	0	541
-255	0	539
-255	0	538
-255	0	536
-255	0	534
-255	0	533
-255	0	531
-255	0	530
-255	0	529
-255	0	528
-255	0	526
-255	0	524
-255	0	523
-255	0	522
-255	0	521
-255	0	520
-255	0	519
-255	0	518
-255	0	517
-255	0	516
-255	0	514
-255	0	513
-255	0	512
-255	0	511
-255	0	510
46	0	509
193	1023	510
255	1023	510
255	1023	512
255	1023	512
255	1023	513
255	1023	514
255	1023	515
255	1023	516
255	1023	517
255	1023	518
255	1023	519
255	1023	519
255	1023	520
255	1023	521
255	1023	522
255	1023	521
255	1023	523
255	1020	524
255	1009	524
255	996	525
255	986	526
255	974	526
255	963	526
255	952	527
255	942	528
255	931	528
255	921	529
255	911	530
255	902	530
255	892	530
255	884	531
255	874	531
255	866	531
255	857	532
255	849	532
255	841	533
255	833	534
255	825	534
255	818	534
255	810	535
255	804	534
255	796	535
255	790	535
255	782	536
255	776	536
255	769	536
255	763	537
255	757	537
255	752	537
255	745	538
255	740	539
255	734	539
255	729	539
255	723	540
255	718	539
255	712	540
255	708	539
255	703	540
255	699	540
255	693	540
255	689	541
255	684	541
255	681	541
255	676	542
255	673	542
255	668	542
255	665	542
255	660	543
255	657	542
255	653	543
255	650	543
255	646	543
255	644	543
255	640	544
255	637	543
255	633	544
255	631	543
255	627	543
255	625	544
255	622	544
255	619	545
255	616	545
255	614	545
255	610	545
255	608	545
255	606	544
255	603	545
255	601	545
255	598	545
255	596	545
255	594	545
255	591	545
255	590	546
255	587	546
-255	586	546
-255	0	544
-255	0	543
-255	0	541
-255	0	540
-255	0	538
-255	0	536
-255	0	534
-255	0	533
-255	0	531
-255	0	530
-255	0	528
-255	0	527
-255	0	526
-255	0	524
-255	0	524
-255	0	523
-255	0	521
-255	0	520
-255	0	518
-255	0	518
-255	0	517
-255	0	515
-255	0	514
-255	0	513
-255	0	513
-255	0	512
-255	0	510
58	0	509
206	1023	509
255	1023	510
255	1023	511
255	1023	513
255	1023	514
255	1023	515
255	1023	515
255	1023	517
255	1023	517
255	1023	518
255	1023	519
255	1023	520
255	1023	520
255	1023	521
255	1023	522
