V2_mean	Isense_mean	dt	V2Ref_set
509	510	500	102
PWM	V2_read	Isense_read
0	510	510
0	509	510
0	510	511
0	509	510
0	510	510
0	510	511
0	511	510
0	509	510
0	510	510
0	510	510
0	510	511
0	510	510
0	510	511
0	510	510
0	511	511
0	510	510
0	510	511
0	510	511
0	510	511
0	510	510
0	510	510
0	509	510
0	510	510
0	509	511
0	509	510
0	509	510
0	509	511
0	510	511
0	510	511
0	509	510
0	510	511
0	509	510
0	509	511
0	509	511
0	510	510
0	509	511
0	510	511
0	509	511
0	511	511
0	510	510
0	510	510
0	510	510
0	510	510
0	510	510
0	510	510
0	511	511
0	511	511
0	510	511
0	510	510
0	510	511
0	510	511
0	510	510
0	510	511
0	510	511
0	510	511
0	509	511
0	510	510
0	509	511
0	509	510
0	509	510
0	509	511
0	509	511
0	510	510
0	509	511
0	510	511
0	509	511
0	510	510
0	509	510
0	510	511
0	510	510
0	510	511
0	509	510
0	510	510
0	510	510
0	510	510
0	510	510
0	510	510
0	510	510
0	510	511
0	510	511
0	511	511
0	510	510
0	511	511
0	510	511
0	510	510
0	510	511
0	510	510
0	510	511
0	510	510
0	509	511
0	510	511
0	509	511
0	510	510
0	509	510
0	510	510
0	509	510
0	510	510
0	509	511
0	509	510
0	509	510
0	510	510
0	509	510
0	510	510
0	509	511
0	510	510
0	510	511
0	510	511
0	510	511
0	510	511
0	510	511
0	511	510
0	510	511
0	510	511
0	510	510
0	511	511
0	510	511
0	510	510
0	510	511
0	511	511
0	510	511
0	510	510
0	510	511
0	510	511
0	509	511
0	510	510
0	509	510
0	510	510
0	509	510
0	510	510
0	509	510
0	510	510
0	509	511
0	510	511
0	509	511
0	510	510
0	509	510
0	510	511
0	509	511
0	510	511
0	510	511
0	510	511
0	510	511
0	510	511
0	510	510
0	511	510
0	510	510
0	510	511
0	510	511
0	511	511
0	510	511
0	510	511
0	510	510
0	510	510
0	510	510
0	510	510
0	510	510
0	510	511
0	509	511
0	510	511
0	509	511
0	510	511
0	509	510
0	510	510
0	509	510
0	510	511
0	509	510
0	509	510
0	509	510
0	510	510
0	509	512
0	510	511
0	510	510
0	510	511
0	510	510
0	510	510
0	510	510
0	510	510
0	510	510
0	511	511
0	510	510
0	511	511
0	510	511
0	511	511
0	510	511
0	510	510
0	510	511
0	510	511
0	510	510
0	510	510
0	510	510
0	510	511
0	509	511
0	510	510
0	509	510
0	510	511
0	509	511
0	510	511
0	509	511
0	510	510
0	509	510
53	510	510
69	511	510
84	523	511
99	525	510
114	536	510
126	560	511
134	584	511
140	604	511
136	670	511
136	644	512
141	606	511
139	651	511
138	641	511
140	627	512
143	609	511
141	651	512
144	609	512
142	647	512
145	605	512
143	644	512
146	606	513
148	615	514
149	624	513
145	652	513
144	632	513
144	621	514
149	589	514
147	638	514
145	632	514
150	587	514
148	635	514
151	599	515
149	637	514
152	598	514
150	635	514
153	598	515
151	634	515
154	598	515
152	634	515
155	597	516
153	632	516
152	624	516
156	588	516
155	626	516
158	600	517
156	632	516
158	603	516
156	629	517
159	595	517
157	627	517
160	594	517
159	625	517
162	599	517
160	630	518
162	601	518
161	625	518
163	600	519
162	624	518
164	600	518
165	606	519
163	630	519
166	598	519
164	627	518
166	600	519
168	606	519
165	635	519
167	600	520
166	621	519
169	598	520
167	629	521
169	600	520
167	624	520
170	594	521
169	626	520
170	604	520
169	623	520
171	598	520
170	624	521
171	602	521
171	619	521
172	604	521
171	622	521
171	616	522
173	595	522
172	621	522
172	614	522
175	596	523
173	628	522
174	602	522
174	618	523
175	604	523
174	620	523
176	599	523
175	621	523
177	602	523
176	623	524
177	605	524
176	619	524
178	599	524
177	620	525
177	614	525
180	596	525
178	627	525
179	602	526
179	615	525
181	602	525
179	625	525
181	599	526
180	619	525
181	611	526
182	604	526
181	620	526
183	601	526
182	622	526
183	605	526
183	617	527
183	607	527
183	613	527
185	602	527
184	621	527
185	606	527
185	617	528
185	608	528
185	612	527
187	603	528
186	622	528
187	607	529
186	617	529
188	600	529
188	617	529
188	610	529
188	614	528
189	605	529
188	618	529
190	601	530
188	632	530
188	606	530
190	605	530
188	620	529
190	605	530
189	615	531
190	609	530
190	612	531
189	618	531
191	602	531
190	617	531
191	605	531
191	614	531
192	608	531
191	618	531
192	604	531
192	613	532
193	607	532
192	617	532
194	603	533
193	617	533
193	612	532
195	602	532
193	625	533
195	600	533
194	619	534
195	605	533
195	615	534
195	610	534
195	612	534
196	604	534
196	616	535
196	610	533
196	612	534
198	604	535
196	623	535
198	603	534
197	618	535
197	610	535
198	606	535
199	607	536
198	618	536
200	605	535
199	618	536
200	607	536
200	613	536
200	608	536
201	608	537
202	608	537
201	616	537
203	605	537
202	616	537
203	606	537
204	610	538
204	612	537
204	613	537
205	606	538
204	619	538
204	612	537
205	611	539
205	612	538
205	613	538
205	608	538
206	608	539
207	608	539
207	613	539
207	611	539
208	608	539
208	611	540
209	608	540
210	611	540
210	613	539
210	611	540
211	609	540
211	609	541
212	608	540
213	608	541
214	609	541
214	611	541
215	610	542
216	610	541
216	613	541
216	610	542
217	607	542
218	607	542
220	608	542
221	608	542
222	608	542
223	606	542
255	605	542
255	603	543
255	602	543
255	599	543
255	597	543
255	595	543
255	594	543
255	591	543
255	590	543
255	588	543
255	586	544
255	584	543
255	583	544
255	580	544
255	579	544
255	577	544
255	576	544
255	574	544
255	573	545
255	570	545
255	569	544
255	568	545
255	567	545
255	564	545
255	564	544
255	562	545
255	561	545
255	560	545
255	559	545
255	558	545
255	557	545
255	555	545
255	555	545
255	554	545
255	553	546
255	552	545
255	552	546
255	550	546
255	549	546
255	548	546
255	548	546
255	547	545
255	546	545
255	544	545
255	544	545
255	543	546
255	542	546
255	541	546
255	540	546
255	539	546
255	539	546
255	538	546
255	537	547
255	536	546
255	536	546
255	535	546
255	535	546
255	534	546
255	534	547
255	533	546
255	533	547
255	532	547
255	532	546
255	531	546
255	532	546
255	530	546
255	531	546
255	529	546
255	529	547
255	529	547
255	529	546
255	528	547
255	528	547
255	527	547
255	527	547
255	526	547
255	526	546
255	525	547
255	525	547
255	524	546
255	524	546
255	523	547
255	524	546
255	523	547
255	523	547
255	522	547
255	522	546
255	521	547
255	522	547
255	521	547
255	521	547
255	521	547
255	521	547
255	520	547
255	521	547
255	520	547
255	521	547
255	520	547
255	520	547
255	519	547
255	519	547
255	519	547
255	519	548
255	518	547
255	519	547
255	518	547
255	518	547
255	517	547
255	517	547
255	517	547
255	517	547
255	516	547
255	516	547
255	516	547
255	516	548
255	516	547
255	516	547
255	515	548
255	515	547
255	515	547
255	516	547
255	515	547
255	516	547
255	515	547
255	515	547
255	515	547
255	515	547
255	514	547
255	515	547
-255	514	547
-255	0	546
-255	0	544
-255	0	542
-255	0	540
-255	0	540
-255	0	538
-255	0	536
-255	0	535
-255	0	534
-255	0	532
-255	0	530
-255	0	529
-255	0	528
-255	0	527
-255	0	525
-255	0	524
-255	0	523
-255	0	522
-255	0	520
-255	0	519
-255	0	518
-255	0	517
-255	0	517
-255	0	515
132	0	514
255	440	514
255	1000	515
255	1023	516
255	1023	516
255	1023	517
255	1023	517
255	1023	518
255	1023	519
255	1023	520
255	1023	521
255	1014	522
255	1003	522
255	991	522
255	980	523
255	968	523
255	958	524
255	947	524
255	937	525
255	926	526
255	917	526
255	907	527
255	898	527
255	889	527
255	880	528
255	871	528
255	864	530
255	855	529
255	847	530
255	838	530
255	831	531
255	823	531
255	816	532
255	809	532
255	802	532
255	795	532
255	788	533
255	781	534
255	776	533
255	769	534
255	763	534
255	756	535
255	751	535
255	745	536
255	739	535
255	733	536
255	729	536
255	722	537
255	718	536
255	713	537
-255	708	537
-255	0	537
-255	0	535
-255	0	533
-255	0	531
-255	0	530
-255	0	528
-255	0	527
-255	0	527
-255	0	525
-255	0	524
-255	0	523
-255	0	521
-255	0	521
-255	0	519
-255	0	518
-255	0	517
-255	0	516
-255	0	515
-255	0	514
-255	0	513
-255	0	513
-255	0	512
120	0	511
255	839	511
255	1023	512
255	1023	513
255	1023	513
255	1023	514
255	1023	514
255	1023	516
255	1023	516
255	1023	517
255	1023	517
255	1023	518
255	1023	519
255	1023	519
255	1023	520
255	1015	521
255	1002	522
255	992	522
255	980	524
255	970	524
255	958	524
255	948	525
255	937	525
255	928	526
255	917	527
255	909	527
255	899	527
255	890	528
255	880	528
255	873	529
255	863	528
255	856	530
255	846	530
255	839	530
255	831	531
255	824	532
255	815	531
255	809	532
255	801	532
255	795	533
255	788	533
255	781	534
255	774	534
255	769	534
255	762	534
255	757	535
255	750	535
255	745	535
255	739	536
255	734	536
-255	728	537
-255	0	536
-255	0	534
-255	0	532
-255	0	531
-255	0	529
-255	0	528
-255	0	526
-255	0	525
-255	0	524
-255	0	523
-255	0	522
-255	0	521
-255	0	519
-255	0	518
-255	0	518
-255	0	516
-255	0	515
-255	0	514
-255	0	513
-255	0	512
-255	0	511
-255	0	510
-45	0	510
255	855	510
255	1023	512
255	1023	512
255	1023	513
255	1023	514
255	1023	515
255	1023	515
255	1023	516
255	1023	517
255	1023	518
255	1023	518
255	1023	519
255	1023	519
255	1023	520
255	1020	521
255	1009	521
255	997	523
255	986	522
255	974	523
255	964	524
255	952	524
255	942	525
255	931	525
255	922	526
255	912	527
255	903	527
255	893	527
255	885	528
255	876	529
255	868	529
255	858	530
255	851	530
255	842	530
255	835	531
255	827	531
255	820	531
255	812	532
255	806	532
255	798	533
255	792	533
255	784	534
255	779	534
255	772	534
255	766	534
255	759	535
255	754	535
255	748	536
255	742	536
255	736	535
255	732	536
255	725	537
255	721	536
-255	715	536
-255	0	536
-255	0	534
-255	0	532
-255	0	532
-255	0	530
-255	0	529
-255	0	527
-255	0	526
-255	0	525
-255	0	523
-255	0	522
-255	0	521
-255	0	521
-255	0	519
-255	0	518
-255	0	517
-255	0	516
-255	0	515
-255	0	514
-255	0	512
-255	0	512
-255	0	511
-192	0	510
208	0	509
255	968	509
255	1023	511
255	1023	511
255	1023	512
255	1023	513
255	1023	514
255	1023	515
255	1023	516
255	1023	516
255	1023	517
255	1023	518
255	1023	518
255	1023	520
255	1023	520
255	1022	521
255	1009	522
255	999	523
255	987	523
255	976	523
255	965	524
255	955	525
255	945	525
255	935	526
255	924	525
255	915	526
255	905	527
255	896	528
255	887	528
255	879	529
255	869	529
255	861	529
255	852	530
255	845	530
255	836	531
255	829	531
255	820	531
255	814	532
255	806	532
255	799	532
255	792	533
255	786	532
255	778	534
255	773	533
255	766	535
255	761	535
255	754	535
255	749	535
255	742	535
255	738	535
255	732	536
255	727	536
-255	721	537
-255	0	535
-255	0	534
-255	0	533
-255	0	532
-255	0	530
-255	0	528
-255	0	526
-255	0	526
-255	0	525
-255	0	524
-255	0	523
-255	0	521
-255	0	521
-255	0	519
-255	0	518
-255	0	517
-255	0	516
-255	0	515
-255	0	514
-255	0	513
-255	0	512
-255	0	512
-255	0	510
111	0	509
255	991	510
255	1023	511
255	1023	511
255	1023	513
255	1023	513
255	1023	514
255	1023	515
255	1023	516
255	1023	516
255	1023	518
255	1023	518
255	1023	519
255	1023	519
255	1023	520
255	1023	520
255	1014	521
255	1003	522
255	990	522
255	980	522
255	968	524
255	958	524
255	946	524
255	937	526
255	926	525
255	916	526
255	907	527
255	898	527
255	888	528
255	880	528
255	870	529
255	863	529
255	854	529
255	847	530
255	838	530
255	831	531
255	823	532
255	816	531
255	808	531
255	802	533
255	794	533
255	788	533
255	781	534
255	775	534
255	768	534
255	763	535
255	756	535
255	751	535
255	744	535
255	740	536
255	733	536
255	728	536
255	723	536
255	718	536
255	712	537
-255	708	537
-255	0	536
-255	0	534
-255	0	533
-255	0	532
-255	0	531
-255	0	529
-255	0	528
-255	0	526
-255	0	525
-255	0	524
-255	0	523
-255	0	522
-255	0	521
-255	0	520
-255	0	518
-255	0	517
-255	0	516
-255	0	516
-255	0	514
-255	0	513
-255	0	512
-255	0	511
-255	0	510
-78	0	509
255	606	510
255	1023	510
255	1023	511
255	1023	512
255	1023	512
255	1023	514
255	1023	514
255	1023	515
255	1023	516
255	1023	516
255	1023	516
255	1023	519
255	1023	519
255	1023	520
255	1023	520
255	1017	521
255	1005	521
255	994	522
255	982	523
255	972	523
255	960	524
255	950	525
255	940	525
255	930	526
255	920	526
255	910	526
255	900	528
255	892	527
255	882	528
255	874	529
255	865	529
255	856	529
255	848	530
255	841	530
255	832	530
255	825	531
255	817	531
255	810	532
255	802	532
255	795	532
255	788	533
255	782	534
255	776	533
255	769	533
255	763	534
255	758	534
255	751	534
255	746	536
255	740	536
255	736	536
255	730	536
255	725	536
255	719	537
255	715	537
255	709	537
255	705	538
255	700	538
-255	696	538
-255	0	536
-255	0	535
-255	0	534
-255	0	532
-255	0	531
-255	0	529
-255	0	528
-255	0	527
-255	0	525
-255	0	524
-255	0	524
-255	0	522
-255	0	521
-255	0	520
-255	0	519
-255	0	517
-255	0	516
-255	0	515
-255	0	514
-255	0	513
-255	0	513
-255	0	512
-255	0	511
-158	0	510
208	178	510
255	1011	510
255	1023	511
255	1023	512
255	1023	512
255	1023	514
255	1023	514
255	1023	515
255	1023	516
255	1023	516
255	1023	517
255	1023	517
255	1023	519
255	1023	520
255	1023	520
255	1022	520
255	1009	522
255	998	522
255	986	523
255	975	523
255	964	523
255	954	524
255	943	525
255	933	525
255	923	526
255	914	526
255	904	528
255	896	527
255	886	528
255	878	529
255	869	529
255	861	529
255	852	530
255	844	530
255	836	531
255	829	532
255	820	532
255	814	532
255	806	532
255	799	533
255	792	533
255	786	533
255	778	533
255	773	534
255	766	534
255	760	534
255	753	535
255	748	535
255	742	535
255	737	535
255	731	537
255	726	536
255	720	536
255	716	537
255	711	537
255	707	537
255	702	538
255	698	538
-255	693	539
-255	0	537
-255	0	535
-255	0	533
-255	0	532
-255	0	530
-255	0	529
-255	0	528
-255	0	527
-255	0	526
-255	0	524
-255	0	523
-255	0	522
-255	0	521
-255	0	521
-255	0	519
-255	0	518
-255	0	517
-255	0	516
-255	0	514
-255	0	514
-255	0	513
-255	0	512
-255	0	511
-255	0	510
103	0	510
255	987	510
255	1023	511
255	1023	511
255	1023	513
255	1023	513
255	1023	514
255	1023	514
255	1023	515
255	1023	516
255	1023	517
255	1023	518
255	1023	519
255	1023	519
255	1023	520
255	1023	520
255	1014	520
255	1002	522
255	991	522
255	979	523
255	969	523
255	957	524
255	947	524
255	936	526
255	927	526
255	916	526
255	907	527
255	897	527
255	889	529
255	880	528
255	872	529
255	862	529
255	855	530
255	847	530
255	839	530
255	831	531
255	824	531
255	816	532
255	809	532
255	802	532
255	796	533
255	788	533
255	782	533
255	775	534
255	769	535
255	762	535
255	757	536
255	750	535
255	745	536
255	739	536
255	734	535
255	728	536
255	723	537
255	717	537
255	713	537
255	708	537
255	704	538
255	698	538
255	694	538
255	689	538
255	686	538
-255	681	538
-255	0	537
-255	0	536
-255	0	534
-255	0	533
-255	0	532
-255	0	530
-255	0	529
-255	0	527
-255	0	527
-255	0	525
-255	0	524
-255	0	522
-255	0	521
-255	0	520
-255	0	519
-255	0	518
-255	0	517
-255	0	516
-255	0	514
-255	0	514
-255	0	513
-255	0	512
-255	0	511
-255	0	510
-79	0	509
255	597	509
255	1023	510
255	1023	511
255	1023	512
255	1023	512
255	1023	514
255	1023	514
255	1023	515
255	1023	516
255	1023	517
255	1023	517
255	1023	518
255	1023	518
255	1023	519
255	1023	520
255	1019	521
255	1006	522
255	995	523
255	983	522
255	972	523
255	961	523
255	951	524
255	940	525
255	930	526
255	919	526
255	911	527
255	900	527
255	891	528
255	882	528
255	874	529
255	865	530
255	857	530
255	848	529
255	841	530
255	833	531
255	826	531
255	818	531
255	811	532
255	804	532
255	797	533
255	790	533
255	784	533
255	776	533
255	771	534
255	764	534
255	759	535
255	753	534
255	747	535
255	741	536
255	736	536
255	730	537
255	725	537
255	719	537
255	715	536
255	709	537
255	705	537
255	700	538
255	696	537
255	691	538
255	687	538
255	682	539
255	678	539
-255	674	539
-255	0	537
-255	0	536
-255	0	535
-255	0	533
-255	0	532
-255	0	530
-255	0	530
-255	0	528
-255	0	526
-255	0	525
-255	0	524
-255	0	523
-255	0	522
-255	0	521
-255	0	520
-255	0	518
-255	0	518
-255	0	516
-255	0	516
-255	0	514
-255	0	514
-255	0	513
-255	0	511
-255	0	511
-149	0	510
203	241	509
255	1023	510
255	1023	511
255	1023	512
255	1023	513
255	1023	513
255	1023	515
255	1023	515
255	1023	515
255	1023	516
255	1023	517
255	1023	518
255	1023	519
255	1023	520
255	1023	520
255	1023	521
255	1012	521
255	1001	522
255	988	522
255	978	523
255	966	524
255	956	524
255	945	525
255	935	525
255	925	526
255	916	527
255	905	528
255	897	528
255	887	528
255	878	528
255	869	528
255	861	530
255	853	530
255	845	530
255	836	530
255	829	531
255	821	531
255	814	532
255	806	532
255	800	533
255	793	533
255	786	533
255	780	534
255	774	534
255	767	533
255	762	534
255	755	535
255	750	535
255	744	535
255	739	536
255	732	536
255	728	536
255	722	537
255	718	537
255	712	537
255	708	537
255	702	537
255	698	538
255	693	538
255	689	538
255	684	538
255	680	539
255	675	539
-255	672	540
-255	0	538
-255	0	536
-255	0	535
-255	0	534
-255	0	532
-255	0	530
-255	0	529
-255	0	528
-255	0	526
-255	0	525
-255	0	524
-255	0	522
-255	0	521
-255	0	521
-255	0	519
-255	0	518
-255	0	517
-255	0	516
-255	0	516
-255	0	515
-255	0	513
-255	0	512
-255	0	511
-255	0	510
-193	0	509
193	0	509
255	978	509
255	1023	511
255	1023	511
255	1023	512
255	1023	513
255	1023	514
255	1023	515
255	1023	516
255	1023	517
255	1023	516
255	1023	517
255	1023	519
255	1023	519
255	1023	520
255	1023	521
255	1017	521
255	1005	521
255	995	522
255	982	524
255	972	525
255	960	525
255	950	524
255	939	526
255	930	526
255	919	527
255	911	527
255	900	527
255	892	527
255	882	529
255	874	529
255	865	529
255	857	529
255	848	530
255	841	530
255	832	531
255	825	531
255	817	531
255	811	532
255	803	533
255	796	533
255	789	533
255	783	533
255	776	534
255	771	535
255	764	535
255	759	535
255	752	535
255	747	535
255	741	535
255	736	536
255	730	536
255	725	537
255	719	537
255	715	536
255	709	537
255	705	538
255	700	538
255	696	538
255	690	538
255	687	539
255	682	539
255	678	539
-255	673	539
-255	0	538
-255	0	536
-255	0	534
-255	0	533
-255	0	532
-255	0	530
-255	0	529
-255	0	528
-255	0	526
-255	0	525
-255	0	524
-255	0	523
-255	0	522
-255	0	521
-255	0	519
-255	0	518
-255	0	517
-255	0	517
-255	0	515
-255	0	514
-255	0	514
-255	0	512
-255	0	511
-255	0	511
-255	0	509
161	0	509
255	979	509
255	1023	510
255	1023	511
255	1023	512
255	1023	513
255	1023	514
255	1023	514
255	1023	516
255	1023	516
255	1023	517
255	1023	518
255	1023	519
255	1023	519
255	1023	520
255	1023	520
255	1018	521
255	1007	521
255	995	522
255	985	523
255	973	523
255	963	524
255	952	525
255	941	525
255	931	526
255	922	526
255	912	526
255	902	527
255	892	527
255	884	528
255	874	528
255	866	529
255	857	529
255	850	530
255	841	531
255	833	530
255	825	531
255	818	531
255	811	532
255	804	532
255	797	533
255	790	533
255	783	533
255	777	534
255	770	535
255	765	534
255	758	535
255	753	535
255	747	535
255	742	535
255	736	536
255	731	536
255	725	536
255	721	537
255	715	537
255	711	537
255	706	537
255	701	538
255	696	538
255	692	538
255	687	538
255	683	538
255	678	539
255	675	539
255	670	540
-255	667	539
-255	0	537
-255	0	536
-255	0	535
-255	0	534
-255	0	533
-255	0	531
-255	0	529
-255	0	529
-255	0	527
-255	0	526
-255	0	524
-255	0	524
-255	0	522
-255	0	521
-255	0	520
-255	0	519
-255	0	517
-255	0	516
-255	0	515
-255	0	514
-255	0	514
-255	0	512
-255	0	512
-255	0	511
-255	0	510
146	0	509
255	978	509
255	1023	511
255	1023	511
255	1023	512
255	1023	513
255	1023	514
255	1023	515
255	1023	516
255	1023	516
255	1023	516
255	1023	517
255	1023	518
255	1023	519
255	1023	519
255	1023	520
255	1016	521
255	1003	521
255	993	522
255	981	523
255	970	523
255	959	524
255	949	525
255	938	525
255	929	526
255	918	527
255	909	527
255	900	528
255	891	528
255	881	528
255	873	529
255	864	530
255	856	529
255	847	530
255	839	531
255	831	531
255	824	531
255	816	532
255	809	532
255	801	532
255	795	533
255	788	534
255	782	534
255	775	534
255	769	534
255	763	535
255	757	535
255	751	535
255	746	535
255	739	535
255	735	536
255	730	536
255	724	536
255	719	537
255	714	537
255	708	537
255	705	537
255	700	538
255	695	538
255	690	538
255	686	538
255	681	539
255	678	539
255	673	539
255	670	539
255	665	540
255	662	540
-255	657	540
-255	0	539
-255	0	537
-255	0	536
-255	0	534
-255	0	532
-255	0	531
-255	0	530
-255	0	529
-255	0	527
-255	0	526
-255	0	525
-255	0	523
-255	0	523
-255	0	521
-255	0	520
-255	0	519
-255	0	518
-255	0	517
-255	0	515
-255	0	515
-255	0	514
-255	0	512
-255	0	512
-255	0	511
-255	0	510
109	0	510
255	982	510
255	1023	511
255	1023	512
255	1023	512
255	1023	514
255	1023	514
255	1023	515
255	1023	515
255	1023	516
255	1023	517
255	1023	518
255	1023	519
255	1023	519
255	1023	520
255	1023	520
255	1012	522
255	1001	522
255	989	522
255	979	524
255	967	523
255	957	524
255	946	525
255	936	525
255	926	525
255	916	526
255	906	527
255	897	527
255	888	528
255	879	528
255	870	529
255	862	529
255	853	529
255	845	530
255	836	531
255	830	531
255	821	531
255	814	531
255	806	532
255	800	532
255	793	533
255	786	532
255	780	533
255	774	534
255	767	534
255	762	534
255	755	535
255	750	536
255	744	536
255	738	536
255	733	536
255	728	537
255	722	536
255	718	537
255	712	537
255	708	538
255	703	538
255	698	537
255	693	537
255	689	538
255	684	538
255	681	538
255	676	538
255	672	538
255	668	539
255	664	540
255	660	540
255	657	539
255	653	540
-255	650	540
-255	0	539
-255	0	537
-255	0	536
-255	0	535
-255	0	533
-255	0	531
-255	0	530
-255	0	529
-255	0	528
-255	0	527
-255	0	525
-255	0	524
-255	0	522
-255	0	522
-255	0	520
-255	0	519
-255	0	518
-255	0	517
-255	0	516
-255	0	514
-255	0	514
-255	0	513
-255	0	512
-255	0	511
-255	0	511
48	0	510
208	1000	510
255	1023	511
255	1023	511
255	1023	512
255	1023	514
255	1023	514
255	1023	516
255	1023	517
255	1023	517
255	1023	517
255	1023	518
255	1023	519
255	1023	520
255	1023	520
255	1021	521
255	1009	521
255	997	522
255	986	522
255	974	523
255	964	524
255	953	525
255	942	525
255	932	525
255	922	526
255	912	527
255	903	527
255	893	527
255	885	528
255	875	528
255	867	529
255	858	530
255	850	529
255	842	530
255	834	530
255	826	531
255	819	531
255	811	532
255	805	532
255	797	533
255	791	533
255	784	533
255	778	534
255	771	534
255	766	535
255	759	534
255	754	535
255	747	535
255	742	536
255	736	536
255	731	536
255	726	537
255	721	536
255	715	537
255	711	537
255	705	538
255	701	538
255	696	538
255	692	538
255	687	538
255	683	538
255	678	538
255	675	539
255	671	539
255	667	539
255	662	539
255	659	540
255	656	540
255	652	540
255	648	541
255	646	541
-255	642	540
-255	0	539
-255	0	538
-255	0	536
-255	0	536
-255	0	533
-255	0	532
-255	0	530
-255	0	529
-255	0	528
-255	0	527
-255	0	526
-255	0	524
-255	0	523
-255	0	521
-255	0	521
-255	0	519
-255	0	519
-255	0	517
