V2_mean	Isense_mean	dt	V2Ref_set
509	510	500	102
PWM	V2_read	Isense_read
0	510	511
0	509	510
0	510	510
0	509	511
0	510	511
0	510	510
0	510	510
0	510	511
0	510	510
0	509	511
0	511	511
0	510	511
0	511	510
0	510	510
0	510	511
0	510	510
0	511	511
0	510	510
0	510	510
0	510	511
0	510	511
0	509	510
0	510	511
0	509	511
0	510	511
0	509	511
0	510	510
0	509	511
0	510	510
0	509	510
0	510	511
0	509	510
0	510	510
0	509	511
0	510	510
0	509	510
0	510	510
0	509	511
0	510	510
0	510	511
0	510	511
0	510	510
0	510	511
0	510	511
0	510	511
0	510	510
0	511	510
0	510	510
0	511	511
0	510	511
0	510	511
0	510	510
0	511	510
0	510	511
0	510	511
0	510	510
0	510	510
0	509	510
0	510	510
0	509	510
0	509	511
0	509	510
0	510	511
0	509	510
0	510	511
0	509	510
0	510	511
0	509	510
0	510	510
0	509	511
0	510	510
0	509	511
0	510	511
0	509	510
0	510	511
0	510	511
0	511	510
0	510	510
0	510	510
0	510	511
0	511	511
0	510	510
0	511	510
0	510	510
0	510	510
0	510	510
0	510	511
0	510	511
0	510	511
0	509	511
0	510	511
0	509	511
0	510	511
0	509	510
0	510	510
0	509	510
0	509	511
0	509	510
0	510	510
0	509	511
0	510	510
0	509	510
0	510	510
0	510	510
0	510	511
0	510	510
0	510	510
0	510	511
0	510	511
0	510	510
0	511	511
0	510	510
0	511	511
0	510	511
0	510	511
0	510	511
0	511	510
0	510	510
0	510	510
0	510	510
0	510	510
0	510	510
0	510	511
0	509	511
0	510	510
0	509	510
0	509	511
0	509	510
0	510	510
0	509	510
0	509	511
0	509	511
0	510	510
0	509	510
0	510	511
0	509	510
0	510	510
0	510	510
0	510	511
0	510	511
0	510	510
0	510	511
0	510	511
0	510	510
0	510	510
0	510	510
0	511	510
0	510	510
0	511	510
0	510	510
0	511	511
0	510	510
0	510	511
0	510	511
0	510	511
0	510	511
0	510	510
0	509	510
0	510	510
0	509	510
0	510	510
0	510	510
0	510	510
0	509	510
0	509	511
0	509	511
0	510	511
0	509	510
0	510	510
0	510	511
0	510	510
0	509	511
0	510	511
0	510	510
0	510	511
0	510	511
0	511	510
0	510	511
0	510	510
0	510	510
0	511	510
0	511	510
0	510	510
0	510	511
0	510	511
0	510	511
0	511	511
0	510	511
0	510	510
0	510	510
0	510	510
0	510	511
0	510	511
0	509	511
0	510	510
0	509	511
0	510	510
0	509	511
0	510	511
0	509	511
53	510	511
69	510	511
83	527	510
101	508	511
117	533	510
127	568	511
134	596	511
137	623	511
139	634	511
139	638	511
136	663	511
135	639	512
137	626	512
137	631	512
142	601	512
139	652	512
143	607	513
140	651	512
139	635	512
144	592	513
146	614	512
142	656	513
145	603	513
143	641	513
142	630	513
147	588	514
145	641	514
148	601	514
145	642	514
149	595	515
146	641	515
150	595	515
147	640	515
150	595	515
153	605	515
149	647	515
152	599	515
149	635	516
153	592	515
151	634	516
150	626	516
150	617	515
155	583	516
152	632	516
156	593	517
154	632	516
157	597	516
154	632	518
158	592	517
156	630	517
159	597	518
157	630	518
160	597	518
158	629	518
160	597	518
159	624	518
162	597	518
160	628	518
163	598	519
161	628	519
164	598	519
162	628	519
161	620	519
165	589	519
163	625	519
166	596	519
167	608	520
165	633	520
167	601	521
165	625	520
168	595	520
166	625	520
169	596	521
168	627	521
166	622	521
170	586	521
169	627	521
170	605	521
168	625	521
172	591	522
169	633	522
169	612	522
173	589	522
170	631	523
173	597	522
171	627	522
173	601	522
171	623	522
174	595	523
173	624	523
174	605	523
173	621	523
175	599	523
174	622	524
176	601	524
174	624	524
176	598	524
176	619	524
177	607	525
175	624	525
176	608	524
178	596	525
177	622	525
179	602	525
177	624	525
180	597	526
178	626	526
180	600	526
179	621	526
180	602	526
181	606	526
180	623	526
181	604	527
181	617	527
182	606	527
181	620	527
183	601	527
181	622	527
184	598	527
182	624	527
184	602	528
183	619	528
184	603	528
184	615	527
185	605	529
185	618	528
185	608	528
185	613	529
187	602	528
186	622	529
187	607	529
186	617	529
188	601	529
188	618	530
188	612	529
187	616	530
189	598	530
188	620	530
190	603	530
188	628	530
190	599	531
188	622	530
191	594	531
189	626	531
191	603	532
189	622	530
192	597	531
190	624	532
191	605	532
191	613	531
192	607	532
192	617	532
192	610	532
192	612	533
193	605	533
193	616	533
193	609	532
193	611	533
195	604	533
193	626	533
194	602	534
195	610	533
194	616	534
195	608	534
196	610	534
194	623	534
196	602	535
196	611	534
195	617	535
197	599	534
196	618	535
197	610	536
197	612	535
197	614	535
197	608	535
198	608	536
198	614	536
198	608	537
200	606	536
198	620	537
200	604	536
200	614	537
200	612	537
200	611	537
201	606	537
201	612	538
202	608	537
202	614	537
202	610	537
203	609	538
203	610	538
204	610	537
204	612	538
204	611	538
205	607	538
206	611	539
206	614	539
206	613	539
206	609	539
207	608	539
207	611	539
208	607	539
209	611	540
209	612	539
209	612	540
210	607	540
211	610	540
211	611	541
212	610	540
213	609	541
213	612	541
214	608	541
214	611	541
215	608	541
216	610	541
216	611	541
217	609	542
218	608	541
219	609	541
220	608	542
221	607	542
223	605	542
255	604	542
255	603	543
255	602	543
255	599	542
255	597	543
255	595	543
255	593	543
255	591	543
255	589	543
255	587	543
255	586	543
255	583	543
255	582	544
255	580	543
255	578	543
255	576	544
255	575	544
255	573	545
255	572	544
255	569	544
255	568	544
255	566	544
255	565	545
255	564	544
255	562	545
255	561	545
255	559	545
255	557	545
255	557	545
255	555	545
255	555	544
255	553	545
255	552	546
255	551	545
255	550	546
255	548	545
255	548	546
255	547	545
255	546	545
255	545	545
255	544	546
255	543	545
255	542	545
255	541	546
255	541	546
255	539	545
255	539	545
255	538	545
255	538	546
255	537	546
255	536	546
255	535	546
255	535	546
255	533	546
255	533	546
255	532	546
255	532	546
255	532	545
255	531	546
255	530	546
255	530	546
255	529	546
255	529	547
255	528	546
255	528	546
255	527	546
255	527	546
255	527	546
255	526	546
255	526	546
255	526	547
255	525	546
255	525	546
255	525	546
255	525	546
255	524	546
255	523	546
255	522	546
255	522	546
255	521	547
255	521	546
255	520	547
255	520	547
255	519	546
255	520	546
255	519	547
255	519	547
255	518	546
255	518	547
255	517	546
255	517	547
255	516	547
255	517	546
255	516	546
255	516	547
255	516	547
255	517	547
255	517	547
255	517	546
255	516	546
255	517	546
255	515	546
255	515	547
255	514	546
255	514	546
255	513	547
255	513	547
255	512	547
255	521	547
255	520	547
255	521	547
255	520	547
255	520	546
255	520	547
255	519	546
255	519	546
255	519	547
255	517	547
255	518	547
255	517	546
255	517	546
255	517	547
255	517	547
255	517	547
255	517	547
255	516	547
255	517	547
-255	516	547
-255	0	546
-255	0	543
-255	0	542
-255	0	540
-255	0	539
-255	0	537
-255	0	536
-255	0	534
-255	0	533
-255	0	531
-255	0	530
-255	0	528
-255	0	527
-255	0	526
-255	0	525
-255	0	524
-255	0	522
-255	0	521
-255	0	520
-255	0	519
-255	0	518
-255	0	517
-255	0	516
-255	0	515
137	0	514
255	473	514
255	1016	516
255	1023	516
255	1023	517
255	1023	517
255	1023	517
255	1023	519
255	1023	519
255	1023	520
255	1023	521
255	1014	521
255	1002	521
255	990	521
255	979	523
255	967	523
255	958	524
255	946	524
255	936	525
255	925	526
255	916	526
255	906	527
255	897	527
255	887	527
255	879	528
255	869	528
255	861	529
255	853	530
255	846	530
255	836	530
255	829	531
255	821	531
255	815	532
255	807	532
255	801	532
255	793	532
255	787	532
255	780	533
255	774	533
255	767	534
255	762	534
255	755	534
255	750	534
255	744	535
255	738	535
255	733	536
255	728	536
255	722	536
255	717	537
-255	712	537
-255	0	535
-255	0	534
-255	0	532
-255	0	531
-255	0	530
-255	0	529
-255	0	527
-255	0	526
-255	0	525
-255	0	523
-255	0	523
-255	0	522
-255	0	520
-255	0	518
-255	0	518
-255	0	516
-255	0	516
-255	0	514
-255	0	514
-255	0	512
-255	0	512
-255	0	511
62	0	510
255	1002	511
255	1023	511
255	1023	512
255	1023	513
255	1023	513
255	1023	514
255	1023	515
255	1023	516
255	1023	517
255	1023	517
255	1023	518
255	1023	519
255	1023	519
255	1023	520
255	1010	521
255	999	521
255	987	523
255	976	522
255	964	523
255	954	524
255	943	524
255	934	525
255	923	526
255	914	526
255	904	526
255	896	527
255	886	527
255	878	528
255	869	529
255	860	528
255	852	530
255	844	530
255	836	530
255	829	531
255	820	531
255	814	531
255	806	532
255	799	533
255	791	533
255	785	533
255	777	532
255	771	534
255	764	534
255	758	535
255	751	534
255	744	535
255	736	535
255	732	535
255	727	535
-255	722	536
-255	0	535
-255	0	533
-255	0	531
-255	0	530
-255	0	529
-255	0	528
-255	0	526
-255	0	525
-255	0	524
-255	0	523
-255	0	521
-255	0	521
-255	0	519
-255	0	518
-255	0	517
-255	0	516
-255	0	515
-255	0	514
-255	0	513
-255	0	512
-255	0	512
-255	0	511
-66	0	509
255	708	510
255	1023	510
255	1023	511
255	1023	512
255	1023	514
255	1023	514
255	1023	515
255	1023	516
255	1023	516
255	1023	517
255	1023	518
255	1023	519
255	1023	519
255	1023	519
255	1022	521
255	1008	520
255	997	522
255	985	522
255	974	523
255	963	524
255	952	524
255	942	524
255	932	525
255	921	526
255	912	526
255	902	527
255	893	526
255	883	527
255	875	528
255	866	528
255	858	529
255	849	529
255	842	529
255	833	529
255	826	530
255	817	531
255	811	531
255	802	532
255	796	532
255	788	533
255	782	532
255	774	533
255	767	534
255	760	533
255	755	534
255	750	535
255	745	535
255	739	534
255	734	535
255	728	535
-255	723	536
-255	0	535
-255	0	533
-255	0	532
-255	0	530
-255	0	529
-255	0	527
-255	0	527
-255	0	525
-255	0	523
-255	0	523
-255	0	521
-255	0	521
-255	0	519
-255	0	518
-255	0	517
-255	0	515
-255	0	515
-255	0	513
-255	0	513
-255	0	512
-255	0	512
-255	0	510
-107	0	510
255	462	510
255	1023	510
255	1023	511
255	1023	511
255	1023	513
255	1023	513
255	1023	514
255	1023	515
255	1023	515
255	1023	517
255	1023	517
255	1023	518
255	1023	519
255	1023	519
255	1023	520
255	1013	521
255	1002	522
255	990	522
255	979	523
255	966	524
255	957	523
255	946	524
255	935	525
255	925	526
255	916	527
255	905	527
255	897	527
255	887	527
255	879	528
255	869	528
255	862	528
255	852	529
255	845	529
255	837	530
255	829	531
255	822	530
255	814	531
255	806	532
255	800	532
255	792	533
255	785	533
255	777	533
255	771	533
255	763	533
255	757	534
255	751	534
255	746	535
255	739	535
255	735	536
255	729	535
255	724	536
-255	718	536
-255	0	534
-255	0	533
-255	0	531
-255	0	530
-255	0	529
-255	0	528
-255	0	526
-255	0	524
-255	0	524
-255	0	523
-255	0	522
-255	0	521
-255	0	520
-255	0	518
-255	0	516
-255	0	516
-255	0	515
-255	0	514
-255	0	514
-255	0	512
-255	0	511
-255	0	510
-150	0	509
217	239	509
255	1023	509
255	1023	510
255	1023	512
255	1023	513
255	1023	514
255	1023	515
255	1023	514
255	1023	515
255	1023	516
255	1023	516
255	1023	518
255	1023	519
255	1023	519
255	1023	520
255	1019	520
255	1006	521
255	995	521
255	982	522
255	972	523
255	960	524
255	951	523
255	940	524
255	930	525
255	919	526
255	910	526
255	900	527
255	891	527
255	881	528
255	873	528
255	864	528
255	856	529
255	847	530
255	840	530
255	831	531
255	824	531
255	816	532
255	808	532
255	800	532
255	794	532
255	786	532
255	780	533
255	772	534
255	766	534
255	759	533
255	754	534
255	747	534
255	743	535
255	737	535
255	731	535
255	726	535
255	722	536
-255	715	536
-255	0	535
-255	0	533
-255	0	531
-255	0	531
-255	0	529
-255	0	528
-255	0	526
-255	0	525
-255	0	524
-255	0	523
-255	0	521
-255	0	521
-255	0	519
-255	0	519
-255	0	517
-255	0	516
-255	0	516
-255	0	514
-255	0	513
-255	0	512
-255	0	511
-255	0	510
-197	0	509
202	0	509
255	1001	509
255	1023	510
255	1023	511
255	1023	512
255	1023	513
255	1023	514
255	1023	515
255	1023	515
255	1023	516
255	1023	517
255	1023	518
255	1023	519
255	1023	519
255	1023	520
255	1023	520
255	1011	521
255	999	522
255	987	522
255	976	523
255	964	524
255	955	523
255	943	524
255	933	525
255	923	525
255	913	526
255	903	527
255	894	526
255	884	527
255	876	527
255	867	528
255	859	529
255	850	529
255	843	530
255	834	530
255	827	530
255	819	531
255	812	531
255	804	532
255	798	532
255	790	532
255	783	533
255	775	533
255	768	534
255	760	534
255	755	534
255	748	534
255	743	535
255	737	535
255	733	535
255	727	535
255	722	536
255	716	535
-255	712	536
-255	0	535
-255	0	533
-255	0	532
-255	0	530
-255	0	529
-255	0	528
-255	0	526
-255	0	525
-255	0	524
-255	0	523
-255	0	522
-255	0	520
-255	0	519
-255	0	518
-255	0	517
-255	0	516
-255	0	516
-255	0	515
-255	0	514
-255	0	512
-255	0	511
-255	0	511
-213	0	510
185	0	509
255	997	509
255	1023	510
255	1023	512
255	1023	512
255	1023	513
255	1023	514
255	1023	514
255	1023	515
255	1023	516
255	1023	517
255	1023	517
255	1023	518
255	1023	519
255	1023	519
255	1023	520
255	1012	520
255	1000	522
255	989	522
255	976	522
255	966	524
255	955	524
255	944	525
255	934	525
255	924	526
255	913	526
255	904	526
255	894	527
255	886	527
255	876	528
255	867	528
255	858	529
255	850	529
255	842	530
255	835	530
255	826	531
255	818	532
255	810	531
255	804	532
255	796	532
255	789	532
255	781	533
255	774	533
255	768	534
255	762	535
255	755	534
255	749	534
255	743	535
255	739	535
255	733	535
255	728	536
255	722	535
255	718	536
255	712	536
-255	708	537
-255	0	536
-255	0	534
-255	0	533
-255	0	531
-255	0	530
-255	0	528
-255	0	527
-255	0	526
-255	0	524
-255	0	523
-255	0	522
-255	0	521
-255	0	519
-255	0	519
-255	0	517
-255	0	516
-255	0	516
-255	0	515
-255	0	514
-255	0	512
-255	0	511
-255	0	511
-255	0	509
70	0	508
255	1022	509
255	1023	511
255	1023	511
255	1023	512
255	1023	513
255	1023	515
255	1023	516
255	1023	515
255	1023	516
255	1023	516
255	1023	516
255	1023	518
255	1023	519
255	1023	520
255	1021	520
255	1009	521
255	997	521
255	986	522
255	974	523
255	963	523
255	952	524
255	942	524
255	931	525
255	921	526
255	911	526
255	902	527
255	892	527
255	884	528
255	874	528
255	866	528
255	857	530
255	849	529
255	841	530
255	833	531
255	825	531
255	818	531
255	810	532
255	803	532
255	795	532
255	788	533
255	780	533
255	774	533
255	765	534
255	760	534
255	753	533
255	747	535
255	740	535
255	736	535
255	730	535
255	726	535
255	720	536
255	715	536
255	711	536
255	707	536
255	701	537
255	697	537
-255	692	536
-255	0	536
-255	0	534
-255	0	533
-255	0	532
-255	0	530
-255	0	529
-255	0	527
-255	0	526
-255	0	526
-255	0	524
-255	0	523
-255	0	521
-255	0	521
-255	0	520
-255	0	518
-255	0	517
-255	0	516
-255	0	515
-255	0	514
-255	0	514
-255	0	512
-255	0	511
-255	0	511
-147	0	510
211	256	509
255	1023	510
255	1023	510
255	1023	512
255	1023	513
255	1023	513
255	1023	514
255	1023	514
255	1023	516
255	1023	515
255	1023	516
255	1023	517
255	1023	519
255	1023	519
255	1023	520
255	1020	521
255	1008	522
255	995	522
255	984	523
255	972	523
255	961	523
255	950	524
255	940	524
255	929	526
255	919	526
255	909	526
255	900	527
255	890	528
255	881	527
255	872	528
255	864	529
255	855	529
255	847	529
255	838	529
255	831	530
255	823	530
255	815	531
255	807	532
255	800	531
255	793	532
255	785	532
255	777	533
255	770	533
255	763	533
255	758	534
255	751	535
255	746	534
255	740	535
255	735	535
255	729	535
255	724	535
255	719	535
255	714	536
255	709	536
255	704	537
255	699	537
-255	696	537
-255	0	536
-255	0	535
-255	0	532
-255	0	532
-255	0	530
-255	0	529
-255	0	528
-255	0	526
-255	0	525
-255	0	523
-255	0	523
-255	0	521
-255	0	520
-255	0	519
-255	0	518
-255	0	517
-255	0	516
-255	0	515
-255	0	514
-255	0	512
-255	0	512
-255	0	511
-255	0	510
-151	0	509
209	240	509
255	1023	509
255	1023	511
255	1023	511
255	1023	512
255	1023	513
255	1023	513
255	1023	515
255	1023	515
255	1023	516
255	1023	517
255	1023	517
255	1023	518
255	1023	520
255	1023	520
255	1022	521
255	1010	521
255	998	522
255	986	522
255	975	523
255	963	524
255	954	524
255	942	525
255	932	525
255	921	526
255	912	525
255	901	527
255	893	527
255	882	527
255	874	527
255	864	528
255	857	529
255	847	529
255	839	529
255	830	530
255	822	531
255	813	531
255	806	531
255	800	531
255	792	532
255	784	532
255	778	533
255	771	533
255	765	532
255	759	534
255	754	534
255	746	534
255	742	534
255	736	535
255	731	535
