V2_mean	Isense_mean	dt	V2Ref_set
509	510	500	102
PWM	V2_read	Isense_read
0	510	511
0	509	511
0	510	510
0	510	510
0	510	510
0	510	510
0	510	510
0	510	511
0	510	511
0	510	510
0	511	510
0	510	511
0	510	511
0	510	510
0	511	510
0	510	510
0	510	511
0	510	511
0	510	510
0	510	510
0	510	510
0	509	511
0	510	510
0	509	511
0	510	511
0	510	511
0	510	511
0	509	510
0	509	511
0	509	511
0	510	511
0	509	511
0	510	511
0	509	511
0	510	510
0	509	510
0	510	511
0	509	511
0	510	511
0	510	511
0	511	510
0	510	511
0	510	510
0	510	511
0	511	510
0	510	510
0	510	510
0	510	511
0	510	511
0	510	511
0	510	511
0	510	510
0	510	510
0	510	511
0	510	511
0	510	511
0	510	511
0	509	510
0	509	510
0	509	511
0	510	510
0	509	510
0	510	511
0	509	510
0	510	510
0	509	510
0	510	511
0	510	511
0	510	510
0	509	510
0	510	510
0	510	511
0	510	511
0	510	511
0	511	511
0	510	511
0	510	510
0	510	511
0	511	510
0	510	511
0	511	511
0	510	511
0	511	510
0	510	510
0	510	511
0	510	509
0	510	511
0	510	511
0	510	511
0	509	511
0	510	511
0	509	510
0	510	510
0	509	510
0	510	511
0	510	511
0	510	510
0	509	510
0	510	510
0	509	510
0	510	511
0	509	511
0	510	510
0	509	511
0	510	510
0	510	511
0	510	510
0	510	511
0	511	511
0	510	511
0	510	510
0	510	510
0	511	510
0	510	511
0	511	510
0	510	510
0	510	510
0	510	510
0	510	510
0	510	510
0	510	510
0	510	511
0	510	510
0	509	510
0	510	511
0	509	510
0	510	510
0	509	511
0	509	510
0	509	511
0	510	511
0	509	511
0	510	511
0	509	511
0	510	510
0	509	511
0	510	510
0	510	510
0	510	510
0	510	510
0	510	510
0	510	511
0	511	511
0	510	510
0	511	510
0	510	511
0	510	509
0	510	510
0	511	511
0	510	511
0	510	511
0	510	510
0	510	511
0	510	510
0	510	511
0	510	511
0	510	511
0	510	511
0	510	511
0	509	511
0	510	511
0	509	510
0	509	511
0	509	510
0	510	510
0	509	510
0	510	510
0	509	510
0	510	511
0	509	510
0	510	510
0	509	509
0	510	511
0	510	510
0	510	510
0	510	510
0	510	511
0	510	510
0	511	510
0	510	511
0	510	510
0	510	510
0	511	510
0	510	511
0	510	511
0	510	510
0	510	511
0	510	511
0	510	510
0	510	510
0	510	511
0	509	511
0	510	510
0	509	511
0	510	511
0	509	511
0	509	511
0	509	510
0	510	510
0	509	510
53	509	511
68	520	511
83	523	510
100	509	511
116	532	511
127	566	511
133	599	510
137	619	510
138	635	511
139	635	511
137	652	511
137	635	511
138	629	511
139	629	512
140	631	512
142	615	512
141	640	513
141	632	512
141	627	512
145	605	513
146	621	513
143	644	513
143	626	514
144	619	513
147	603	514
146	632	514
145	628	515
149	600	514
147	633	514
147	624	515
150	602	514
149	628	515
151	608	515
149	629	515
152	603	516
151	627	516
153	607	515
151	627	516
151	618	516
154	597	516
154	622	515
153	622	517
156	600	517
155	622	516
157	606	516
156	622	517
158	606	516
158	620	517
157	620	517
159	601	518
159	617	518
161	606	518
160	621	517
161	607	518
161	616	518
163	605	518
163	620	519
163	612	518
164	609	519
165	611	519
164	620	518
165	607	519
166	614	520
166	611	519
166	615	520
168	606	520
167	621	520
168	609	520
168	616	520
168	610	520
169	611	520
169	611	521
169	613	521
171	606	521
170	623	521
170	611	521
170	610	521
172	603	521
172	618	522
171	618	522
172	606	522
173	610	522
173	614	522
173	614	522
174	609	523
173	615	523
175	604	523
175	616	523
174	615	523
175	606	524
177	607	524
175	622	524
176	606	524
177	608	524
177	613	524
178	613	524
177	617	524
178	606	525
178	611	525
179	607	526
179	614	525
180	610	525
180	616	524
180	613	525
180	612	526
181	607	526
181	612	526
181	610	526
182	608	526
183	611	526
182	618	527
183	607	527
183	611	527
184	609	527
184	614	527
184	612	527
185	610	528
185	613	528
185	612	527
185	609	527
187	606	528
186	617	528
186	611	529
188	606	528
187	618	529
187	610	529
188	606	529
189	610	528
188	621	529
189	607	529
188	614	530
190	601	530
189	621	530
190	610	530
189	617	531
191	603	530
190	619	530
190	612	531
190	608	531
192	604	531
191	619	531
191	611	531
192	607	532
192	611	532
193	610	532
192	617	531
193	607	532
193	611	532
194	610	532
193	618	532
194	607	532
194	612	533
194	611	532
195	608	533
194	616	532
196	604	533
195	619	533
195	611	534
196	606	533
196	613	533
196	612	534
197	609	534
196	615	534
197	605	535
198	610	535
197	616	535
198	608	535
198	611	535
199	610	534
198	615	535
200	606	536
199	615	535
200	609	536
200	611	536
201	610	536
200	614	537
201	606	536
202	608	537
202	613	537
203	610	536
203	614	537
203	611	537
203	609	537
204	606	537
205	610	538
205	613	538
205	612	537
206	608	538
206	611	538
207	608	538
208	611	539
208	612	539
208	613	538
208	610	540
209	608	539
210	608	540
210	612	539
211	609	540
212	611	539
212	612	540
212	610	540
213	607	540
214	609	541
215	610	540
215	613	540
216	611	541
216	611	541
217	608	540
218	609	542
219	609	541
220	608	541
221	607	541
222	606	542
255	604	542
255	604	542
255	601	542
255	599	542
255	596	542
255	594	542
255	592	542
255	590	542
255	588	542
255	586	543
255	584	543
255	583	543
255	580	544
255	579	544
255	578	544
255	577	543
255	574	543
255	574	544
255	572	544
255	571	543
255	577	544
255	578	544
255	576	543
255	575	544
255	574	543
255	573	544
255	571	544
255	569	544
255	568	544
255	567	544
255	565	544
255	564	544
255	562	545
255	561	545
255	559	545
255	559	545
255	557	545
255	557	545
255	555	545
255	555	545
255	553	545
255	553	546
255	552	545
255	551	545
255	550	545
255	549	545
255	548	546
255	547	546
255	546	545
255	546	546
255	545	546
255	545	546
255	543	546
255	543	545
255	541	546
255	541	546
255	540	546
255	540	546
255	538	546
255	538	546
255	537	546
255	537	546
255	536	546
255	535	546
255	534	546
255	534	546
255	533	547
255	533	546
255	532	546
255	532	546
255	531	547
255	531	546
255	530	546
255	530	547
255	529	546
255	530	547
255	529	546
255	529	547
255	528	546
255	528	546
255	527	547
255	527	547
255	526	546
255	527	547
255	526	547
255	526	546
255	524	546
255	525	547
255	524	546
255	524	547
255	523	547
255	523	546
255	522	546
255	522	547
255	521	547
255	522	547
255	521	547
255	521	547
255	521	547
255	521	547
255	520	547
255	520	546
255	520	547
255	520	547
255	519	547
255	520	547
255	519	547
255	519	547
255	519	547
255	519	547
255	518	547
255	518	547
255	518	547
255	518	547
255	518	547
255	518	546
255	517	547
255	517	547
255	517	547
255	517	546
255	516	548
255	516	547
255	516	547
255	516	547
255	516	547
255	516	547
255	515	547
255	515	547
255	514	547
255	515	548
255	514	547
255	515	548
255	514	547
-255	515	547
-255	0	546
-255	0	544
-255	0	542
-255	0	541
-255	0	538
-255	0	537
-255	0	536
-255	0	534
-255	0	533
-255	0	532
-255	0	531
-255	0	528
-255	0	528
-255	0	527
-255	0	526
-255	0	524
-255	0	522
-255	0	522
-255	0	520
-255	0	520
-255	0	519
-255	0	517
-255	0	516
-211	0	515
178	0	514
255	676	514
255	1023	515
255	1023	516
255	1023	517
255	1023	517
255	1023	518
255	1023	519
255	1023	519
255	1023	521
255	1016	521
255	1004	521
255	992	522
255	982	522
255	970	523
255	960	523
255	948	524
255	939	525
255	928	525
255	919	526
255	908	526
255	900	527
255	889	528
255	881	528
255	872	528
255	864	529
255	854	529
255	847	530
255	838	531
255	831	531
255	823	531
255	816	532
255	808	532
255	802	532
255	794	532
255	788	533
255	781	533
255	775	533
255	768	534
255	763	533
255	756	534
255	751	535
255	745	535
255	740	535
255	734	535
255	730	536
255	724	537
255	719	536
255	714	537
255	709	536
-255	704	537
-255	0	536
-255	0	535
-255	0	533
-255	0	531
-255	0	531
-255	0	528
-255	0	528
-255	0	527
-255	0	525
-255	0	524
-255	0	523
-255	0	521
-255	0	520
-255	0	519
-255	0	517
-255	0	516
-255	0	515
-255	0	515
-255	0	514
-255	0	513
-255	0	512
-255	0	511
107	0	510
255	823	511
255	1023	511
255	1023	512
255	1023	513
255	1023	514
255	1023	515
255	1023	516
255	1023	516
255	1023	517
255	1023	518
255	1023	519
255	1023	519
255	1023	519
255	1020	520
255	1007	521
255	996	523
255	984	522
255	974	523
255	962	523
255	952	524
255	941	525
255	932	525
255	921	525
255	912	526
255	902	527
255	894	527
255	884	528
255	876	528
255	867	529
255	859	529
255	851	529
255	843	530
255	834	531
255	827	531
255	819	531
255	812	532
255	805	532
255	798	532
255	790	532
255	785	532
255	777	534
255	771	533
255	764	534
255	759	535
255	752	535
255	747	535
255	741	535
255	736	535
-255	729	536
-255	0	534
-255	0	533
-255	0	532
-255	0	530
-255	0	529
-255	0	528
-255	0	527
-255	0	525
-255	0	524
-255	0	523
-255	0	522
-255	0	521
-255	0	519
-255	0	519
-255	0	517
-255	0	516
-255	0	515
-255	0	514
-255	0	514
-255	0	512
-255	0	512
-255	0	511
66	0	510
255	998	510
255	1023	511
255	1023	512
255	1023	513
255	1023	514
255	1023	514
255	1023	515
255	1023	516
255	1023	517
255	1023	517
255	1023	518
255	1023	519
255	1023	520
255	1023	519
255	1012	521
255	1001	521
255	989	523
255	979	523
255	967	523
255	957	524
255	946	524
255	936	525
255	926	525
255	916	526
255	906	527
255	897	527
255	887	527
255	879	528
255	870	528
255	862	529
255	853	530
255	845	530
255	836	530
255	829	530
255	821	530
255	814	531
255	806	532
255	800	532
255	792	533
255	787	533
255	779	533
255	773	533
255	767	533
255	761	534
255	755	534
255	750	535
255	743	535
255	738	535
255	733	535
255	728	535
-255	723	536
-255	0	535
-255	0	534
-255	0	532
-255	0	530
-255	0	529
-255	0	528
-255	0	527
-255	0	526
-255	0	524
-255	0	523
-255	0	522
-255	0	521
-255	0	519
-255	0	519
-255	0	517
-255	0	516
-255	0	515
-255	0	514
-255	0	513
-255	0	512
-255	0	512
-255	0	511
-72	0	509
255	642	510
255	1023	510
255	1023	511
255	1023	512
255	1023	513
255	1023	515
255	1023	515
255	1023	515
255	1023	516
255	1023	518
255	1023	518
255	1023	519
255	1023	519
255	1023	520
255	1016	520
255	1005	521
255	992	521
255	982	522
255	970	523
255	960	523
255	949	524
255	939	525
255	928	525
255	918	525
255	908	527
255	900	527
255	889	527
255	882	528
255	872	528
255	864	529
255	856	529
255	848	530
255	840	530
255	832	531
255	824	531
255	818	531
255	810	532
255	803	532
255	796	533
255	789	533
255	782	533
255	776	533
255	769	533
255	764	533
255	757	534
255	752	535
255	745	535
255	740	536
255	734	536
255	729	535
255	723	536
-255	719	537
-255	0	536
-255	0	534
-255	0	533
-255	0	531
-255	0	529
-255	0	528
-255	0	527
-255	0	526
-255	0	524
-255	0	523
-255	0	522
-255	0	521
-255	0	520
-255	0	519
-255	0	517
-255	0	516
-255	0	515
-255	0	514
-255	0	514
-255	0	513
-255	0	511
-255	0	510
-132	0	510
222	323	509
255	1023	510
255	1023	511
255	1023	512
255	1023	513
255	1023	514
255	1023	514
255	1023	515
255	1023	516
255	1023	517
255	1023	518
255	1023	519
255	1023	519
255	1023	520
255	1023	521
255	1010	520
255	999	521
255	987	522
255	976	523
255	965	524
255	954	524
255	943	524
255	934	525
255	924	526
255	914	526
255	904	526
255	896	527
255	886	528
255	878	529
255	868	528
255	860	529
255	851	529
255	843	530
255	835	531
255	828	531
255	820	532
255	813	532
255	805	532
255	799	533
255	791	533
255	785	533
255	778	533
255	772	534
255	766	533
255	760	534
255	753	534
255	748	535
255	742	536
255	737	535
255	732	536
255	727	536
255	721	537
-255	717	536
-255	0	535
-255	0	534
-255	0	532
-255	0	531
-255	0	530
-255	0	528
-255	0	527
-255	0	526
-255	0	524
-255	0	523
-255	0	522
-255	0	521
-255	0	520
-255	0	518
-255	0	518
-255	0	516
-255	0	515
-255	0	515
-255	0	513
-255	0	513
-255	0	512
-255	0	510
-150	0	510
217	221	510
255	1023	510
255	1023	511
255	1023	512
255	1023	512
255	1023	513
255	1023	515
255	1023	516
255	1023	515
255	1023	517
255	1023	518
255	1023	518
255	1023	519
255	1023	519
255	1023	520
255	1011	521
255	1000	522
255	988	522
255	977	523
255	965	523
255	955	524
255	943	524
255	934	525
255	924	526
255	914	526
255	904	527
255	895	527
255	885	527
255	878	528
255	868	528
255	860	529
255	852	530
255	845	530
255	835	530
255	829	531
255	821	531
255	814	532
255	806	532
255	800	532
255	793	532
255	786	532
255	779	533
255	773	534
255	766	534
255	761	534
255	754	534
255	749	535
255	743	536
255	738	535
255	731	535
255	727	536
255	721	537
-255	716	537
-255	0	535
-255	0	534
-255	0	532
-255	0	531
-255	0	529
-255	0	527
-255	0	527
-255	0	526
-255	0	525
-255	0	522
-255	0	522
-255	0	521
-255	0	520
-255	0	519
-255	0	518
-255	0	517
-255	0	516
-255	0	515
-255	0	513
-255	0	513
-255	0	512
-255	0	511
-255	0	510
145	0	509
255	983	510
255	1023	511
255	1023	511
255	1023	513
255	1023	513
255	1023	514
255	1023	515
255	1023	515
255	1023	516
255	1023	517
255	1023	517
255	1023	519
255	1023	520
255	1023	520
255	1018	520
255	1008	522
255	995	521
255	984	523
255	973	522
255	962	524
255	951	524
255	942	525
255	930	525
255	922	526
255	911	526
255	902	527
255	892	527
255	884	528
255	875	528
255	866	528
255	857	528
255	849	529
255	841	530
255	833	531
255	825	531
255	818	531
255	810	531
255	803	532
255	796	532
255	790	532
255	783	533
255	777	534
255	770	534
255	764	534
255	758	534
255	752	535
255	746	535
255	741	536
255	736	536
255	731	536
255	725	535
255	720	536
-255	715	537
-255	0	536
-255	0	534
-255	0	533
-255	0	531
-255	0	530
-255	0	528
-255	0	527
-255	0	526
-255	0	524
-255	0	524
-255	0	523
-255	0	521
-255	0	520
-255	0	519
-255	0	518
-255	0	517
-255	0	516
-255	0	515
-255	0	514
-255	0	513
-255	0	512
-255	0	512
-255	0	510
105	0	509
255	989	510
255	1023	510
255	1023	512
255	1023	512
255	1023	513
255	1023	514
255	1023	515
255	1023	515
255	1023	516
255	1023	517
255	1023	518
255	1023	518
255	1023	519
255	1023	521
255	1018	520
255	1006	521
255	994	522
255	982	523
255	972	523
255	960	523
255	950	524
255	939	525
255	929	525
255	918	526
255	910	526
255	900	527
255	891	527
255	881	528
255	874	528
255	865	528
255	857	529
255	848	529
255	841	531
255	832	531
255	826	531
255	817	531
255	811	531
255	803	532
255	797	532
255	789	532
255	784	533
255	776	533
255	770	534
255	764	534
255	758	534
255	752	535
255	746	535
255	740	535
255	735	535
255	729	536
255	724	536
255	719	537
255	715	536
255	709	537
-255	705	537
-255	0	536
-255	0	534
-255	0	534
-255	0	532
-255	0	530
-255	0	529
-255	0	528
-255	0	527
-255	0	526
-255	0	524
-255	0	523
-255	0	521
-255	0	520
-255	0	519
-255	0	519
-255	0	516
-255	0	516
-255	0	514
-255	0	514
-255	0	513
-255	0	512
-255	0	511
-255	0	510
69	0	509
255	1005	510
255	1023	511
255	1023	512
255	1023	513
255	1023	513
255	1023	514
255	1023	515
255	1023	515
255	1023	517
255	1023	517
255	1023	518
255	1023	519
255	1023	519
255	1023	520
255	1013	520
255	1002	521
255	990	522
255	980	523
255	968	523
255	958	524
255	946	524
255	937	525
255	926	525
255	917	526
255	906	527
255	898	527
255	888	528
255	879	527
255	870	528
255	862	529
255	853	530
255	845	530
255	837	530
255	829	531
255	821	531
255	815	531
255	807	531
255	800	532
255	793	532
255	787	533
255	780	534
255	774	534
255	767	533
255	762	534
255	755	535
255	750	534
255	744	535
255	739	535
255	733	535
255	728	536
255	723	536
255	718	536
255	713	537
255	708	536
255	703	538
255	699	538
-255	694	538
-255	0	536
-255	0	534
-255	0	534
-255	0	532
-255	0	530
-255	0	529
-255	0	528
-255	0	527
-255	0	526
-255	0	524
-255	0	523
-255	0	522
-255	0	521
-255	0	519
-255	0	519
-255	0	517
-255	0	516
-255	0	515
-255	0	514
-255	0	513
-255	0	513
-255	0	512
-255	0	510
