V2_mean	Isense_mean	dt	V2Ref_set
509	510	500	0
PWM	V2_read	Isense_read
1	510	511
2	510	510
3	511	510
4	510	511
5	511	511
6	510	510
7	510	511
8	510	511
9	510	510
10	510	511
11	510	510
12	510	510
13	510	510
14	510	510
15	510	510
16	510	510
17	510	510
18	509	510
19	509	511
20	509	511
21	510	510
22	509	509
23	510	510
24	509	509
25	510	510
26	509	510
27	510	510
28	510	510
29	510	511
30	510	511
31	510	510
32	510	510
33	510	510
34	510	510
35	510	510
36	510	510
37	510	511
38	510	510
39	511	511
40	510	511
41	511	510
42	510	511
43	512	510
44	513	510
45	508	511
46	513	511
47	506	510
48	513	510
49	506	511
50	512	510
51	513	510
52	512	510
53	505	510
54	512	511
55	505	510
56	512	511
57	504	510
58	513	511
59	513	510
60	503	511
61	514	510
62	503	510
63	514	511
64	505	510
65	519	510
66	517	511
67	503	510
68	517	510
69	503	511
70	518	510
71	504	510
72	515	511
73	517	510
74	503	510
75	518	510
76	504	510
77	518	510
78	503	510
79	518	510
80	518	511
81	518	510
82	503	510
83	518	510
84	503	510
85	519	510
86	503	511
87	519	510
88	518	510
89	504	510
90	518	511
91	504	510
92	519	510
93	504	511
94	519	510
95	520	510
96	504	510
97	521	510
98	505	510
99	521	511
100	506	510
101	522	510
102	522	511
103	507	511
104	523	510
105	509	510
106	524	511
107	510	511
108	525	511
109	527	511
110	527	511
111	514	511
112	530	510
113	516	510
114	533	510
115	520	511
116	536	511
117	539	511
118	526	510
119	545	511
120	533	511
121	551	510
122	539	511
123	558	511
124	562	511
125	551	511
126	570	511
127	559	511
128	578	511
129	566	512
130	586	512
131	591	512
132	577	511
133	598	512
134	584	511
135	606	512
136	592	512
137	613	512
138	616	512
139	620	512
140	605	512
141	627	512
142	612	513
143	633	513
144	617	512
145	639	512
146	641	513
147	626	513
148	646	513
149	631	514
150	650	514
151	637	513
152	654	513
153	656	514
154	643	515
155	659	514
156	648	515
157	662	515
158	653	515
159	665	515
160	666	515
161	660	515
162	669	516
163	664	516
164	672	516
165	669	516
166	676	517
167	679	517
168	682	517
169	682	517
170	689	517
171	692	517
172	700	518
173	702	518
174	708	517
175	711	518
176	712	518
177	718	519
178	721	519
179	726	519
180	728	519
181	733	520
182	735	520
183	739	520
184	743	521
185	746	521
186	748	521
187	752	522
188	754	521
189	758	523
190	765	522
191	773	522
192	778	523
193	783	523
194	788	524
195	795	524
196	799	524
197	803	525
198	806	525
199	808	525
200	810	526
201	811	526
202	812	526
203	812	527
204	812	527
205	813	527
206	811	527
207	812	528
208	810	528
209	810	528
210	808	529
211	807	530
212	805	530
213	802	530
214	801	530
215	800	531
216	797	531
217	794	531
218	790	532
219	786	532
220	781	532
221	777	534
222	771	533
223	767	533
224	760	534
225	756	533
226	750	534
227	746	534
228	740	535
229	735	535
230	730	535
231	726	535
232	721	536
233	716	536
234	711	536
235	708	536
236	703	537
237	699	537
238	695	538
239	691	537
240	687	537
241	684	538
242	679	538
243	676	538
244	672	538
245	669	539
246	665	539
247	662	539
248	658	538
249	655	539
250	652	539
251	649	540
252	646	539
253	643	539
254	640	540
255	637	540
254	634	541
253	632	540
252	629	540
251	627	540
250	623	540
249	621	541
248	618	541
247	617	541
246	614	541
245	612	541
244	608	542
243	607	542
242	605	542
241	604	542
240	602	542
239	600	542
238	597	542
237	596	542
236	594	542
235	592	542
234	591	543
233	590	543
232	587	542
231	586	543
230	584	542
229	583	543
228	580	543
227	579	543
226	577	543
225	575	543
224	573	543
223	572	544
222	570	543
221	568	543
220	566	544
219	564	543
218	561	543
217	558	544
216	554	544
215	550	544
214	544	544
213	539	544
212	533	544
211	529	544
210	524	544
209	520	544
208	514	543
207	510	543
206	504	543
205	498	544
204	493	543
203	487	544
202	480	544
201	474	544
200	468	544
199	461	543
198	453	544
197	445	543
196	437	544
195	427	543
194	415	544
193	405	543
192	398	544
191	392	542
190	384	543
189	376	542
188	367	543
187	355	542
186	348	543
185	343	542
184	338	541
183	334	542
182	328	541
181	325	542
180	320	541
179	316	540
178	310	540
177	308	540
176	303	540
175	298	540
174	296	540
173	290	539
172	290	539
171	284	539
170	284	538
169	280	538
168	276	538
167	268	538
166	270	537
165	262	537
164	268	537
163	261	536
162	268	537
161	268	536
160	259	536
159	269	536
158	258	535
157	270	535
156	256	535
155	271	534
154	271	534
153	255	533
152	271	533
151	255	533
150	271	532
149	254	533
148	271	532
147	271	532
146	252	531
145	270	531
144	251	532
143	269	530
142	250	531
141	268	530
140	267	529
139	267	530
138	248	529
137	266	529
136	248	528
135	264	529
134	247	528
133	263	527
132	262	528
131	246	527
130	261	527
129	243	527
128	259	527
127	242	526
126	258	526
125	257	525
124	239	525
123	255	525
122	238	525
121	253	524
120	236	523
119	251	524
118	249	524
117	233	523
116	247	523
115	232	523
114	245	522
113	229	522
112	243	521
111	242	522
110	241	521
109	225	521
108	239	520
107	224	520
106	237	520
105	222	519
104	236	518
103	235	518
102	220	518
101	234	518
100	219	518
99	233	517
98	218	517
97	232	517
96	231	516
95	216	515
94	229	515
93	216	515
92	229	515
91	215	514
90	227	515
89	228	513
88	214	514
87	227	514
86	215	513
85	228	513
84	216	513
83	230	512
82	231	512
81	233	511
80	225	512
79	245	511
78	268	510
77	462	511
76	495	511
75	514	511
74	514	511
73	501	510
72	514	510
71	502	510
70	515	511
69	502	510
68	516	511
67	516	510
66	501	510
65	516	510
64	502	510
63	516	510
62	502	511
61	516	510
60	515	510
59	503	510
58	515	510
57	504	510
56	513	511
55	504	510
54	513	510
53	513	509
52	512	510
51	505	510
50	512	511
49	505	511
48	512	511
47	505	510
46	511	510
45	512	511
44	505	510
43	510	510
42	505	510
41	509	510
40	507	511
39	509	510
38	508	511
37	509	510
36	509	510
35	510	510
34	509	510
33	510	511
32	510	511
31	510	510
30	510	511
29	510	509
28	510	510
27	511	511
26	510	510
25	510	511
24	510	510
23	510	511
22	510	511
21	510	510
20	510	511
19	510	510
18	510	510
17	510	511
16	510	510
15	510	510
14	509	511
13	510	510
12	509	510
11	510	510
10	509	510
9	509	510
8	509	510
7	510	511
6	509	511
5	509	510
4	509	510
3	510	510
2	509	510
1	510	511
0	510	511
-1	510	510
-2	510	510
-3	510	511
-4	510	511
-5	511	510
-6	510	510
-7	511	510
-8	510	510
-9	510	511
-10	510	511
-11	511	510
-12	510	510
-13	510	510
-14	510	510
-15	510	510
-16	510	510
-17	510	511
-18	509	510
-19	510	510
-20	509	511
-21	510	510
-22	509	511
-23	509	511
-24	509	511
-25	509	510
-26	509	510
-27	510	510
-28	508	510
-29	510	510
-30	509	510
-31	510	511
-32	509	510
-33	510	510
-34	509	511
-35	510	510
-36	510	511
-37	510	510
-38	510	510
-39	510	511
-40	509	510
-41	507	511
-42	506	510
-43	510	510
-44	507	510
-45	512	510
-46	507	510
-47	513	510
-48	508	510
-49	508	511
-50	512	510
-51	508	510
-52	512	510
-53	508	511
-54	512	510
-55	508	510
-56	506	510
-57	509	510
-58	508	511
-59	512	510
-60	508	510
-61	511	510
-62	508	510
-63	508	510
-64	508	511
-65	512	510
-66	508	510
-67	509	510
-68	511	510
-69	509	511
-70	509	511
-71	509	510
-72	511	510
-73	510	511
-74	511	510
-75	510	510
-76	512	510
-77	510	510
-78	509	510
-79	512	510
-80	510	511
-81	512	510
-82	509	511
-83	511	511
-84	513	510
-85	509	511
-86	512	510
-87	508	510
-88	511	511
-89	507	510
-90	511	510
-91	507	510
-92	506	511
-93	506	510
-94	510	510
-95	505	510
-96	510	510
-97	505	510
-98	509	511
-99	504	511
-100	503	511
-101	509	510
-102	502	510
-103	508	510
-104	501	510
-105	507	510
-106	500	511
-107	499	509
-108	505	510
-109	498	511
-110	503	509
-111	496	510
-112	499	510
-113	493	511
-114	491	510
-115	495	510
-116	487	511
-117	490	511
-118	481	511
-119	483	510
-120	475	510
-121	472	510
-122	468	510
-123	469	509
-124	462	509
-125	461	511
-126	454	510
-127	453	510
-128	448	510
-129	446	509
-130	441	509
-131	439	509
-132	433	509
-133	433	509
-134	426	509
-135	427	509
-136	424	509
-137	416	509
-138	418	509
-139	409	508
-140	412	508
-141	402	508
-142	407	508
-143	404	508
-144	392	508
-145	397	507
-146	385	507
-147	392	507
-148	379	507
-149	385	507
-150	381	507
-151	378	507
-152	367	506
-153	371	506
-154	361	507
-155	365	507
-156	354	505
-157	357	505
-158	352	506
-159	343	505
-160	340	505
-161	328	505
-162	322	505
-163	315	505
-164	311	505
-165	306	504
-166	300	504
-167	295	504
-168	291	503
-169	285	504
-170	282	503
-171	275	502
-172	271	502
-173	270	502
-174	262	502
-175	263	501
-176	255	501
-177	256	501
-178	249	501
-179	248	500
-180	245	500
-181	245	499
-182	237	500
-183	238	498
-184	232	499
-185	235	499
-186	230	498
-187	230	498
-188	235	498
-189	232	497
-190	237	496
-191	235	497
-192	240	496
-193	239	496
-194	240	495
-195	247	495
-196	245	495
-197	252	495
-198	250	494
-199	254	494
-200	248	495
-201	248	494
-202	251	494
-203	249	492
-204	252	492
-205	250	493
-206	252	492
-207	251	492
-208	251	491
-209	251	492
-210	253	491
-211	253	490
-212	254	490
-213	253	491
-214	254	490
-215	254	490
-216	255	489
-217	257	489
-218	257	488
-219	260	488
-220	260	488
-221	261	487
-222	262	487
-223	264	487
-224	266	487
-225	270	487
-226	273	486
-227	278	486
-228	282	486
-229	286	485
-230	290	485
-231	295	485
-232	300	484
-233	304	485
-234	308	484
-235	313	484
-236	317	483
-237	321	483
-238	325	484
-239	330	483
-240	333	483
-241	337	483
-242	341	483
-243	345	483
-244	348	482
-245	352	483
-246	354	482
-247	358	481
-248	362	480
-249	365	481
-250	368	481
-251	370	481
-252	373	481
-253	377	481
-254	379	480
-255	382	480
-254	384	480
-253	387	479
-252	390	480
-251	392	480
-250	394	480
-249	397	480
-248	399	479
-247	402	480
-246	404	479
-245	406	480
-244	408	479
-243	411	479
-242	412	479
-241	415	478
-240	416	479
-239	419	479
-238	420	478
-237	423	479
-236	424	478
-235	427	479
-234	428	478
-233	431	478
-232	432	478
-231	434	478
-230	435	478
-229	438	477
-228	440	477
-227	441	478
-226	443	477
-225	445	477
-224	448	477
-223	451	477
-222	455	477
-221	459	477
-220	463	476
-219	470	476
-218	474	476
-217	479	477
-216	482	477
-215	487	477
-214	492	477
-213	496	476
-212	502	477
-211	507	477
-210	512	476
-209	516	476
-208	521	477
-207	526	476
-206	532	476
-205	535	477
-204	541	477
-203	544	476
-202	550	477
-201	552	478
-200	556	477
-199	563	477
-198	564	477
-197	573	477
-196	575	478
-195	582	477
-194	580	477
-193	581	477
-192	587	477
-191	586	477
-190	591	478
-189	590	478
-188	597	478
-187	597	478
-186	600	479
-185	610	478
-184	611	478
-183	622	479
-182	625	479
-181	638	478
-180	639	479
-179	643	478
-178	646	479
-177	657	480
-176	658	480
-175	668	480
-174	668	480
-173	678	480
-172	679	481
-171	686	481
-170	694	481
-169	697	481
-168	704	481
-167	710	481
-166	715	482
-165	721	482
-164	726	482
-163	730	482
-162	737	483
-161	739	482
-160	748	483
-159	752	483
-158	764	484
-157	770	485
-156	765	485
-155	775	484
-154	768	486
-153	778	485
-152	770	486
-151	780	485
-150	781	487
-149	783	488
-148	773	488
-147	784	487
-146	775	487
-145	784	488
-144	775	488
-143	786	488
-142	785	489
-141	778	490
-140	785	490
-139	779	490
-138	785	490
-137	780	490
-136	784	490
-135	785	491
-134	782	491
-133	784	492
-132	783	492
-131	784	492
-130	784	493
-129	784	493
-128	784	493
-127	786	494
-126	784	493
-125	787	494
-124	784	494
-123	788	495
-122	784	495
-121	785	495
-120	785	496
-119	789	496
-118	784	496
-117	790	496
-116	784	497
-115	790	497
-114	784	498
-113	785	498
-112	791	498
-111	785	499
-110	791	499
-109	785	499
-108	792	500
-107	785	500
-106	785	500
-105	794	500
-104	786	501
-103	795	501
-102	787	501
-101	796	501
-100	788	502
-99	790	502
-98	798	503
-97	791	503
-96	799	503
-95	792	503
-94	801	504
-93	794	504
-92	794	505
-91	795	505
-90	803	505
-89	795	506
-88	804	506
-87	797	506
-86	805	507
-85	797	507
-84	796	507
-83	805	508
-82	794	507
-81	772	508
-80	776	508
-79	768	508
-78	767	508
-77	767	508
-76	770	509
-75	735	510
-74	582	510
-73	518	510
-72	515	510
-71	512	510
-70	511	510
-69	513	510
-68	510	511
-67	513	510
-66	510	510
-65	513	509
-64	510	510
-63	510	510
-62	510	510
-61	513	510
-60	510	510
-59	513	510
-58	509	510
-57	513	511
-56	509	510
-55	510	510
-54	513	510
-53	510	510
-52	513	509
-51	511	510
-50	512	510
-49	510	510
-48	510	510
-47	513	510
-46	508	510
-45	513	510
-44	508	510
-43	513	509
-42	509	510
-41	510	510
-40	513	510
-39	512	510
-38	512	509
-37	511	510
-36	510	510
-35	510	510
-34	509	510
-33	510	510
-32	509	510
-31	510	510
-30	509	510
-29	510	510
-28	510	509
-27	510	510
-26	510	510
-25	510	510
-24	510	510
-23	511	510
-22	511	510
-21	511	509
-20	510	510
-19	510	510
-18	510	511
-17	511	510
-16	510	509
-15	510	510
-14	510	510
-13	510	510
-12	509	510
-11	510	510
-10	509	510
-9	510	510
-8	509	510
-7	510	510
-6	509	510
-5	510	510
-4	509	509
-3	509	510
-2	509	509
-1	510	509
0	509	510
1	506	510
2	508	510
3	510	510
4	510	509
5	510	509
6	510	510
7	510	510
8	510	510
9	510	510
10	510	510
11	511	510
12	510	510
13	510	510
14	510	510
15	511	510
16	510	510
17	510	509
18	510	510
19	510	510
20	510	510
21	510	510
22	510	510
23	510	510
24	509	510
25	510	509
26	510	510
27	510	510
28	510	509
29	512	510
30	510	510
31	511	510
32	509	509
33	510	510
34	509	510
35	510	510
36	509	510
37	510	511
38	510	510
39	510	510
40	509	509
41	511	510
42	510	510
43	513	510
44	509	510
45	514	510
46	513	510
47	507	510
48	513	510
49	506	510
50	513	510
51	506	509
52	513	509
53	514	510
54	513	510
55	505	509
56	513	510
57	505	510
58	513	510
59	504	510
60	513	510
61	513	510
62	503	509
63	514	510
64	503	510
65	517	510
66	502	510
67	517	510
68	517	509
69	502	510
70	517	510
71	503	510
72	515	511
73	503	510
74	517	510
75	517	510
76	503	510
77	517	510
78	503	510
79	517	509
80	504	510
81	519	510
82	518	510
83	519	509
84	503	510
85	520	510
86	504	510
87	519	510
88	504	511
89	520	509
90	519	511
91	504	510
92	520	509
93	505	510
94	520	510
95	505	509
96	520	510
97	521	509
98	505	510
99	521	510
100	505	510
101	522	510
102	506	510
103	522	510
104	522	510
105	508	509
106	523	510
107	510	509
108	525	510
109	511	510
110	527	511
111	529	511
112	529	510
113	517	511
114	533	510
115	521	510
116	537	510
117	525	510
118	543	510
119	546	510
120	533	510
121	553	511
122	541	510
123	560	511
124	548	510
125	568	510
126	571	511
127	560	511
128	579	511
129	568	510
130	587	511
131	575	511
132	594	511
133	599	512
134	586	511
135	607	512
136	592	511
137	613	511
138	599	512
139	621	512
140	624	512
141	628	512
142	612	512
143	634	512
144	619	512
145	640	513
146	625	512
147	646	513
148	647	513
149	633	513
150	652	513
151	639	514
152	657	513
153	643	513
154	660	514
155	662	514
156	651	514
157	665	514
158	656	515
159	668	515
160	660	515
161	671	515
162	672	515
163	667	515
164	675	515
165	672	516
166	679	516
167	677	516
168	684	516
169	688	516
170	692	517
171	694	517
172	702	518
173	704	518
174	709	518
175	712	519
176	716	519
177	721	519
178	723	519
179	729	519
180	730	520
181	736	520
182	738	519
183	743	520
184	746	520
185	749	521
186	751	521
187	755	521
188	758	521
189	763	521
190	768	522
191	777	522
192	781	522
193	786	523
194	792	524
195	798	523
196	803	524
197	806	525
198	808	526
199	811	525
200	813	525
201	813	526
202	814	526
203	814	526
204	815	527
205	814	527
206	814	528
207	814	528
208	813	527
209	813	529
210	811	529
211	810	529
212	807	530
213	805	530
214	804	530
215	803	531
216	800	531
217	798	532
218	794	531
219	790	532
220	785	533
221	781	532
222	776	533
223	771	533
224	765	534
225	761	533
226	755	534
227	750	534
228	744	535
229	740	535
230	734	536
231	731	536
232	725	535
233	721	535
234	715	536
235	712	536
236	707	537
237	703	536
238	699	537
239	695	537
240	690	538
241	687	538
242	683	538
243	679	538
244	675	538
245	672	539
246	669	539
247	666	539
248	662	538
249	659	539
250	656	539
251	652	540
252	649	539
253	647	540
254	643	539
255	641	540
254	637	541
253	635	541
252	632	540
251	630	541
250	626	541
249	624	541
248	621	540
247	619	541
246	616	542
245	614	541
244	611	541
243	609	541
242	606	541
241	605	542
240	602	542
239	601	542
238	598	543
237	597	543
236	594	542
235	593	543
234	590	542
233	589	542
232	587	543
231	586	543
230	584	543
229	583	543
228	580	543
227	579	543
226	577	543
225	575	544
224	574	543
223	573	543
222	570	543
221	568	544
220	565	543
219	563	544
218	559	544
217	558	544
216	557	544
215	553	544
214	548	544
213	543	544
212	536	543
211	532	544
210	527	544
209	523	544
208	517	544
207	512	544
206	506	544
205	501	544
204	494	544
203	489	544
202	482	544
201	476	544
200	469	544
199	462	544
198	454	544
197	446	544
196	437	543
195	427	544
194	416	544
193	405	543
192	398	544
191	392	543
190	385	543
189	377	543
188	368	542
187	356	543
186	348	541
185	343	542
184	338	542
183	333	542
182	329	542
181	324	541
180	318	541
179	315	541
178	309	541
177	306	540
176	300	539
175	298	540
174	294	539
173	288	539
172	287	539
171	281	539
170	281	539
169	274	538
168	273	538
167	269	538
166	261	537
165	265	537
164	258	537
163	265	536
162	256	535
161	265	536
160	265	535
159	265	535
158	254	535
157	267	535
156	253	534
155	267	534
154	253	534
153	268	534
152	268	533
151	251	533
150	269	533
149	251	532
148	268	532
147	250	532
146	268	531
145	267	532
144	249	531
143	266	531
142	248	531
141	265	530
140	246	529
139	263	529
138	263	530
137	245	529
136	262	528
135	244	528
134	260	528
133	243	528
132	259	528
131	258	527
130	258	527
129	241	527
128	256	526
127	240	526
126	255	526
125	238	525
124	253	526
123	253	525
122	235	524
121	252	524
120	235	524
119	250	523
118	233	523
117	247	523
116	247	523
115	230	522
114	245	523
113	228	522
112	243	521
111	227	521
110	240	521
109	240	521
108	224	520
107	238	520
106	222	520
105	236	520
104	221	519
103	234	518
102	233	518
101	233	517
100	218	518
99	231	517
98	216	517
97	230	517
96	216	516
95	229	516
94	228	516
93	215	516
92	228	516
91	215	515
90	227	514
89	214	514
88	227	514
87	228	513
86	215	513
85	228	513
84	216	513
83	231	512
82	220	512
81	234	511
80	237	511
79	234	510
78	276	510
77	438	511
76	509	510
75	501	510
74	514	510
73	515	510
72	515	510
71	501	510
70	514	511
69	502	510
68	515	510
67	501	511
66	515	510
65	515	510
64	501	511
63	515	510
62	501	510
61	515	511
60	501	511
59	515	511
58	515	511
57	503	510
56	513	510
55	504	510
54	513	511
53	505	510
52	513	510
51	513	511
50	505	510
49	514	510
48	505	510
47	513	510
46	505	510
45	512	511
44	512	510
43	511	511
42	506	510
41	510	510
40	507	510
39	509	510
38	509	510
37	509	511
36	509	511
35	510	511
34	509	511
33	510	510
32	509	510
31	509	511
30	509	510
29	510	511
28	509	510
27	510	510
26	509	510
25	510	510
24	509	510
23	510	511
22	510	510
21	510	510
20	510	511
19	510	511
18	510	510
17	511	511
16	510	510
15	510	510
14	510	510
13	511	510
12	510	511
11	511	511
10	510	510
9	510	511
8	510	511
7	510	511
6	510	510
5	510	511
4	509	510
3	510	510
2	510	510
1	510	511
0	509	509
-1	510	511
-2	509	510
-3	510	510
-4	509	510
-5	510	511
-6	509	511
-7	510	510
-8	509	511
-9	510	510
-10	510	511
-11	510	510
-12	510	510
-13	510	510
-14	509	509
-15	510	510
-16	510	510
-17	510	510
-18	510	511
-19	510	510
-20	510	511
-21	511	511
-22	510	510
-23	510	511
-24	510	511
-25	510	510
-26	509	510
-27	510	511
-28	509	510
-29	510	511
-30	510	510
-31	510	511
-32	510	510
-33	510	510
-34	509	511
-35	509	510
-36	510	510
-37	510	510
-38	509	510
-39	509	511
-40	508	511
-41	508	510
-42	505	510
-43	506	510
-44	506	511
-45	511	511
-46	507	510
-47	512	511
-48	508	511
-49	513	510
-50	508	511
-51	508	510
-52	512	510
-53	509	511
-54	513	511
-55	507	511
-56	510	511
-57	509	511
-58	508	511
-59	512	510
-60	508	510
-61	512	510
-62	508	511
-63	512	511
-64	508	510
-65	509	510
-66	511	510
-67	509	510
-68	511	510
-69	509	510
-70	511	510
-71	509	510
-72	508	510
-73	509	510
-74	510	510
-75	509	510
-76	511	510
-77	509	510
-78	511	510
-79	509	510
-80	509	511
-81	511	510
-82	509	510
-83	511	510
-84	512	510
-85	513	510
-86	509	510
-87	508	510
-88	512	511
-89	508	511
-90	512	511
-91	508	510
-92	511	509
-93	507	510
-94	506	510
-95	511	511
-96	505	511
-97	510	510
-98	504	511
-99	510	511
-100	503	510
-101	503	510
-102	502	510
-103	508	510
-104	500	510
-105	506	511
-106	499	510
-107	505	509
-108	498	511
-109	497	510
-110	502	510
-111	495	510
-112	499	510
-113	492	510
-114	496	510
-115	488	510
-116	486	510
-117	489	510
-118	481	510
-119	479	509
-120	480	510
-121	473	510
-122	468	510
-123	466	510
-124	465	510
-125	459	510
-126	457	509
-127	453	510
-128	449	509
-129	446	509
-130	442	510
-131	439	509
-132	434	509
-133	433	510
-134	426	509
-135	427	509
-136	419	508
-137	421	509
-138	417	508
-139	408	509
-140	412	509
-141	401	508
-142	406	508
-143	394	508
-144	400	508
-145	397	508
-146	384	508
-147	391	507
-148	379	507
-149	384	507
-150	373	507
-151	378	507
-152	375	507
-153	364	507
-154	368	506
-155	358	506
-156	361	505
-157	353	506
-158	353	505
-159	349	505
-160	341	505
-161	329	505
-162	323	505
-163	316	504
-164	311	504
-165	306	504
-166	301	503
-167	295	503
-168	291	503
-169	285	503
-170	282	502
-171	276	503
-172	274	502
-173	267	502
-174	262	502
-175	263	501
-176	255	501
-177	256	501
-178	249	501
-179	251	500
-180	245	499
-181	241	500
-182	241	499
-183	235	499
-184	236	498
-185	232	498
-186	235	499
-187	231	498
-188	232	497
-189	233	497
-190	238	497
-191	236	496
-192	242	496
-193	240	496
-194	246	495
-195	245	494
-196	247	495
-197	253	495
-198	252	494
-199	255	494
-200	249	494
-201	252	494
-202	249	493
-203	250	493
-204	253	493
-205	251	492
-206	253	492
-207	251	491
-208	253	491
-209	253	491
-210	252	491
-211	254	491
-212	253	490
-213	255	490
-214	253	490
-215	256	490
-216	255	490
-217	256	489
-218	258	488
-219	260	489
-220	261	487
-221	262	487
-222	263	488
-223	266	487
-224	268	487
-225	271	487
-226	275	486
-227	279	486
-228	283	485
-229	288	485
-230	292	486
-231	296	485
-232	300	485
-233	305	485
-234	309	484
-235	314	484
-236	317	484
-237	322	484
-238	325	483
-239	329	484
-240	332	483
-241	336	483
-242	340	483
-243	344	482
-244	347	483
-245	351	482
-246	354	482
-247	358	482
-248	361	481
-249	364	482
-250	367	480
-251	370	481
-252	373	481
-253	376	480
-254	379	480
-255	382	480
-254	384	480
-253	387	480
-252	389	480
-251	393	480
-250	395	479
-249	397	479
-248	399	480
-247	402	480
-246	404	479
-245	407	479
-244	408	479
-243	411	479
-242	412	479
-241	415	479
-240	416	479
-239	418	478
-238	420	478
-237	422	478
-236	424	478
-235	426	478
-234	427	478
-233	429	478
-232	430	477
-231	433	477
-230	434	478
-229	436	477
-228	438	477
-227	440	477
-226	442	477
-225	444	478
-224	447	477
-223	450	477
-222	453	477
-221	458	477
-220	462	477
-219	470	477
-218	474	477
-217	479	477
-216	482	477
-215	487	477
-214	491	476
-213	496	477
-212	502	476
-211	506	477
-210	512	476
-209	516	476
-208	523	476
-207	526	477
-206	530	477
-205	537	476
-204	538	477
-203	546	477
-202	547	477
-201	554	477
-200	554	477
-199	559	476
-198	563	477
-197	572	477
-196	574	477
-195	581	478
-194	578	477
-193	584	477
-192	582	477
-191	584	477
-190	591	478
-189	590	478
-188	597	478
-187	597	478
-186	605	478
-185	606	478
-184	611	478
-183	623	478
-182	625	479
-181	639	479
-180	640	479
-179	649	480
-178	648	479
-177	654	479
-176	663	479
-175	665	480
-174	674	480
-173	676	480
-172	685	480
-171	687	481
-170	692	480
-169	699	481
-168	706	482
-167	711	482
-166	716	481
-165	722	481
-164	726	482
-163	733	483
-162	738	483
-161	740	483
-160	749	484
-159	754	483
-158	765	484
-157	765	485
-156	774	484
-155	777	485
-154	770	484
-153	780	485
-152	772	486
-151	783	486
-150	774	486
-149	785	486
-148	785	486
-147	777	487
-146	786	489
-145	778	488
-144	787	488
-143	779	488
-142	788	489
-141	788	489
-140	787	489
-139	781	489
-138	787	489
-137	782	490
-136	786	490
-135	783	492
-134	785	491
-133	786	492
-132	784	492
-131	785	493
-130	784	492
-129	784	493
-128	785	493
-127	784	493
-126	784	494
-125	787	495
-124	784	494
-123	787	495
-122	784	495
-121	789	495
-120	784	496
-119	785	496
-118	789	497
-117	784	496
-116	790	496
-115	785	498
-114	790	498
-113	785	498
-112	784	498
-111	786	499
-110	792	499
-109	786	499
-108	792	499
-107	786	499
-106	793	500
-105	786	501
-104	786	501
-103	795	501
-102	786	502
-101	796	502
-100	787	502
-99	797	502
-98	788	503
-97	789	503
-96	798	503
-95	790	504
-94	799	504
-93	791	504
-92	800	505
-91	793	504
-90	792	505
-89	803	506
-88	794	506
-87	803	506
-86	794	507
-85	804	507
-84	794	506
-83	794	508
-82	793	508
-81	779	508
-80	766	509
-79	775	508
-78	766	509
-77	765	509
-76	757	510
-75	724	511
-74	563	510
-73	517	510
-72	515	510
-71	512	510
-70	513	510
-69	511	510
-68	510	510
-67	513	510
-66	510	511
-65	513	510
-64	509	509
-63	513	510
-62	509	510
-61	510	509
-60	512	511
-59	509	510
-58	512	510
-57	509	510
-56	512	510
-55	509	510
-54	509	509
-53	509	510
-52	512	510
-51	511	510
-50	512	509
-49	510	510
-48	513	509
-47	510	509
-46	508	510
-45	509	510
-44	514	510
-43	510	510
-42	514	510
-41	511	510
-40	511	510
-39	513	510
-38	513	510
-37	513	510
-36	510	509
-35	510	510
-34	509	510
-33	510	510
-32	510	510
-31	510	510
-30	510	509
-29	510	510
-28	509	510
-27	510	510
-26	509	510
-25	510	510
-24	509	510
-23	510	510
-22	509	509
-21	510	510
-20	509	510
-19	510	510
-18	510	510
-17	510	510
-16	510	510
-15	510	510
-14	510	510
-13	510	510
-12	510	510
-11	510	509
-10	510	510
-9	511	510
-8	510	510
-7	511	510
-6	510	510
-5	510	510
-4	510	510
-3	510	510
-2	510	510
-1	510	509
0	510	510
1	510	509
2	509	509
3	510	510
4	509	510
5	510	510
6	509	510
7	509	510
8	510	510
9	509	510
10	509	510
11	510	510
12	509	510
13	510	510
14	510	510
15	510	510
16	510	509
17	510	510
18	510	510
19	510	509
20	510	510
21	511	510
22	510	510
23	510	510
24	510	509
25	511	510
26	511	509
27	510	510
28	510	510
29	510	509
30	510	510
31	510	510
32	510	510
33	510	510
34	509	510
35	510	510
36	510	509
37	510	509
38	509	509
39	509	510
40	510	511
41	510	509
42	509	510
43	511	510
44	508	509
45	513	510
46	506	511
47	513	510
48	513	510
49	506	510
50	513	510
51	505	510
52	513	510
53	505	510
54	514	510
55	514	510
56	504	511
57	514	510
58	505	510
59	515	510
60	505	509
61	514	510
62	514	509
63	514	510
64	504	509
65	517	511
66	503	510
67	517	510
68	502	510
69	518	510
70	517	510
71	502	510
72	515	510
73	503	510
74	516	511
75	503	509
76	516	509
77	517	510
78	503	510
79	517	510
80	503	511
81	518	510
82	503	511
83	518	510
84	518	510
85	504	511
86	518	511
87	504	510
88	519	510
89	504	511
90	520	510
91	521	511
92	520	510
93	505	510
94	519	510
95	506	510
96	520	510
97	506	510
98	521	510
99	521	510
100	506	510
101	522	510
102	507	510
103	522	510
104	507	510
105	523	510
106	523	510
107	510	510
108	525	510
109	511	511
110	526	510
111	513	510
112	529	511
113	531	510
114	518	510
115	535	510
116	522	510
117	540	510
118	527	510
119	546	511
120	548	510
121	553	510
122	540	510
123	560	510
124	548	511
125	568	511
126	556	510
127	576	511
128	580	510
129	569	510
130	587	511
131	576	511
132	595	511
133	583	512
134	603	511
135	607	511
136	593	511
137	614	512
138	600	511
139	621	512
140	606	512
141	627	512
142	630	513
143	616	512
144	636	512
145	621	513
146	641	513
147	627	513
148	646	513
149	649	513
150	651	514
151	638	513
152	655	514
153	643	513
154	659	514
155	648	514
156	663	514
157	665	514
158	656	515
159	667	515
160	660	515
161	671	515
162	665	515
163	674	516
164	675	515
165	672	516
166	678	516
167	677	516
168	684	516
169	684	517
170	691	516
171	697	517
172	699	517
173	706	517
174	706	518
175	712	518
176	714	519
177	719	518
178	722	518
179	727	519
180	728	519
181	734	520
182	736	519
183	741	519
184	743	521
185	747	521
186	750	521
187	754	521
188	756	521
189	760	521
190	766	523
191	775	523
192	779	522
193	785	523
194	791	523
195	796	524
196	801	524
197	804	524
198	808	524
199	810	526
200	810	525
201	813	526
202	812	526
203	813	526
204	812	527
205	813	527
206	812	527
207	811	528
208	810	528
209	810	528
210	808	528
211	807	529
212	804	530
213	802	530
214	800	530
215	799	531
216	797	531
217	794	531
218	790	531
219	786	532
220	782	532
221	777	532
222	772	533
223	768	533
224	762	534
225	757	533
226	752	534
227	748	535
228	742	534
229	737	535
230	732	535
231	728	536
232	723	536
233	718	536
234	713	536
235	709	536
236	704	537
237	701	537
238	695	537
239	692	537
240	688	537
241	684	537
242	680	538
243	676	538
244	671	538
245	667	538
246	663	538
247	661	539
248	656	538
249	653	539
250	649	540
251	646	539
252	644	539
253	642	540
254	638	540
255	636	539
254	633	540
253	631	540
252	628	540
251	626	540
250	623	540
249	621	541
248	618	541
247	617	541
246	613	540
245	612	541
244	608	542
243	607	541
242	605	541
241	603	541
240	601	542
239	599	542
238	596	542
237	595	542
236	592	542
235	591	542
234	588	542
233	587	542
232	585	542
231	584	542
230	582	543
229	581	542
228	578	544
227	577	543
226	576	542
225	575	543
224	573	543
223	572	542
222	572	544
221	570	543
220	567	543
219	565	543
218	562	544
217	559	544
216	555	544
215	550	543
214	546	544
213	541	544
212	535	544
211	531	543
210	526	544
209	523	544
208	516	543
207	512	543
206	506	544
205	500	543
204	494	544
203	489	544
202	482	543
201	475	544
200	468	544
199	461	544
198	453	543
197	445	543
196	436	543
195	427	543
194	415	543
193	406	543
192	397	543
191	392	543
190	384	543
189	376	542
188	367	543
187	356	541
186	347	542
185	343	541
184	338	541
183	333	543
182	329	541
181	324	541
180	321	541
179	317	541
178	311	540
177	308	539
176	302	540
175	301	540
174	294	540
173	293	539
172	290	539
171	284	538
170	285	539
169	276	538
168	276	538
167	268	537
166	270	537
165	269	537
164	261	537
163	268	536
162	259	536
161	268	536
160	259	535
159	269	535
158	269	535
157	269	534
156	256	534
155	270	534
154	255	533
153	271	534
152	255	533
151	272	533
150	271	532
149	254	532
148	271	532
147	254	532
146	271	532
145	252	531
144	270	530
143	270	531
142	251	530
141	268	531
140	250	529
139	268	529
138	249	529
137	266	529
136	265	529
135	248	528
134	264	529
133	247	528
132	262	527
131	245	527
130	260	527
129	260	526
128	259	526
127	242	526
126	257	525
125	240	526
124	255	524
123	239	524
122	254	525
121	253	524
120	236	524
119	252	523
118	235	523
117	250	523
116	233	523
115	248	522
114	247	523
113	231	522
112	245	521
111	230	521
110	244	521
109	228	521
108	241	520
107	241	520
106	226	520
105	239	519
104	223	519
103	237	519
102	222	518
101	236	518
100	235	518
99	234	517
98	219	517
97	232	516
96	218	516
95	231	516
94	217	516
93	230	515
92	229	514
91	216	514
90	229	514
89	216	514
88	228	514
87	216	514
86	229	512
85	229	512
84	218	513
83	232	512
82	221	511
81	236	511
80	228	511
79	249	510
78	292	511
77	459	511
76	511	510
75	501	510
74	515	511
73	502	510
72	516	510
71	516	511
70	515	510
69	503	511
68	516	510
67	502	511
66	515	510
65	501	511
64	515	511
63	516	510
62	501	510
61	515	510
60	501	510
59	514	510
58	501	511
57	515	511
56	515	510
55	502	511
54	513	510
53	502	511
52	512	510
51	504	510
50	512	511
49	513	511
48	504	510
47	512	510
46	505	511
45	512	510
44	506	511
43	512	510
42	510	510
41	510	510
40	508	510
39	510	510
38	509	510
37	510	510
36	510	510
35	510	511
34	510	510
33	510	510
32	510	510
31	510	510
30	509	510
29	510	510
28	509	510
27	510	511
26	509	510
25	510	510
24	509	510
23	509	510
22	509	511
21	509	510
20	509	511
19	510	510
18	509	511
17	510	511
16	509	511
15	510	510
14	509	511
13	510	510
12	510	511
11	510	510
10	510	511
9	510	510
8	510	510
7	511	511
6	510	510
5	510	510
4	510	510
3	511	511
2	510	511
1	510	510
0	510	510
-1	511	510
-2	510	511
-3	510	511
-4	510	510
-5	510	509
-6	509	510
-7	510	510
-8	510	510
-9	510	510
-10	509	511
-11	509	511
-12	509	510
-13	510	511
-14	509	510
-15	510	510
-16	509	511
-17	510	510
-18	509	511
-19	510	511
-20	509	511
-21	510	510
-22	510	511
-23	510	510
-24	510	511
-25	510	511
-26	510	510
-27	511	510
-28	510	511
-29	510	510
-30	510	511
-31	511	511
-32	510	510
-33	510	511
-34	510	511
-35	510	510
-36	510	510
-37	510	511
-38	509	510
-39	510	510
-40	508	510
-41	508	511
-42	505	510
-43	509	509
-44	505	510
-45	507	511
-46	507	511
-47	512	510
-48	506	510
-49	512	510
-50	507	510
-51	512	510
-52	507	510
-53	508	511
-54	512	511
-55	507	510
-56	510	511
-57	508	510
-58	512	510
-59	509	510
-60	509	510
-61	512	510
-62	509	511
-63	513	510
-64	509	510
-65	509	510
-66	509	510
-67	510	510
-68	512	510
-69	510	511
-70	511	510
-71	509	511
-72	511	510
-73	509	510
-74	509	511
-75	509	511
-76	511	510
-77	509	511
-78	511	510
-79	509	510
-80	510	510
-81	509	510
-82	508	511
-83	510	510
-84	512	511
-85	512	510
-86	508	510
-87	512	510
-88	507	510
-89	508	510
-90	511	510
-91	507	510
-92	511	510
-93	507	510
-94	510	511
-95	506	510
-96	506	510
-97	511	510
-98	504	510
-99	510	510
-100	504	509
-101	510	510
-102	502	511
-103	502	510
-104	501	510
-105	507	510
-106	500	511
-107	506	510
-108	498	511
-109	503	510
-110	496	510
-111	495	510
-112	499	510
-113	492	510
-114	495	510
-115	488	511
-116	490	510
-117	483	510
-118	480	510
-119	482	509
-120	474	510
-121	475	510
-122	468	510
-123	468	509
-124	462	509
-125	459	510
-126	457	509
-127	452	510
-128	449	510
-129	446	510
-130	442	509
-131	440	509
-132	436	509
-133	433	509
-134	427	510
-135	427	509
-136	419	509
-137	422	509
-138	412	508
-139	416	508
-140	412	508
-141	402	508
-142	406	508
-143	395	508
-144	400	508
-145	397	507
-146	393	507
-147	390	507
-148	378	507
-149	384	507
-150	372	507
-151	377	507
-152	366	507
-153	371	507
-154	367	507
-155	358	506
-156	360	506
-157	352	506
-158	353	506
-159	343	505
-160	341	505
-161	333	505
-162	324	505
-163	316	504
-164	312	504
-165	307	504
-166	302	503
-167	298	503
-168	290	503
-169	286	503
-170	283	502
-171	276	502
-172	275	503
-173	268	502
-174	267	502
-175	260	501
-176	256	501
-177	257	501
-178	250	501
-179	252	500
-180	245	500
-181	246	500
-182	237	499
-183	235	498
-184	236	499
-185	232	498
-186	235	498
-187	232	498
-188	236	498
-189	233	497
-190	234	497
-191	236	496
-192	242	497
-193	240	495
-194	246	495
-195	245	496
-196	252	495
-197	250	495
-198	253	494
-199	257	494
-200	251	494
-201	254	493
-202	251	493
-203	255	493
-204	252	493
-205	252	492
-206	255	492
-207	253	491
-208	255	491
-209	254	491
-210	255	491
-211	254	490
-212	254	490
-213	256	490
-214	255	490
-215	257	490
-216	256	489
-217	258	490
-218	258	488
-219	261	488
-220	261	488
-221	263	488
-222	263	487
-223	266	488
-224	268	487
-225	272	487
-226	275	487
-227	279	486
-228	283	485
-229	288	486
-230	292	485
-231	297	485
-232	302	485
-233	306	485
-234	310	483
-235	315	484
-236	318	484
-237	323	483
-238	326	484
-239	330	483
-240	333	483
-241	337	483
-242	341	482
-243	345	482
-244	348	483
-245	352	482
-246	355	481
-247	358	482
-248	361	481
-249	364	481
-250	367	481
-251	370	481
-252	373	481
-253	376	481
-254	378	481
-255	382	481
-254	384	480
-253	387	480
-252	389	480
-251	392	480
-250	395	480
-249	398	479
-248	400	480
-247	402	479
-246	404	480
-245	407	480
-244	409	480
-243	411	479
-242	413	479
-241	415	479
-240	417	478
-239	420	478
-238	421	478
-237	423	479
-236	425	478
-235	427	478
-234	428	478
-233	430	477
-232	431	478
-231	433	479
-230	435	478
-229	437	477
-228	438	478
-227	440	477
-226	442	477
-225	445	477
-224	447	477
-223	450	477
-222	453	477
-221	458	477
-220	463	477
-219	468	477
-218	473	477
-217	479	478
-216	481	476
-215	488	476
-214	491	476
-213	498	477
-212	501	477
-211	507	477
-210	512	477
-209	517	477
-208	523	477
-207	526	476
-206	532	476
-205	535	477
-204	540	477
-203	547	477
-202	547	477
-201	555	477
-200	555	477
-199	563	477
-198	563	477
-197	568	477
-196	574	477
-195	581	476
-194	578	477
-193	584	478
-192	582	478
-191	588	478
-190	586	478
-189	589	477
-188	596	478
-187	596	478
-186	604	478
-185	604	478
-184	614	479
-183	617	479
-182	625	478
-181	638	479
-180	639	478
-179	647	480
-178	647	480
-177	657	480
-176	658	479
-175	665	480
-174	674	480
-173	675	480
-172	684	481
-171	687	480
-170	696	481
-169	699	482
-168	704	481
-167	711	482
-166	716	483
-165	723	482
-164	726	482
-163	733	482
-162	735	483
-161	744	483
-160	748	483
-159	753	484
-158	764	484
-157	763	484
-156	773	485
-155	768	485
-154	776	485
-153	778	485
-152	771	486
-151	781	486
-150	773	487
-149	783	486
-148	774	487
-147	785	487
-146	785	488
-145	777	488
-144	786	488
-143	778	489
-142	787	489
-141	780	489
-140	786	489
-139	787	490
-138	786	490
-137	782	490
-136	785	491
-135	783	491
-134	785	491
-133	783	492
-132	784	491
-131	784	492
-130	784	492
-129	784	493
-128	784	494
-127	784	493
-126	785	493
-125	783	494
-124	782	494
-123	787	495
-122	783	495
-121	787	495
-120	782	496
-119	788	496
-118	782	496
-117	783	497
-116	788	497
-115	783	497
-114	789	498
-113	783	498
-112	790	498
-111	784	498
-110	784	499
-109	784	500
-108	791	499
-107	784	500
-106	792	500
-105	786	501
-104	793	501
-103	786	502
-102	786	501
-101	796	501
-100	787	503
-99	797	502
-98	788	502
-97	798	503
-96	789	504
-95	790	504
-94	799	504
-93	791	504
-92	800	505
-91	792	505
-90	801	505
-89	793	505
-88	793	506
-87	802	506
-86	793	507
-85	803	507
-84	793	507
-83	802	507
-82	791	508
-81	770	508
-80	765	509
-79	775	508
-78	765	508
-77	773	509
-76	758	509
-75	735	510
-74	565	510
-73	518	510
-72	516	510
-71	513	510
-70	514	510
-69	512	510
-68	514	511
-67	512	510
-66	511	510
-65	514	510
-64	510	510
-63	513	510
-62	510	510
-61	513	510
-60	509	510
-59	510	509
-58	512	510
-57	509	510
-56	512	510
-55	509	510
-54	512	510
-53	509	510
-52	508	510
-51	509	510
-50	512	510
-49	509	510
-48	511	509
-47	510	510
-46	513	509
-45	508	510
-44	508	510
-43	513	509
-42	509	510
-41	514	510
-40	511	510
-39	515	510
-38	513	510
-37	512	510
-36	511	510
-35	511	510
-34	510	510
-33	510	510
-32	510	510
-31	510	509
-30	510	510
-29	511	510
-28	510	509
-27	510	511
-26	510	510
-25	510	509
-24	510	510
-23	510	510
-22	509	510
-21	510	510
-20	509	509
-19	510	510
-18	510	510
-17	510	510
-16	509	510
-15	510	510
-14	509	510
-13	510	510
-12	509	510
-11	510	510
-10	509	510
-9	510	510
-8	510	509
-7	510	510
-6	510	510
-5	510	509
-4	510	510
-3	511	510
-2	510	510
-1	510	511
0	510	509
1	510	509
2	510	510
3	511	510
4	510	510
5	510	510
6	510	510
7	510	510
8	510	510
9	510	510
10	509	510
11	510	510
12	509	510
13	510	510
14	509	510
15	510	510
16	509	510
17	509	510
18	509	510
19	510	510
20	509	510
21	510	510
22	509	509
23	510	509
24	509	510
25	510	510
26	510	510
27	510	509
28	510	510
29	510	509
30	510	511
31	511	510
32	511	510
33	510	510
34	510	510
35	511	510
36	510	510
37	510	510
38	510	511
39	511	509
40	510	510
41	510	510
42	511	510
43	512	510
44	508	510
45	513	510
46	507	509
47	513	510
48	505	509
49	512	510
50	512	510
51	505	510
52	513	510
53	504	510
54	512	510
55	504	509
56	513	510
57	513	509
58	504	510
59	514	510
60	504	511
61	514	510
62	504	510
63	514	511
64	518	510
65	518	511
66	503	510
67	518	510
68	503	510
69	518	510
70	503	510
71	519	510
72	515	510
73	504	510
74	517	511
75	503	510
76	517	510
77	504	510
78	517	510
79	518	510
80	503	510
81	518	510
82	503	510
83	518	510
84	503	510
85	518	510
86	518	510
87	503	511
88	519	510
89	504	510
90	519	510
91	504	510
92	519	510
93	519	510
94	520	509
95	505	510
96	520	511
97	506	510
98	521	510
99	506	510
100	521	510
101	523	510
102	507	510
103	523	510
104	507	510
105	524	510
106	509	510
107	525	509
108	525	510
109	512	509
110	527	510
111	514	510
112	530	510
113	516	510
114	533	510
115	535	510
116	522	510
117	539	510
118	527	510
119	545	510
120	533	511
121	552	510
122	555	511
123	559	511
124	548	511
125	567	510
126	555	511
127	576	511
128	563	511
129	584	511
130	588	511
131	575	511
132	595	511
133	583	511
134	603	512
135	591	511
136	610	512
137	614	512
138	601	512
139	622	512
140	607	511
141	628	512
142	613	512
143	634	512
144	637	513
145	622	512
146	642	513
147	628	513
148	647	513
149	633	513
150	652	513
151	654	513
152	655	513
153	643	514
154	659	515
155	648	514
156	662	514
157	653	514
158	665	515
159	667	515
160	659	515
161	670	516
162	664	515
163	673	515
164	669	515
165	677	516
166	679	516
167	678	516
168	684	516
169	685	517
170	692	516
171	695	516
172	703	517
173	707	517
174	707	518
175	714	519
176	715	518
177	721	519
178	722	519
179	728	519
180	731	519
181	735	520
182	737	521
183	742	521
184	744	520
185	748	521
186	750	521
187	754	521
188	756	521
189	760	522
190	766	522
191	775	523
192	779	522
193	785	523
194	790	523
195	796	524
196	801	524
197	805	524
198	808	525
199	810	525
200	812	526
201	812	526
202	812	526
203	814	526
204	813	526
205	814	528
206	812	528
207	813	528
208	812	528
209	811	529
210	809	529
211	808	529
212	804	530
213	803	530
214	801	530
215	800	531
216	797	531
217	794	531
218	790	532
219	787	533
220	781	532
221	777	532
222	771	533
223	766	533
224	761	533
225	756	534
226	750	534
227	746	534
228	740	535
229	736	535
230	730	535
231	726	535
232	721	536
233	717	536
234	712	535
235	708	536
236	703	537
237	699	537
238	695	537
239	690	536
240	685	538
241	682	538
242	676	538
243	676	538
244	673	538
245	671	538
246	667	538
247	664	538
248	660	539
249	657	539
250	654	539
251	651	539
252	647	539
253	645	539
254	642	539
255	639	540
254	635	540
253	634	541
252	631	540
251	628	540
250	625	541
249	623	541
248	620	541
247	618	541
246	616	541
245	614	541
244	611	541
243	610	542
242	607	541
241	606	542
240	604	541
239	602	542
238	599	542
237	598	542
236	595	542
235	594	541
234	591	542
233	590	543
232	588	543
231	587	543
230	585	543
229	583	543
228	580	543
227	579	543
226	577	543
225	577	543
224	574	543
223	572	543
222	570	543
221	569	543
220	566	543
219	565	544
218	560	543
217	558	543
216	553	543
215	550	545
214	544	544
213	540	544
212	533	544
211	528	544
210	524	544
209	521	543
208	515	543
207	510	544
206	504	543
205	499	544
204	493	544
203	488	544
202	480	544
201	475	544
200	468	544
199	461	544
198	454	544
197	446	544
196	437	543
195	428	544
194	416	543
193	406	543
192	398	543
191	391	542
190	385	543
189	377	542
188	368	542
187	356	542
186	348	542
185	343	542
184	339	542
183	334	541
182	330	542
181	325	541
180	321	541
179	316	540
178	312	541
177	309	540
176	302	540
175	301	539
174	294	539
173	294	540
172	287	539
171	288	538
170	285	538
169	277	538
168	277	538
167	268	537
166	270	538
165	264	538
164	268	537
163	268	536
162	260	537
161	268	536
160	258	535
159	269	535
158	257	534
157	269	536
156	269	535
155	270	533
154	255	533
153	270	533
152	254	534
151	270	532
150	254	533
149	271	532
148	270	532
147	252	532
146	270	532
145	252	531
144	269	531
143	251	531
142	268	530
141	268	530
140	249	530
139	267	529
138	248	530
137	266	529
136	248	529
135	264	528
134	263	528
133	246	528
132	262	527
131	245	527
130	261	527
129	244	526
128	259	527
127	258	526
126	257	526
125	240	525
124	255	525
123	239	524
122	253	524
121	237	524
120	251	524
119	251	523
118	234	524
117	249	523
116	232	523
115	246	522
114	230	522
113	245	521
112	243	521
111	228	522
110	241	521
109	226	521
108	240	520
107	225	519
106	238	519
105	238	519
104	222	518
103	237	519
102	221	518
101	235	518
100	221	517
99	234	517
98	232	517
97	232	516
96	218	516
95	231	516
94	216	516
93	230	515
92	216	515
91	229	515
90	228	514
89	216	514
88	227	513
87	215	513
86	228	513
85	216	512
84	229	513
83	231	512
82	220	511
81	234	511
80	226	511
79	246	510
78	265	510
77	454	511
76	508	511
75	500	511
74	514	511
73	501	510
72	515	510
71	502	511
70	515	510
69	518	511
68	516	510
67	502	511
66	516	511
65	502	511
64	515	511
63	502	510
62	515	510
61	516	510
60	502	510
59	516	511
58	502	510
57	515	510
56	503	510
55	515	510
54	514	511
53	503	511
52	511	511
51	504	511
50	512	510
49	504	511
48	512	511
47	512	511
46	504	511
45	512	511
44	505	510
43	511	511
42	506	511
41	509	510
40	508	510
39	509	510
38	508	510
37	510	510
36	509	510
35	510	510
34	510	510
33	510	511
32	510	510
31	510	511
30	510	511
29	511	510
28	510	510
27	510	510
26	510	510
25	510	511
24	510	510
23	510	510
22	510	510
21	510	510
20	509	511
19	510	511
18	509	510
17	510	511
16	509	510
15	510	511
14	509	511
13	510	510
12	509	510
11	509	511
10	509	510
9	510	511
8	509	511
7	510	510
6	509	510
5	510	510
4	510	511
3	510	511
2	510	510
1	510	509
0	510	510
-1	510	511
-2	510	510
-3	511	510
-4	510	510
-5	511	510
-6	510	510
-7	511	511
-8	510	510
-9	510	510
-10	510	510
-11	510	511
-12	510	510
-13	510	510
-14	510	510
-15	510	510
-16	509	510
-17	509	510
-18	509	510
-19	510	510
-20	509	510
-21	509	510
-22	509	510
-23	510	510
-24	509	511
-25	510	510
-26	509	510
-27	510	511
-28	509	510
-29	510	510
-30	509	510
-31	510	510
-32	510	510
-33	510	510
-34	510	510
-35	510	510
-36	510	511
-37	511	510
-38	510	509
-39	510	510
-40	508	510
-41	508	510
-42	506	511
-43	510	509
-44	506	510
-45	512	511
-46	507	510
-47	508	510
-48	508	511
-49	512	511
-50	507	510
-51	512	510
-52	508	511
-53	512	510
-54	507	510
-55	506	511
-56	509	510
-57	508	510
-58	511	510
-59	508	510
-60	511	510
-61	508	510
-62	508	510
-63	512	510
-64	508	510
-65	512	510
-66	509	511
-67	512	511
-68	509	510
-69	510	510
-70	512	510
-71	509	510
-72	512	510
-73	510	511
-74	512	511
-75	510	510
-76	509	511
-77	510	510
-78	511	510
-79	510	510
-80	511	510
-81	509	510
-82	510	510
-83	509	510
-84	512	511
-85	512	510
-86	507	510
-87	511	510
-88	507	510
-89	511	510
-90	507	510
-91	506	510
-92	510	510
-93	506	510
-94	510	510
-95	505	511
-96	510	511
-97	505	510
-98	503	510
-99	510	510
-100	503	510
-101	509	511
-102	502	511
-103	508	510
-104	501	510
-105	501	510
-106	500	510
-107	506	510
-108	498	510
-109	504	510
-110	496	511
-111	501	511
-112	494	510
-113	492	510
-114	496	510
-115	494	510
-116	485	510
-117	489	510
-118	480	510
-119	478	510
-120	474	510
-121	476	510
-122	468	510
-123	468	509
-124	461	510
-125	460	510
-126	454	510
-127	452	509
-128	448	509
-129	445	509
-130	441	510
-131	439	509
-132	433	509
-133	433	509
-134	430	509
-135	427	509
-136	419	508
-137	421	508
-138	412	509
-139	416	508
-140	406	509
-141	410	509
-142	406	509
-143	396	509
-144	401	508
-145	389	507
-146	394	507
-147	382	508
-148	387	507
-149	384	507
-150	373	507
-151	377	507
-152	367	507
-153	371	506
-154	360	506
-155	365	506
-156	360	506
-157	351	505
-158	352	505
-159	343	505
-160	340	505
-161	328	505
-162	322	505
-163	317	505
-164	311	504
-165	306	504
-166	301	504
-167	297	504
-168	290	503
-169	288	503
-170	281	502
-171	276	503
-172	275	502
-173	268	502
-174	267	502
-175	260	502
-176	260	501
-177	254	501
-178	250	500
-179	252	500
-180	245	500
-181	246	500
-182	238	499
-183	239	499
-184	233	499
-185	232	498
-186	235	498
-187	232	497
-188	236	497
-189	233	497
-190	238	497
-191	236	496
-192	237	496
-193	240	496
-194	245	496
-195	245	496
-196	250	495
-197	250	495
-198	255	495
-199	252	494
-200	250	492
-201	253	493
-202	250	493
-203	254	493
-204	251	492
-205	254	492
-206	252	492
-207	252	492
-208	255	491
-209	254	491
-210	255	491
-211	254	490
-212	255	490
-213	255	490
-214	255	490
-215	257	489
-216	256	489
-217	258	489
-218	258	489
-219	261	489
-220	261	488
-221	262	488
-222	263	487
-223	265	487
-224	267	487
-225	271	487
-226	274	486
-227	279	486
-228	282	485
-229	287	486
-230	291	485
-231	296	485
-232	300	485
-233	305	485
-234	309	484
-235	314	484
-236	318	484
-237	322	483
-238	326	483
-239	330	484
-240	333	482
-241	338	483
-242	341	482
-243	345	482
-244	348	482
-245	352	482
-246	355	482
-247	359	482
-248	362	481
-249	365	481
-250	368	481
-251	371	481
-252	373	481
-253	376	480
-254	379	480
-255	382	480
-254	384	480
-253	387	480
-252	389	479
-251	392	480
-250	394	480
-249	397	479
-248	399	479
-247	402	479
-246	403	479
-245	406	479
-244	408	479
-243	411	479
-242	412	478
-241	415	478
-240	416	478
-239	419	478
-238	420	478
-237	423	478
-236	424	478
-235	427	478
-234	428	478
-233	430	478
-232	432	478
-231	434	477
-230	436	477
-229	437	477
-228	438	477
-227	441	478
-226	443	477
-225	445	477
-224	447	477
-223	450	477
-222	454	477
-221	458	477
-220	463	476
-219	468	477
-218	474	476
-217	478	477
-216	482	476
-215	487	476
-214	491	477
-213	497	477
-212	500	477
-211	507	477
-210	510	476
-209	516	476
-208	522	477
-207	526	477
-206	532	477
-205	535	477
-204	541	477
-203	543	477
-202	547	476
-201	552	476
-200	558	477
-199	560	477
-198	567	477
-197	569	477
-196	578	477
-195	577	478
-194	579	478
-193	585	478
-192	582	478
-191	588	477
-190	586	479
-189	593	478
-188	592	477
-187	596	478
-186	603	478
-185	604	478
-184	614	478
-183	616	478
-182	628	479
-181	633	479
-180	638	479
-179	646	479
-178	646	479
-177	656	479
-176	657	479
-175	667	480
-174	668	480
-173	674	480
-172	679	481
-171	689	481
-170	691	481
-169	700	481
-168	703	481
-167	711	481
-166	716	481
-165	722	482
-164	726	482
-163	732	483
-162	734	482
-161	743	483
-160	744	483
-159	758	484
-158	764	484
-157	763	484
-156	772	484
-155	768	485
-154	776	486
-153	770	486
-152	779	485
-151	780	486
-150	772	486
-149	783	486
-148	773	487
-147	783	487
-146	774	488
-145	785	488
-144	785	488
-143	786	489
-142	777	489
-141	786	489
-140	778	489
-139	786	489
-138	779	490
-137	786	490
-136	785	491
-135	782	490
-134	784	492
-133	783	492
-132	784	492
-131	784	492
-130	784	492
-129	784	492
-128	785	494
-127	785	494
-126	786	494
-125	784	494
-124	786	494
-123	784	494
-122	784	495
-121	788	496
-120	783	496
-119	789	496
-118	783	497
-117	789	497
-116	783	497
-115	784	497
-114	783	498
-113	791	498
-112	783	497
-111	791	498
-110	783	499
-109	791	499
-108	784	499
-107	785	500
-106	792	500
-105	786	501
-104	793	500
-103	786	501
-102	794	501
-101	788	502
-100	788	502
-99	797	503
-98	789	503
-97	798	502
-96	790	503
-95	800	504
-94	792	505
-93	793	503
-92	801	505
-91	794	505
-90	802	505
-89	795	506
-88	803	506
-87	795	506
-86	795	506
-85	796	506
-84	804	507
-83	794	508
-82	801	507
-81	771	508
-80	775	509
-79	767	509
-78	766	509
-77	774	508
-76	759	509
-75	746	510
-74	585	510
-73	521	510
-72	513	509
-71	512	509
-70	513	510
-69	511	510
-68	513	510
-67	511	510
-66	513	510
-65	511	510
-64	510	509
-63	513	510
-62	511	510
-61	514	509
-60	509	510
-59	513	510
-58	510	510
-57	511	511
-56	510	510
-55	513	510
-54	509	510
-53	513	510
-52	509	510
-51	513	509
-50	510	509
-49	510	510
-48	512	510
-47	509	509
-46	512	511
-45	509	510
-44	512	509
-43	510	510
-42	509	510
-41	514	510
-40	511	510
-39	513	510
-38	512	510
-37	511	510
-36	510	510
-35	510	510
-34	510	509
-33	510	510
-32	510	510
-31	510	510
-30	510	510
-29	511	510
-28	510	510
-27	510	510
-26	510	510
-25	511	510
-24	510	510
-23	510	510
-22	510	511
-21	510	510
-20	510	510
-19	511	510
-18	510	510
-17	510	510
-16	510	510
-15	510	510
-14	510	511
-13	510	509
-12	509	510
-11	509	510
-10	509	509
-9	510	510
-8	509	510
-7	509	510
-6	509	510
-5	510	510
-4	509	510
-3	510	510
-2	509	510
-1	510	510
0	509	510
1	510	510
2	510	510
3	510	509
4	510	509
5	511	510
6	509	510
7	510	510
8	510	510
9	510	510
10	510	509
11	510	510
12	510	510
13	510	509
14	510	510
15	510	510
16	510	511
17	510	510
18	510	509
19	510	510
20	509	510
21	510	509
22	509	510
23	510	509
24	510	510
25	509	510
26	509	510
27	509	510
28	509	510
29	510	510
30	509	510
31	510	510
32	509	510
33	510	510
34	510	510
35	510	509
36	510	510
37	510	510
38	510	510
39	510	511
40	510	510
41	511	510
42	512	510
43	510	510
44	513	510
45	514	510
46	507	510
47	513	510
48	506	509
49	513	510
50	505	510
51	513	510
52	513	510
53	505	510
54	513	510
55	505	509
56	513	510
57	505	510
58	512	510
59	513	510
60	513	509
61	504	510
62	513	510
63	504	510
64	516	510
65	503	510
66	516	510
67	517	510
68	502	511
69	518	510
70	502	510
71	518	510
72	501	510
73	517	509
74	517	510
75	504	510
76	517	510
77	504	511
78	518	510
79	504	510
80	518	509
81	519	510
82	504	510
83	519	510
84	504	510
85	519	509
86	504	510
87	519	510
88	519	510
89	519	510
90	504	510
91	519	510
92	504	510
93	520	510
94	505	511
95	520	510
96	519	510
97	505	510
98	520	511
99	506	510
100	520	510
101	507	510
102	521	510
103	522	510
104	508	509
105	523	510
106	509	510
107	525	510
108	511	510
109	526	510
110	527	510
111	515	509
112	530	510
113	517	510
114	533	510
115	522	510
116	538	510
117	540	510
118	543	511
119	531	510
120	549	511
121	537	511
122	556	509
123	545	510
124	563	511
125	568	511
126	556	512
127	575	511
128	563	511
129	584	511
130	571	512
131	591	511
132	595	512
133	583	512
134	603	511
135	590	511
136	610	512
137	597	511
138	617	512
139	621	512
140	607	512
141	628	512
142	613	512
143	635	512
144	620	512
145	641	512
146	643	512
147	646	513
148	631	513
149	651	513
150	636	514
151	655	514
152	641	513
153	658	514
154	660	514
155	649	515
156	663	514
157	653	515
158	666	514
159	658	515
160	669	514
161	670	515
162	664	515
163	673	515
164	669	515
165	677	515
166	673	516
167	681	516
168	684	517
169	684	517
170	692	517
171	695	517
172	702	517
173	704	518
174	709	518
175	714	518
176	717	518
177	720	519
178	724	519
179	727	519
180	731	520
181	734	520
182	738	520
183	742	520
184	745	521
185	749	521
186	751	521
187	755	522
188	757	521
189	761	522
190	767	522
191	776	523
192	780	523
193	786	523
194	790	523
195	797	524
196	801	523
197	805	524
198	808	524
199	810	526
200	811	526
201	812	526
202	813	526
203	813	526
204	813	527
205	813	527
206	813	528
207	812	527
208	812	528
209	811	529
210	810	528
211	808	529
212	805	530
213	804	530
214	802	530
215	801	530
216	798	531
217	796	531
218	792	532
219	788	532
220	783	532
221	779	532
222	773	533
223	768	533
224	762	533
225	758	534
226	752	534
227	748	534
228	742	534
229	737	535
230	732	535
231	728	535
232	722	535
233	718	536
234	713	536
235	709	536
236	704	537
237	701	537
238	696	537
239	693	537
240	688	538
241	685	537
242	681	538
243	677	539
244	673	538
245	670	538
246	666	539
247	663	538
248	658	539
249	655	539
250	651	539
251	649	539
252	645	539
253	641	539
254	637	539
255	636	540
254	634	540
253	633	540
252	629	540
251	627	540
250	624	541
249	622	541
248	619	540
247	617	541
246	614	541
245	613	541
244	610	542
243	608	542
242	606	542
241	603	542
240	601	542
239	600	542
238	597	541
237	596	542
236	594	543
235	593	542
234	591	543
233	589	543
232	587	543
231	586	543
230	584	543
229	582	543
228	580	543
227	579	543
226	577	543
225	576	543
224	574	544
223	573	543
222	570	543
221	569	543
220	566	544
219	564	543
218	560	544
217	558	544
216	554	544
215	550	544
214	544	543
213	539	544
212	533	543
211	529	544
210	524	544
209	520	543
208	514	544
207	509	544
206	504	543
205	498	543
204	493	544
203	487	545
202	480	543
201	475	544
200	467	544
199	461	543
198	453	543
197	445	544
196	437	543
195	427	543
194	416	543
193	406	543
192	398	543
191	393	543
190	385	542
189	378	542
188	369	542
187	357	542
186	350	542
185	345	542
184	339	541
183	335	541
182	330	542
181	325	541
180	321	541
179	316	541
178	313	540
177	307	540
176	304	540
175	300	539
174	294	539
173	294	539
172	287	539
171	288	539
170	281	538
169	281	538
168	276	538
167	269	538
166	270	537
165	264	537
164	269	537
163	261	537
162	268	536
161	269	536
160	269	535
159	259	536
158	270	535
157	258	534
156	270	534
155	257	535
154	271	534
153	272	534
152	255	534
151	272	533
150	255	533
149	272	532
148	254	533
147	272	532
146	271	532
145	252	531
144	270	531
143	251	531
142	269	530
141	250	530
140	268	530
139	267	530
138	248	529
137	265	530
136	247	529
135	264	529
134	246	528
133	263	528
132	262	527
131	261	528
130	244	527
129	260	526
128	243	527
127	259	526
126	242	525
125	257	525
124	256	526
123	239	525
122	254	525
121	238	525
120	252	524
119	236	524
118	250	524
117	249	523
116	233	522
115	247	522
114	231	522
113	245	522
112	228	522
111	243	521
110	241	521
109	226	520
108	239	521
107	224	520
106	238	519
105	222	520
104	235	519
103	236	519
102	234	518
101	220	518
100	233	518
99	218	518
98	231	517
97	218	516
96	230	516
95	230	516
94	216	516
93	229	515
92	215	515
91	228	515
90	215	514
89	228	515
88	228	513
87	215	513
86	228	513
85	217	512
84	229	512
83	218	512
82	231	511
81	234	511
80	225	511
79	244	511
78	257	510
77	435	510
76	493	510
75	513	510
74	514	510
73	515	511
72	501	510
71	515	510
70	501	511
69	517	510
68	500	511
67	516	510
66	515	510
65	501	510
64	515	510
63	501	511
62	515	510
61	502	510
60	515	510
59	516	510
58	502	510
57	516	510
56	504	510
55	515	511
54	503	510
53	515	511
52	512	510
51	505	510
50	513	511
49	505	510
48	512	511
47	505	510
46	512	510
45	512	511
44	511	510
43	506	510
42	510	511
41	507	511
40	508	510
39	507	510
38	509	510
37	510	510
36	509	510
35	509	510
34	509	510
33	510	511
32	509	510
31	510	510
30	509	510
29	510	510
28	509	510
27	510	510
26	510	510
25	510	511
24	510	510
23	510	511
22	509	511
21	510	510
20	510	510
19	511	511
18	510	511
17	510	511
16	510	510
15	510	510
14	510	510
13	510	510
12	510	510
11	510	511
10	510	510
9	510	511
8	509	510
7	510	510
6	509	510
5	510	510
4	509	511
3	510	510
2	509	510
1	509	510
0	509	509
-1	508	511
-2	509	510
-3	510	510
-4	509	510
-5	510	511
-6	509	511
-7	510	510
-8	509	510
-9	510	510
-10	510	511
-11	510	511
-12	510	510
-13	511	511
-14	510	510
-15	511	511
-16	510	510
-17	511	510
-18	510	510
-19	510	511
-20	510	511
-21	510	510
-22	510	510
-23	510	510
-24	510	510
-25	510	510
-26	509	511
-27	510	510
-28	510	510
-29	511	510
-30	510	511
-31	510	510
-32	509	511
-33	509	510
-34	509	510
-35	510	510
-36	509	510
-37	510	510
-38	509	510
-39	510	511
-40	508	510
-41	507	511
-42	506	511
-43	506	510
-44	510	510
-45	507	510
-46	512	510
-47	508	510
-48	513	511
-49	508	510
-50	508	511
-51	513	509
-52	508	509
-53	513	510
-54	508	509
-55	514	510
-56	506	510
-57	509	510
-58	512	510
-59	509	510
-60	511	511
-61	509	510
-62	511	510
-63	508	510
-64	508	510
-65	512	510
-66	508	510
-67	511	510
-68	508	510
-69	511	510
-70	508	511
-71	509	510
-72	508	510
-73	511	510
-74	509	510
-75	511	510
-76	509	511
-77	512	510
-78	509	510
-79	510	510
-80	511	510
-81	510	510
-82	511	510
-83	510	510
-84	516	510
-85	509	510
-86	508	510
-87	512	510
-88	508	510
-89	512	510
-90	507	510
-91	512	510
-92	506	511
-93	506	510
-94	510	510
-95	505	510
-96	510	511
-97	504	510
-98	509	511
-99	503	510
-100	503	510
-101	502	510
-102	508	510
-103	502	510
-104	507	510
-105	500	510
-106	506	509
-107	499	510
-108	497	510
-109	504	510
-110	496	511
-111	501	510
-112	493	510
-113	498	510
-114	490	510
-115	488	510
-116	491	510
-117	484	510
-118	486	510
-119	478	510
-120	479	510
-121	472	510
-122	468	510
-123	469	510
-124	461	510
-125	461	510
-126	455	510
-127	453	510
-128	448	509
-129	445	509
-130	441	510
-131	437	509
-132	436	509
-133	430	509
-134	428	509
-135	422	509
-136	423	509
-137	421	508
-138	411	508
-139	415	508
-140	404	508
-141	409	508
-142	398	508
-143	403	508
-144	400	508
-145	388	507
-146	393	507
-147	382	507
-148	387	507
-149	377	507
-150	381	507
-151	378	506
-152	367	506
-153	371	507
-154	361	507
-155	365	506
-156	355	506
-157	358	505
-158	353	506
-159	348	506
-160	336	506
-161	331	505
-162	320	505
-163	317	504
-164	310	504
-165	306	504
-166	300	504
-167	296	504
-168	289	503
-169	287	503
-170	279	503
-171	278	503
-172	270	502
-173	267	502
-174	266	501
-175	259	501
-176	259	501
-177	253	500
-178	254	500
-179	248	500
-180	245	500
-181	246	499
-182	238	500
-183	239	499
-184	232	498
-185	236	499
-186	231	498
-187	232	497
-188	232	498
-189	237	497
-190	234	496
-191	240	496
-192	238	496
-193	244	495
-194	242	495
-195	244	496
-196	250	496
-197	250	495
-198	255	495
-199	251	494
-200	252	493
-201	249	493
-202	249	493
-203	253	493
-204	250	492
-205	253	492
-206	251	492
-207	254	491
-208	251	492
-209	253	491
-210	254	491
-211	253	490
-212	255	490
-213	254	491
-214	255	490
-215	255	489
-216	255	490
-217	256	489
-218	259	488
-219	261	488
-220	262	487
-221	262	487
-222	263	488
-223	265	487
-224	268	487
-225	271	486
-226	275	486
-227	279	486
-228	283	485
-229	288	485
-230	292	486
-231	297	484
-232	300	484
-233	305	485
-234	310	484
-235	314	484
-236	318	483
-237	322	483
-238	325	482
-239	330	483
-240	333	483
-241	338	483
-242	341	482
-243	345	482
-244	348	482
-245	352	482
-246	355	481
-247	359	482
-248	361	481
-249	365	481
-250	368	481
-251	371	481
-252	374	481
-253	377	481
-254	379	481
-255	382	480
-254	385	480
-253	388	480
-252	390	480
-251	393	480
-250	395	480
-249	398	479
-248	400	479
-247	402	479
-246	404	479
-245	407	479
-244	409	479
-243	411	479
-242	413	479
-241	415	479
-240	416	478
-239	419	478
-238	420	479
-237	423	479
-236	424	478
-235	426	477
-234	428	478
-233	430	478
-232	431	478
-231	434	477
-230	435	477
-229	437	477
-228	439	477
-227	441	477
-226	443	477
-225	446	477
-224	447	477
-223	451	477
-222	454	476
-221	459	477
-220	464	477
-219	470	477
-218	475	477
-217	479	477
-216	483	477
-215	487	477
-214	491	476
-213	498	477
-212	501	477
-211	508	475
-210	511	478
-209	518	477
-208	520	477
-207	525	477
-206	530	477
-205	537	477
-204	539	477
-203	546	476
-202	547	477
-201	554	476
-200	555	476
-199	559	477
-198	566	478
-197	568	477
-196	577	477
-195	577	477
-194	583	478
-193	581	478
-192	582	478
-191	589	477
-190	586	478
-189	594	477
-188	592	478
-187	601	479
-186	600	479
-185	605	478
-184	614	479
-183	617	479
-182	629	478
-181	633	479
-180	643	479
-179	642	479
-178	646	480
-177	652	479
-176	661	480
-175	663	479
-174	672	480
-173	674	480
-172	682	480
-171	685	480
-170	690	481
-169	698	481
-168	702	481
-167	709	481
-166	714	482
-165	720	482
-164	725	482
-163	731	483
-162	733	483
-161	741	483
-160	742	483
-159	756	483
-158	756	484
-157	768	484
-156	771	484
-155	767	485
-154	776	485
-153	769	486
-152	778	486
-151	771	485
-150	781	487
-149	782	487
-148	782	487
-147	774	487
-146	783	487
-145	775	488
-144	784	487
-143	777	488
-142	785	489
-141	786	489
-140	778	489
-139	785	490
-138	779	490
-137	784	490
-136	780	490
-135	784	491
-134	784	491
-133	782	492
-132	783	492
-131	783	492
-130	783	492
-129	784	493
-128	783	493
-127	783	493
-126	785	494
-125	784	494
-124	786	495
-123	784	494
-122	787	495
-121	784	496
-120	784	496
-119	784	495
-118	789	496
-117	785	497
-116	790	497
-115	785	497
-114	790	497
-113	785	498
-112	784	498
-111	792	499
-110	784	498
-109	792	499
-108	784	499
-107	793	499
-106	785	500
-105	786	500
-104	794	500
-103	787	501
-102	795	500
-101	788	502
-100	796	502
-99	789	501
-98	789	503
-97	799	503
-96	790	504
-95	800	503
-94	791	503
-93	801	504
-92	793	505
-91	794	505
-90	794	505
-89	804	505
-88	795	506
-87	804	506
-86	796	507
-85	806	507
-84	796	507
-83	796	508
-82	802	508
-81	772	509
-80	776	508
-79	768	509
-78	776	509
-77	767	510
-76	762	509
-75	753	510
-74	608	510
-73	524	510
-72	513	510
-71	514	510
-70	511	510
-69	511	510
-68	513	510
-67	510	510
-66	509	510
-65	513	510
-64	509	510
-63	510	510
-62	509	510
-61	510	510
-60	512	510
-59	510	509
-58	512	510
-57	509	510
-56	513	510
-55	509	510
-54	509	509
-53	513	511
-52	510	510
-51	513	510
-50	510	510
-49	510	510
-48	510	510
-47	511	510
-46	512	510
-45	510	510
-44	512	510
-43	511	509
-42	513	509
-41	511	510
-40	511	510
-39	514	510
-38	512	510
-37	512	510
-36	510	510
-35	510	510
-34	509	509
-33	510	509
-32	510	510
-31	510	510
-30	509	510
-29	510	510
-28	509	510
-27	510	510
-26	509	510
-25	510	511
-24	510	509
-23	510	510
-22	510	509
-21	510	510
-20	510	510
-19	511	510
-18	510	510
-17	510	510
-16	510	510
-15	511	510
-14	510	510
-13	510	509
-12	510	510
-11	510	510
-10	510	510
-9	511	510
-8	510	509
-7	510	510
-6	510	509
-5	510	510
-4	509	510
-3	510	509
-2	510	510
-1	510	510
0	509	510
1	510	510
2	509	509
3	509	509
4	509	511
5	510	510
6	509	509
7	510	510
8	509	510
9	510	510
10	509	510
11	510	510
12	510	510
13	510	510
14	510	510
15	510	510
16	509	510
17	511	509
18	510	510
19	510	509
20	510	510
21	510	510
22	510	509
23	511	510
24	510	510
25	510	510
26	510	510
27	510	510
28	510	510
29	510	510
30	509	510
31	510	510
32	509	509
33	510	510
34	509	509
35	510	510
36	509	510
37	509	510
38	509	510
39	510	510
40	509	509
41	510	510
42	511	510
43	509	510
44	512	510
45	507	509
46	513	509
47	513	510
48	505	509
49	513	511
50	505	510
51	514	510
52	505	510
53	514	510
54	513	510
55	514	510
56	505	510
57	514	509
58	504	510
59	514	510
60	504	510
61	514	510
62	514	511
63	504	510
64	516	510
65	503	510
66	516	510
67	503	510
68	516	509
69	517	510
70	502	510
71	518	510
72	500	510
73	516	510
74	502	509
75	517	509
76	516	510
77	503	510
78	517	510
79	504	510
80	517	509
81	504	510
82	518	510
83	519	510
84	518	510
85	504	510
86	519	511
87	505	510
88	519	510
89	505	510
90	520	511
91	520	510
92	505	510
93	520	510
94	505	510
95	521	510
96	505	510
97	521	510
98	520	510
99	506	510
100	521	510
101	507	509
102	521	510
103	507	510
104	522	511
105	523	510
106	508	510
107	524	510
108	510	510
109	526	511
110	512	510
111	528	510
112	529	510
113	531	510
114	518	510
115	535	510
116	523	510
117	540	510
118	528	510
119	546	511
120	549	510
121	539	510
122	556	511
123	545	511
124	564	510
125	553	509
126	572	510
127	576	510
128	564	511
129	584	511
130	572	511
131	592	511
132	579	511
133	600	511
134	603	512
135	590	512
136	610	511
137	597	512
138	617	512
139	604	512
140	623	512
141	628	511
142	630	511
143	616	513
144	636	513
145	622	513
146	642	512
147	628	513
148	647	512
149	651	513
150	636	513
151	654	513
152	641	514
153	658	514
154	647	514
155	662	514
156	663	514
157	654	515
158	666	515
159	659	515
160	669	515
161	663	515
162	672	516
163	675	515
164	669	516
165	678	516
166	674	516
167	682	516
168	680	516
169	688	517
170	693	517
171	698	517
172	699	517
173	706	517
174	707	518
175	713	518
176	714	519
177	721	518
178	723	519
179	726	519
180	731	519
181	734	520
182	738	521
183	741	520
184	745	521
185	749	521
186	751	521
187	755	522
188	758	522
189	761	522
190	768	522
191	777	522
192	781	523
193	786	523
194	792	524
195	799	524
196	802	524
197	807	524
198	808	525
199	810	525
200	812	525
201	814	526
202	813	526
203	815	527
204	813	527
205	814	526
206	813	528
207	813	528
208	812	528
209	811	528
210	810	529
211	808	529
212	806	529
213	804	530
214	802	530
215	802	530
216	798	531
217	797	532
218	792	531
219	789	532
220	784	533
221	780	533
222	774	533
223	770	533
224	765	534
225	760	534
226	754	534
227	749	534
228	744	535
229	740	535
230	734	536
231	730	536
232	724	536
233	720	536
234	716	536
235	711	537
236	706	537
237	703	537
238	698	537
239	695	537
240	690	537
241	686	538
242	682	538
243	678	538
244	675	538
245	672	538
246	668	539
247	665	539
248	661	539
249	658	539
250	655	539
251	652	540
252	648	539
253	646	540
254	642	540
255	640	540
254	637	540
253	635	540
252	632	541
251	630	540
250	626	541
249	625	542
248	621	540
247	620	541
246	616	541
245	615	541
244	612	541
243	610	541
242	607	542
241	605	542
240	603	541
239	601	542
238	598	541
237	597	542
236	594	542
235	593	542
234	591	543
233	590	542
232	587	543
231	586	543
230	584	542
229	582	544
228	581	543
227	579	543
226	577	543
225	576	543
224	574	543
223	573	543
222	571	544
221	569	544
220	567	544
219	565	543
218	561	544
217	559	544
216	555	544
215	551	544
214	545	544
213	539	544
212	532	544
211	529	544
210	525	544
209	521	544
208	516	544
207	511	544
206	504	544
205	499	544
204	493	544
203	487	544
202	480	544
201	475	544
200	467	544
199	461	543
198	453	544
197	445	544
196	436	543
195	426	543
194	415	544
193	405	543
192	397	543
191	391	542
190	384	542
189	376	543
188	367	543
187	355	543
186	348	542
185	342	542
184	338	542
183	334	542
182	328	542
181	325	541
180	319	541
179	314	541
178	311	540
177	305	540
176	302	540
175	296	540
174	294	539
173	291	540
172	284	539
171	284	538
170	278	538
169	277	538
168	268	538
167	270	538
166	267	537
165	265	537
164	257	537
163	265	537
162	256	536
161	265	536
160	255	536
159	265	535
158	265	535
157	254	535
156	267	535
155	253	534
154	268	534
153	253	534
152	269	534
151	269	534
150	252	533
149	269	532
148	251	532
147	269	532
146	250	532
145	269	531
144	268	531
143	250	531
142	267	531
141	248	530
140	266	530
139	248	530
138	264	530
137	264	530
136	263	529
135	245	529
134	261	528
133	244	527
132	260	527
131	242	527
130	259	526
129	258	526
128	240	526
127	256	526
126	239	525
125	255	524
124	238	525
123	253	525
122	252	524
121	236	524
120	251	524
119	235	523
118	249	524
117	234	523
116	247	522
115	246	523
114	230	522
113	245	522
112	229	522
111	243	521
110	227	521
109	241	521
108	240	520
107	239	520
106	223	520
105	237	519
104	222	519
103	235	519
102	220	518
101	234	518
100	233	517
99	218	517
98	231	517
97	217	517
96	230	516
95	216	516
94	229	516
93	229	516
92	215	515
91	228	514
90	215	514
89	228	514
88	214	514
87	228	514
86	228	513
85	217	513
84	229	513
83	219	512
82	232	512
81	223	511
80	239	512
79	246	511
78	272	510
77	426	511
76	508	511
75	501	510
74	515	510
73	502	510
72	515	511
71	516	510
70	502	510
69	518	510
68	501	511
67	516	510
66	501	510
65	516	510
64	515	510
63	501	510
62	514	510
61	501	511
60	515	510
59	502	510
58	514	510
57	515	510
56	502	510
55	514	511
54	503	510
53	515	511
52	503	510
51	513	510
50	512	509
49	513	511
48	505	510
47	513	510
46	505	510
45	513	510
44	505	510
43	511	510
42	510	511
41	508	510
40	509	510
39	509	510
38	509	510
37	510	510
36	510	511
35	510	510
34	509	510
33	510	510
32	509	510
31	509	511
30	509	510
29	509	510
28	509	510
27	510	510
26	509	510
25	509	510
24	509	510
23	509	511
22	509	511
21	510	510
20	509	510
19	510	510
18	509	511
17	510	510
16	509	510
15	510	510
14	510	510
13	511	510
12	510	510
11	510	510
10	510	510
9	511	510
8	510	511
7	511	510
6	510	511
5	510	510
4	510	511
3	510	510
2	510	510
1	510	509
0	510	511
-1	510	510
-2	509	510
-3	510	510
-4	509	510
-5	510	510
-6	509	510
-7	510	511
-8	509	510
-9	509	510
-10	509	510
-11	509	510
-12	509	510
-13	510	511
-14	509	510
-15	510	510
-16	510	510
-17	510	511
-18	510	510
-19	510	511
-20	510	511
-21	510	511
-22	510	510
-23	511	510
-24	510	510
-25	511	510
-26	510	510
-27	511	510
-28	510	511
-29	511	511
-30	510	511
-31	510	511
-32	510	510
-33	510	510
-34	510	511
-35	510	511
-36	509	511
-37	510	511
-38	509	510
-39	509	511
-40	507	510
-41	507	511
-42	505	510
-43	506	511
-44	505	511
-45	507	511
-46	511	511
-47	507	511
-48	512	511
-49	508	511
-50	512	509
-51	508	511
-52	508	511
-53	513	509
-54	507	510
-55	510	510
-56	509	510
-57	513	511
-58	508	510
-59	509	510
-60	512	510
-61	510	510
-62	512	510
-63	509	510
-64	512	510
-65	509	510
-66	509	511
-67	509	511
-68	511	511
-69	509	510
-70	511	510
-71	509	510
-72	511	510
-73	509	510
-74	508	511
-75	509	510
-76	511	510
-77	509	510
-78	510	511
-79	509	511
-80	508	510
-81	509	510
-82	510	510
-83	509	511
-84	516	510
-85	509	510
-86	512	510
-87	508	510
-88	508	510
-89	512	511
-90	507	510
-91	511	510
-92	506	510
-93	512	510
-94	506	510
-95	505	511
-96	505	510
-97	511	510
-98	504	511
-99	510	511
-100	503	510
-101	509	510
-102	502	510
-103	502	510
-104	507	510
-105	500	510
-106	505	510
-107	499	510
-108	504	510
-109	497	510
-110	496	510
-111	500	510
-112	492	510
-113	497	510
-114	489	510
-115	493	510
-116	485	510
-117	483	510
-118	485	510
-119	478	510
-120	478	511
-121	472	510
-122	472	510
-123	465	509
-124	461	510
-125	459	511
-126	457	510
-127	452	509
-128	449	509
-129	445	509
-130	441	509
-131	439	509
-132	436	509
-133	430	509
-134	429	509
-135	423	509
-136	424	508
-137	416	508
-138	418	508
-139	415	508
-140	404	508
-141	409	508
-142	397	508
-143	402	508
-144	391	507
-145	397	507
-146	393	508
-147	381	507
-148	387	508
-149	376	507
-150	380	507
-151	369	507
-152	374	508
-153	371	507
-154	367	505
-155	358	506
-156	361	506
-157	352	506
-158	353	505
-159	344	505
-160	341	505
-161	332	505
-162	321	504
-163	318	504
-164	311	504
-165	307	504
-166	302	503
-167	296	504
-168	290	503
-169	288	503
-170	280	503
-171	279	503
-172	271	502
-173	271	502
-174	263	502
-175	260	501
-176	260	501
-177	253	501
-178	254	500
-179	248	500
-180	249	500
-181	241	500
-182	237	499
-183	234	498
-184	237	498
-185	232	499
-186	235	498
-187	232	498
-188	236	497
-189	234	497
-190	235	497
-191	241	496
-192	239	496
-193	245	496
-194	243	496
-195	250	494
-196	248	495
-197	252	495
-198	256	495
-199	253	494
-200	254	493
-201	251	493
-202	254	493
-203	252	493
-204	252	492
-205	255	492
-206	252	492
-207	255	491
-208	253	491
-209	255	491
-210	253	491
-211	254	491
-212	254	490
-213	256	490
-214	254	489
-215	256	490
-216	256	489
-217	258	489
-218	258	489
-219	261	488
-220	262	488
-221	262	488
-222	264	488
-223	266	487
-224	268	487
-225	272	486
-226	275	486
-227	279	486
-228	284	486
-229	289	485
-230	292	485
-231	297	485
-232	301	485
-233	306	484
-234	310	484
-235	314	484
-236	318	485
-237	322	484
-238	326	483
-239	330	483
-240	333	483
-241	337	483
-242	341	482
-243	344	482
-244	348	482
-245	352	482
-246	354	482
-247	358	482
-248	360	481
-249	364	482
-250	367	482
-251	370	480
-252	373	481
-253	376	480
-254	378	480
-255	382	480
-254	385	480
-253	388	480
-252	390	480
-251	393	480
-250	395	480
-249	398	480
-248	400	480
-247	403	479
-246	404	479
-245	407	479
-244	409	479
-243	412	479
-242	413	478
-241	415	478
-240	417	478
-239	419	479
-238	421	478
-237	423	479
-236	424	479
-235	426	478
-234	428	477
-233	430	478
-232	431	477
-231	432	478
-230	434	478
-229	436	477
-228	438	478
-227	440	478
-226	442	477
-225	444	477
-224	446	477
-223	450	478
-222	453	477
-221	458	478
-220	462	476
-219	469	477
-218	474	476
-217	478	477
-216	483	477
-215	487	477
-214	492	477
-213	496	477
-212	501	476
-211	507	477
-210	513	476
-209	517	477
-208	523	477
-207	526	477
-206	532	477
-205	535	477
-204	539	477
-203	544	477
-202	550	476
-201	551	476
-200	558	478
-199	559	477
-198	563	477
-197	568	477
-196	577	477
-195	576	477
-194	581	477
-193	580	478
-192	585	478
-191	584	477
-190	586	477
-189	593	478
-188	592	478
-187	600	478
-186	599	478
-185	609	478
-184	610	479
-183	617	478
-182	624	479
-181	638	478
-180	639	479
-179	648	480
-178	647	479
-177	658	480
-176	658	480
-175	664	479
-174	673	479
-173	675	480
-172	684	480
-171	686	481
-170	695	481
-169	699	481
-168	704	482
-167	711	481
-166	715	481
-165	722	482
-164	727	483
-163	731	482
-162	737	482
-161	742	483
-160	743	484
-159	756	484
-158	758	484
-157	769	484
-156	765	485
-155	774	485
-154	776	485
-153	778	485
-152	770	486
-151	781	486
-150	772	486
-149	782	487
-148	773	487
-147	783	487
-146	784	488
-145	777	488
-144	785	488
-143	777	488
-142	786	489
-141	779	489
-140	786	490
-139	786	490
-138	780	490
-137	786	490
-136	780	491
-135	785	491
-134	781	491
-133	784	492
-132	784	492
-131	783	492
-130	783	493
-129	784	493
-128	782	493
-127	784	493
-126	782	493
-125	783	494
-124	783	494
-123	786	495
-122	782	495
-121	787	495
-120	782	496
-119	788	496
-118	783	496
-117	783	497
-116	788	497
-115	783	496
-114	789	497
-113	784	498
-112	790	498
-111	784	498
-110	783	499
-109	792	499
-108	784	499
-107	793	500
-106	784	500
-105	794	500
-104	786	501
-103	787	501
-102	794	501
-101	787	502
-100	796	502
-99	788	502
-98	796	503
-97	789	503
-96	789	503
-95	790	503
-94	799	503
-93	791	505
-92	800	505
-91	793	506
-90	801	505
-89	793	506
-88	793	505
-87	803	506
-86	794	507
-85	803	507
-84	794	507
-83	802	508
-82	792	508
-81	770	508
-80	774	509
-79	767	508
-78	775	509
-77	765	509
-76	769	510
-75	737	509
-74	589	510
-73	522	509
-72	513	510
-71	515	510
-70	512	510
-69	514	510
-68	511	510
-67	511	510
-66	510	510
-65	513	510
-64	510	510
-63	513	510
-62	509	510
-61	513	509
-60	509	510
-59	510	510
-58	512	510
-57	509	510
-56	511	510
-55	509	510
-54	512	510
-53	509	510
-52	508	510
-51	512	510
-50	509	510
-49	512	510
-48	509	510
-47	513	509
-46	509	510
-45	510	509
-44	512	510
-43	511	509
-42	514	509
-41	511	510
-40	514	509
-39	513	510
-38	513	510
-37	513	510
-36	510	509
-35	511	510
-34	510	510
-33	511	510
-32	510	510
-31	510	509
-30	510	510
-29	510	509
-28	509	511
-27	510	510
-26	510	510
-25	510	510
-24	509	510
-23	509	510
-22	510	510
-21	510	511
-20	509	510
-19	509	510
-18	509	510
-17	510	509
-16	510	510
-15	510	510
-14	510	510
-13	510	510
-12	509	510
-11	510	511
-10	510	510
-9	511	510
-8	510	511
-7	510	510
-6	510	510
-5	511	510
-4	510	510
-3	510	511
-2	510	510
-1	511	510
0	510	510
1	511	510
2	510	510
3	510	510
4	510	510
5	510	510
6	509	510
7	510	509
8	509	510
9	510	510
10	509	510
11	510	510
12	510	510
13	510	510
14	509	510
15	509	511
16	509	509
17	510	510
18	510	510
19	510	510
20	509	510
21	510	510
22	510	510
23	510	510
24	510	510
25	510	509
26	510	510
27	510	509
28	510	510
29	511	510
30	510	511
31	510	510
32	510	510
33	511	510
34	510	510
35	510	510
36	510	510
37	510	510
38	510	510
39	510	510
40	509	510
41	510	510
42	511	510
43	509	510
44	512	510
45	507	510
46	512	510
47	505	510
48	512	510
49	513	510
50	512	510
51	505	510
52	512	510
53	505	510
54	513	510
55	505	509
56	513	510
57	513	510
58	505	510
59	514	510
60	504	510
61	514	509
62	505	510
63	519	510
64	516	510
65	504	510
66	517	510
67	503	510
68	518	510
69	503	510
70	518	510
71	518	510
72	501	509
73	517	510
74	503	509
75	517	509
76	503	510
77	517	510
78	517	510
79	517	509
80	502	510
81	518	510
82	503	511
83	518	510
84	503	509
85	518	510
86	518	510
87	504	510
88	519	510
89	504	510
90	519	510
91	505	510
92	520	510
93	520	510
94	506	510
95	520	510
96	505	510
97	521	510
98	506	510
99	522	509
100	521	511
101	507	510
102	522	510
103	508	510
104	523	510
105	509	510
106	524	510
107	525	510
108	525	510
109	512	510
110	527	510
111	514	510
112	529	511
113	517	511
114	532	510
115	535	510
116	522	511
117	540	511
118	527	510
119	545	510
120	533	511
121	553	510
122	556	511
123	545	511
124	564	510
125	553	510
126	572	510
127	561	510
128	580	510
129	584	510
130	572	511
131	593	511
132	579	511
133	600	511
134	587	511
135	608	511
136	611	511
137	615	511
138	600	512
139	622	511
140	607	512
141	628	512
142	613	512
143	634	512
144	637	513
145	622	513
146	642	512
147	628	513
148	647	513
149	633	514
150	651	513
151	654	513
152	640	513
153	658	514
154	645	514
155	661	514
156	650	514
157	665	515
158	665	514
159	658	515
160	668	515
161	663	516
162	671	515
163	667	515
164	675	515
165	678	516
166	679	516
167	677	517
168	685	516
169	685	516
170	692	517
171	695	517
172	703	518
173	707	518
174	707	518
175	713	518
176	714	518
177	720	518
178	722	519
179	727	519
180	731	520
181	733	520
182	737	520
183	741	520
184	744	520
185	747	520
186	750	521
187	754	521
188	756	522
189	760	522
190	767	523
191	775	523
192	780	523
193	785	523
194	790	523
195	797	523
196	801	524
197	806	525
198	808	525
199	810	525
200	811	526
201	812	525
202	813	526
203	814	527
204	813	527
205	814	527
206	812	528
207	813	528
208	811	527
209	810	528
210	809	528
211	807	529
212	804	530
213	802	530
214	801	530
215	799	531
216	797	530
217	794	532
218	790	532
219	787	532
220	781	532
221	778	533
222	772	533
223	767	534
224	762	534
225	758	534
226	751	534
227	747	534
228	741	534
229	738	535
230	732	535
231	728	535
232	723	535
233	719	536
234	715	536
235	710	536
236	705	536
237	702	537
238	697	537
239	694	537
240	689	537
241	686	537
242	681	538
243	678	538
244	673	538
245	671	539
246	666	538
247	663	538
248	659	539
249	657	539
250	653	539
251	650	540
252	646	539
253	644	540
254	640	539
255	638	540
254	634	539
253	632	540
252	629	540
251	627	541
250	624	540
249	621	540
248	617	542
247	618	540
246	615	541
245	614	541
244	611	542
243	610	541
242	607	542
241	606	542
240	603	542
239	602	542
238	600	542
237	598	542
236	596	542
235	595	542
234	592	542
233	591	543
232	589	543
231	587	543
230	585	543
229	584	543
228	581	543
227	580	543
226	578	543
225	577	543
224	575	543
223	574	543
222	571	543
221	569	543
220	567	544
219	566	544
218	563	543
217	560	544
216	556	544
215	552	544
214	547	544
213	542	544
212	536	544
211	532	544
210	528	544
209	524	543
208	517	544
207	513	544
206	507	544
205	502	544
204	495	544
203	490	544
202	483	544
201	477	544
200	470	544
199	463	543
198	455	544
197	448	544
196	438	543
195	429	543
194	417	543
193	406	543
192	398	543
191	393	543
190	386	542
189	378	543
188	368	543
187	357	542
186	349	542
185	344	542
184	339	541
183	335	542
182	330	541
181	326	541
180	320	541
179	317	541
178	313	541
177	307	540
176	304	540
175	298	539
174	297	539
173	291	539
172	289	538
171	287	539
170	284	539
169	277	538
168	276	538
167	268	538
166	269	538
165	262	537
164	267	536
163	266	536
162	258	536
161	267	535
160	256	536
159	267	536
158	255	535
157	268	535
156	267	534
155	254	535
154	268	534
153	254	534
152	269	534
151	252	533
150	269	533
149	269	532
148	251	532
147	269	532
146	250	531
145	269	531
144	249	531
143	268	531
142	267	531
141	267	530
140	248	530
139	266	530
138	247	529
137	264	529
136	246	529
135	263	529
134	261	528
133	244	528
132	260	527
131	243	527
130	259	527
129	242	527
128	257	526
127	257	526
126	239	526
125	255	525
124	238	525
123	253	525
122	235	524
121	251	524
120	250	524
119	234	523
118	248	523
117	232	523
116	246	522
115	230	522
114	244	523
113	244	522
112	242	521
111	227	521
110	241	521
109	226	520
108	239	520
107	224	520
106	238	520
105	237	520
104	222	519
103	236	518
102	221	518
101	234	518
100	219	518
99	233	517
98	232	517
97	218	517
96	230	516
95	216	517
94	230	516
93	216	516
92	228	515
91	228	515
90	214	514
89	228	514
88	214	513
87	228	514
86	215	512
85	228	512
84	229	512
83	230	512
82	219	512
81	234	511
80	226	511
79	245	511
78	258	510
77	437	511
76	507	510
75	500	510
74	514	511
73	502	510
72	515	510
71	502	511
70	516	511
69	518	510
68	501	511
67	516	511
66	502	510
65	516	510
64	502	510
63	516	510
62	515	510
61	502	510
60	515	511
59	502	510
58	515	510
57	502	510
56	514	511
55	515	510
54	514	510
53	503	510
52	511	511
51	504	510
50	512	510
49	504	510
48	512	510
47	512	511
46	504	510
45	512	510
44	505	510
43	511	510
42	506	511
41	510	510
40	509	510
39	508	509
38	509	510
37	510	511
36	510	510
35	510	510
34	510	511
33	511	510
32	510	510
31	510	511
30	510	510
29	511	511
28	510	510
27	510	510
26	510	510
25	510	511
24	509	510
23	510	509
22	510	510
21	510	511
20	509	510
19	509	510
18	509	510
17	510	510
16	509	510
15	509	510
14	509	510
13	510	511
12	509	511
11	510	511
10	509	511
9	510	510
8	510	510
7	510	510
6	510	511
5	510	510
4	510	511
3	510	511
2	509	510
1	511	510
0	510	510
-1	511	510
-2	510	510
-3	510	511
-4	510	510
-5	510	510
-6	510	510
-7	510	510
-8	510	511
-9	510	511
-10	509	510
-11	510	511
-12	509	510
-13	510	510
-14	509	511
-15	509	511
-16	509	510
-17	510	510
-18	509	510
-19	510	511
-20	509	510
-21	510	510
-22	509	510
-23	510	510
-24	509	510
-25	510	510
-26	510	510
-27	510	511
-28	510	510
-29	510	510
-30	510	510
-31	510	510
-32	510	510
-33	511	510
-34	510	510
-35	510	510
-36	510	510
-37	511	511
-38	510	512
-39	510	510
-40	508	510
-41	508	510
-42	506	510
-43	509	511
-44	506	510
-45	511	511
-46	507	511
-47	507	510
-48	512	510
-49	508	510
-50	512	510
-51	507	511
-52	511	511
-53	508	511
-54	506	510
-55	509	510
-56	508	511
-57	512	510
-58	508	510
-59	512	510
-60	508	510
-61	509	510
-62	508	510
-63	512	510
-64	509	510
-65	512	510
-66	509	510
-67	512	511
-68	509	511
-69	510	511
-70	512	510
-71	510	510
-72	512	510
-73	510	510
-74	512	510
-75	510	510
-76	509	510
-77	512	510
-78	509	511
-79	511	511
-80	509	511
-81	511	511
-82	509	510
-83	508	510
-84	515	509
-85	508	510
-86	511	511
-87	508	510
-88	511	510
-89	507	510
-90	506	510
-91	506	511
-92	511	510
-93	506	511
-94	510	510
-95	506	510
-96	510	510
-97	505	511
-98	504	510
-99	510	511
-100	503	510
-101	509	510
-102	502	511
-103	509	510
-104	502	510
-105	501	510
-106	506	510
-107	500	510
-108	504	510
-109	497	510
-110	496	510
-111	495	510
-112	493	510
-113	497	510
-114	489	509
-115	493	510
-116	485	510
-117	487	509
-118	480	510
-119	477	510
-120	474	510
-121	475	510
-122	467	510
-123	467	510
-124	461	510
-125	460	510
-126	454	510
-127	451	510
-128	448	510
-129	445	509
-130	441	509
-131	439	510
-132	433	509
-133	433	509
-134	429	509
-135	423	508
-136	424	508
-137	416	508
-138	418	508
-139	408	508
-140	413	508
-141	410	509
-142	398	507
-143	403	508
-144	391	507
-145	397	508
-146	385	507
-147	390	507
-148	386	507
-149	384	507
-150	372	507
-151	377	507
-152	366	507
-153	371	507
-154	360	506
-155	363	506
-156	360	505
-157	351	505
-158	352	506
-159	343	505
-160	340	505
-161	328	505
-162	323	504
-163	317	504
-164	311	504
-165	307	504
-166	302	504
-167	296	504
-168	292	503
-169	287	503
-170	281	503
