V2_mean	Isense_mean	dt	V2Ref_set
510	509	500	102
PWM	V2_read	Isense_read
0	510	510
0	510	510
0	510	510
0	509	510
0	510	509
0	509	510
0	510	510
0	509	510
0	510	510
0	509	510
0	510	511
0	509	510
0	510	510
0	509	509
0	509	510
0	509	510
0	510	510
0	509	509
0	510	509
0	509	510
0	510	510
0	510	510
0	510	509
0	510	510
0	510	510
0	510	510
0	511	510
0	509	510
0	510	509
0	510	510
0	511	509
0	510	510
0	510	510
0	510	510
0	511	510
0	510	510
0	510	510
0	510	509
0	510	511
0	509	510
0	510	510
0	509	510
0	510	510
0	509	510
0	510	509
0	509	510
0	510	510
0	509	510
0	509	510
0	509	511
0	510	510
0	509	509
0	510	510
0	509	510
0	510	510
0	509	510
0	510	509
0	510	510
0	510	510
0	510	509
0	511	509
0	510	510
0	510	509
0	510	510
0	511	510
0	510	509
0	510	510
0	510	510
0	510	510
0	510	510
0	510	510
0	510	511
0	510	510
0	510	510
0	510	509
0	509	510
0	510	510
0	509	510
0	509	510
0	509	510
0	510	510
0	509	510
0	509	510
0	509	510
0	510	510
0	509	510
0	510	510
0	510	511
0	510	510
0	510	510
0	510	510
0	510	510
0	510	510
0	510	510
0	511	510
0	510	510
0	510	509
0	510	509
0	510	510
0	511	510
0	510	510
0	510	509
0	510	510
0	510	510
0	511	510
0	510	510
0	510	510
0	510	510
0	510	509
0	509	509
0	510	510
0	509	510
0	510	510
0	509	509
0	509	510
0	509	510
0	510	510
0	509	510
0	510	510
0	509	510
0	510	510
0	509	510
0	510	510
0	510	509
0	510	510
0	510	510
0	510	510
0	510	510
0	511	510
0	511	510
0	511	509
0	510	510
0	510	510
0	510	509
0	511	509
0	510	509
0	510	509
0	510	510
0	510	510
0	510	510
0	510	509
0	509	510
0	510	510
0	509	510
0	509	510
0	509	510
0	510	510
0	509	510
0	509	510
0	509	510
0	510	510
0	509	509
0	510	510
0	510	510
0	510	510
0	509	510
0	510	510
0	509	511
0	510	510
0	510	510
0	511	510
0	509	510
0	511	511
0	510	510
0	510	510
0	510	510
0	510	510
0	510	510
0	511	510
0	510	510
0	510	510
0	510	510
0	510	510
0	510	510
0	510	510
0	510	510
0	510	509
0	509	510
0	510	510
0	509	510
0	510	510
0	510	509
0	510	510
0	509	509
0	510	510
0	509	510
0	509	510
0	509	510
0	510	510
0	509	510
0	510	510
0	509	510
0	510	510
0	510	510
0	511	510
0	510	510
0	510	510
0	510	509
0	511	510
0	510	510
53	510	510
69	512	510
84	523	509
102	510	510
117	536	511
128	569	510
134	603	511
137	625	510
138	636	510
139	635	511
137	652	511
137	636	511
139	629	511
142	617	512
140	648	511
142	618	512
141	640	512
143	614	512
145	621	511
145	628	513
143	644	513
143	630	512
146	606	513
144	635	512
144	626	513
145	620	513
148	604	514
147	633	513
146	629	513
149	601	514
148	630	514
150	607	514
149	629	514
151	606	514
150	628	515
152	606	516
151	627	515
153	605	515
153	625	516
152	624	515
152	617	516
153	613	515
153	615	516
156	598	516
155	623	516
155	618	516
158	602	516
157	623	516
157	620	516
159	605	518
158	622	517
160	606	517
159	622	517
159	615	518
161	603	517
161	617	518
162	609	518
162	617	518
163	609	518
163	616	518
165	608	519
164	621	518
164	615	519
166	605	519
166	618	519
166	612	519
167	609	520
168	616	519
167	618	520
168	613	519
168	612	520
168	613	520
170	607	521
169	622	520
170	611	521
169	618	520
170	605	521
171	612	521
171	616	522
171	617	521
171	615	522
171	612	522
172	609	521
173	609	522
172	618	522
174	606	523
173	618	523
174	608	523
174	614	523
175	609	523
175	616	523
175	614	524
176	611	524
176	612	523
176	614	523
177	608	524
177	614	524
177	613	524
178	609	524
178	615	524
178	614	525
179	609	525
179	615	525
179	613	526
180	609	525
180	615	525
180	613	525
181	611	526
181	614	526
181	614	526
181	611	526
182	607	526
183	612	526
182	618	527
183	608	527
183	611	526
184	610	527
184	614	527
185	613	527
184	617	528
185	608	529
186	610	527
185	617	529
186	608	528
187	611	528
186	616	528
187	608	529
188	610	528
188	618	529
187	615	529
189	606	529
188	620	530
188	610	530
190	603	529
188	625	530
190	603	530
189	620	529
190	609	531
189	617	531
191	604	530
190	619	531
191	611	531
190	616	531
191	605	531
192	610	531
192	615	531
192	615	532
192	611	532
193	608	533
193	614	532
193	613	532
194	610	533
193	618	532
194	606	533
195	612	533
193	622	533
195	600	534
196	614	533
194	625	534
195	603	534
196	608	533
196	616	534
195	617	533
197	603	534
196	618	533
197	609	535
197	613	535
198	611	534
197	618	535
198	607	535
198	611	535
199	609	536
199	615	536
199	612	536
200	610	536
200	613	537
200	612	537
201	609	536
201	612	536
202	611	536
202	614	537
202	612	537
203	610	538
203	613	537
203	611	537
204	608	538
204	612	537
205	609	537
205	613	537
206	610	538
206	614	538
207	611	539
207	613	538
207	611	539
208	609	539
209	610	539
209	613	538
210	611	539
210	613	540
211	610	540
211	611	540
212	609	540
213	609	540
214	611	540
214	613	540
215	611	541
215	613	540
216	609	541
217	611	541
218	611	541
218	612	541
219	608	541
220	608	541
222	607	541
223	606	542
255	604	542
255	604	542
255	602	542
255	600	542
255	597	543
255	595	542
255	593	542
255	591	542
255	589	543
255	587	543
255	584	543
255	584	544
255	581	543
255	580	543
255	577	543
255	576	543
255	574	544
255	573	544
255	571	544
255	570	544
255	567	544
255	567	544
255	565	544
255	564	544
255	562	544
255	562	544
255	560	545
255	559	545
255	557	544
255	557	544
255	556	544
255	555	545
255	553	545
255	553	545
255	551	545
255	551	545
255	550	545
255	549	545
255	547	545
255	548	545
255	546	545
255	545	544
255	544	545
255	543	545
255	542	545
255	541	545
255	540	545
255	540	545
255	538	546
255	538	546
255	537	545
255	537	545
255	536	546
255	536	546
255	535	546
255	535	544
255	534	545
255	534	545
255	533	546
255	533	546
255	531	546
255	531	546
255	531	546
255	531	546
255	530	546
255	530	545
255	529	546
255	529	546
255	528	546
255	528	545
255	527	547
255	527	546
255	526	546
255	526	546
255	525	546
255	525	546
255	524	546
255	524	546
255	523	546
255	524	546
255	522	546
255	523	547
255	522	546
255	522	546
255	522	546
255	522	547
255	521	547
255	522	547
255	521	547
255	521	546
255	521	546
255	521	546
255	520	546
255	520	546
255	519	546
255	520	546
255	519	547
255	520	546
255	519	546
255	519	546
255	518	547
255	518	547
255	518	546
255	518	546
255	517	546
255	517	546
255	517	546
255	516	546
255	516	546
255	516	547
255	516	547
255	516	546