V2_mean	Isense_mean	dt
510	510	500	0
PWM	V2_read	Isense_read
0	510	511
1	510	511
1	510	511
2	510	510
3	509	511
3	510	511
5	510	511
5	510	511
6	510	511
7	510	511
7	509	511
8	510	511
9	510	511
10	510	511
10	511	511
11	510	511
12	511	511
13	510	510
14	510	510
14	510	511
15	510	511
16	510	511
16	510	511
17	510	510
18	510	511
19	511	511
19	510	510
20	510	511
21	510	511
22	511	510
23	511	511
23	511	511
24	510	511
24	510	511
26	512	511
26	510	510
27	513	511
28	510	511
28	515	510
29	511	511
30	516	511
31	511	511
32	511	511
32	510	510
33	511	511
33	511	510
35	519	511
35	511	510
36	521	511
37	511	511
37	511	511
38	511	511
39	523	510
40	511	511
40	526	511
41	511	510
42	512	511
42	517	511
44	532	512
44	522	511
45	546	513
46	540	511
46	554	511
47	566	511
48	633	515
49	594	510
49	583	516
50	624	510
51	637	511
51	651	512
53	509	519
53	674	511
54	452	522
55	695	511
55	703	511
56	706	512
57	513	523
58	701	511
58	626	524
59	693	511
60	681	511
60	663	512
62	728	519
62	693	513
63	986	527
64	743	511
64	741	512
65	725	512
66	879	528
67	717	512
67	803	531
68	702	512
69	691	512
69	681	513
71	693	533
71	661	513
72	620	535
72	641	513
73	631	513
74	622	513
75	531	535
76	607	514
76	502	535
77	595	513
78	605	514
78	620	515
80	531	536
80	638	515
81	535	535
81	621	514
82	610	515
83	601	515
84	493	534
85	585	516
85	477	534
86	568	515
87	560	516
87	554	516
88	441	534
89	542	517
90	450	537
90	580	518
91	599	518
92	612	518
93	522	534
94	606	519
94	503	533
95	587	518
96	577	519
96	569	519
97	459	533
98	552	520
99	442	529
99	537	520
100	527	519
101	519	520
102	421	531
103	553	523
103	477	531
104	596	523
104	605	523
105	603	522
106	500	528
107	585	524
108	478	530
108	569	524
109	559	525
110	551	526
111	437	528
112	532	527
112	412	529
113	513	526
113	508	528
114	525	530
115	453	533
116	581	533
117	504	530
117	605	531
118	599	531
119	590	533
120	482	529
120	575	534
121	458	527
122	556	534
122	546	535
123	535	533
124	408	527
125	518	534
126	385	530
126	512	540
127	535	542
128	568	543
128	487	529
128	502	530
128	508	526
128	598	541
128	587	542
128	470	528
128	457	530
128	563	541
128	552	542
128	539	543
128	527	539
128	517	538
128	505	538
128	365	529
128	493	539
128	392	531
128	547	544
128	567	546
128	580	547
128	589	543
128	586	544
128	578	542
128	461	529
128	561	543
128	552	545
128	542	542
128	530	543
128	518	541
128	506	539
128	495	540
128	352	537
128	343	530
128	491	542
128	524	546
128	550	547
128	568	544
128	579	547
128	582	543
128	469	542
128	566	546
128	557	542
128	549	545
128	539	544
128	527	542
128	514	541
128	502	540
128	362	539
128	481	539
128	477	539
128	480	540
128	509	546
128	539	546
128	560	545
128	572	549
128	578	544
128	469	528
128	565	545
128	556	543
128	548	545
128	539	544
128	527	542
128	514	542
128	502	541
128	361	528
128	480	540
128	476	536
128	475	540
128	491	544
128	527	546
128	549	550
128	565	545
128	574	546
128	575	543
128	565	545
128	557	548
128	548	544
128	539	545
128	529	543
128	516	542
128	504	543
128	493	539
128	481	539
128	476	538
128	474	538
128	480	545
128	514	546
128	543	547
128	454	531
128	570	544
128	575	547
128	568	544
128	559	544
128	550	546
128	542	543
128	532	543
128	393	529
128	506	542
128	495	539
128	484	541
128	476	538
128	474	537
128	476	544
128	372	545
128	416	529
128	554	547
128	567	545
128	574	547
128	570	544
128	561	544
128	552	546
128	425	543
128	412	528
128	398	530
128	510	541
128	498	540
128	487	541
128	477	538
128	474	539
128	474	540
128	360	531
128	524	550
128	548	546
128	562	547
128	572	548
128	572	543
128	564	545
128	442	544
128	427	531
128	537	545
128	527	546
128	514	542
128	502	540
128	490	541
128	480	539
128	334	536
128	473	541
128	479	542
128	512	545
128	540	549
128	558	545
128	570	547
128	573	546
128	567	543
128	558	545
128	549	544
128	541	544
128	530	545
128	518	543
128	505	541
128	493	541
128	482	540
128	476	537
128	473	540
128	475	542
128	497	545
128	533	549
128	554	546
128	566	547
128	573	548
128	570	543
128	561	544
128	552	545
128	544	543
128	535	545
128	524	545
128	510	542
128	498	540
128	487	541
128	476	538
128	474	538
128	473	541
128	486	543
128	521	548
128	545	546
128	561	546
128	574	549
128	572	544
128	564	545
128	554	545
128	547	544
128	538	547
128	526	543
128	513	542
128	374	531
128	490	540
128	479	539
128	474	538
128	474	538
128	477	545
128	510	546
128	424	551
128	451	532
128	567	545
128	574	544
128	567	543
128	558	547
128	549	545
128	541	544
128	407	545
128	393	531
128	505	541
128	494	542
128	483	539
128	476	537
128	473	540
128	475	541
128	369	547
128	413	532
128	551	546
128	564	546
128	572	546
128	570	543
128	561	545
128	552	547
128	426	544
128	412	529
128	522	546
128	509	542
128	498	541
128	487	540
128	476	538
128	474	536
128	330	541
128	360	533
128	522	546
128	546	548
128	561	547
128	571	544
128	572	546
128	565	543
128	443	544
128	429	528
128	538	545
128	526	543
128	514	543
128	502	541
128	490	539
128	479	541
128	334	537
128	472	537
128	477	544
128	507	545
128	539	548
128	556	548
128	568	544
128	573	545
128	567	544
128	560	544
128	549	548
128	541	544
128	531	544
128	518	543
128	506	541
128	495	541
128	352	539
128	475	537
128	473	539
128	474	543
128	495	545
128	530	549
128	551	547
128	565	544
128	573	546
128	466	531
128	561	543
128	552	548
128	544	545
128	532	544
128	522	544
128	509	542
128	371	541
128	357	529
128	476	539
128	473	535
128	473	542
128	486	545
128	521	547
128	544	551
128	562	545
128	470	529
128	573	546
128	564	543
128	555	545
128	547	547
128	538	544
128	527	544
128	514	542
128	375	531
128	490	542
128	480	538
128	474	536
128	473	541
128	477	543
128	509	548
128	423	548
128	451	531
128	568	548
128	573	543
128	568	544
128	558	546
128	549	544
128	541	546
128	531	543
128	394	529
128	505	544
128	494	540
128	483	539
128	475	539
128	473	537
128	474	542
128	367	546
128	530	546
128	550	548
128	564	545
128	572	545
128	570	547
128	561	543
128	552	546
128	426	543
128	413	528
128	523	546
128	509	541
128	498	540
128	487	541
128	476	538
128	474	538
128	473	540
128	356	531
128	518	549
128	545	545
128	560	547
128	570	547
128	573	544
128	564	545
128	555	544
128	431	531
128	538	547
128	527	543
128	514	542
128	502	542
128	490	540
128	480	538
128	335	540
128	472	538
128	476	541
128	503	548
128	537	546
128	556	546
128	566	550
128	573	543
128	568	545
128	559	545
128	550	544
128	542	548
128	532	544
128	519	542
128	506	543
128	495	541
128	353	539
128	475	540
128	473	536
128	474	541
128	492	545
128	529	546
128	550	550
128	564	546
128	573	545
128	466	530
128	562	543
128	553	546
128	544	546
128	535	543
128	523	545
128	511	542
128	372	541
128	358	529
128	476	539
128	475	536
128	473	541
128	482	544
128	517	547
128	541	551
128	560	545
128	470	528
128	573	546
128	565	543
128	556	544
128	547	548
128	541	543
128	528	543
128	391	543
128	377	531
128	492	540
128	482	541
128	478	537
128	473	539
128	476	543
128	507	546
128	421	550
128	450	532
128	567	545
128	573	545
128	568	543
128	558	544
128	550	546
128	542	545
128	409	543
128	395	528
128	506	542
128	495	541
128	483	539
128	477	540
128	473	537
128	474	540
128	491	546
128	408	533
128	547	546
128	564	548
128	572	546
128	571	544
128	562	547
128	553	543
128	545	546
128	536	547
128	524	543
128	511	542
128	499	542
128	488	539
128	477	540
128	474	537
128	473	538
128	353	532
128	515	545
128	543	549
128	559	547
128	570	545
128	573	546
128	565	543
128	554	545
128	547	547
128	538	543
128	527	543
128	515	543
128	503	541
128	491	541
128	480	539
128	336	536
128	326	531
128	476	542
128	504	547
128	537	547
128	555	546
128	566	548
128	573	543
128	568	546
128	449	530
128	436	530
128	542	547
128	532	543
128	520	544
128	507	543
128	495	540
128	354	539
128	341	531
128	473	537
128	474	542
128	492	545
128	528	548
128	549	547
128	563	545
128	473	548
128	467	531
128	565	545
128	553	545
128	545	544
128	536	547
128	524	543
128	511	543
128	373	541
128	359	529
128	477	541
128	473	537
128	472	539
128	480	545
128	515	546
128	542	547
128	455	550
128	470	533
128	572	545
128	565	545
128	556	545
128	547	547
128	539	545
128	528	543
128	391	543
128	503	542
128	492	540
128	480	541
128	474	537
128	472	539
128	474	543
128	502	546
128	418	550
128	447	533
128	566	545
128	572	546
128	568	544
128	559	544
128	550	547
128	542	546
128	532	544
128	520	543
128	506	543
128	495	541
128	484	539
128	476	540
128	473	537
128	473	540
128	489	545
128	405	532
128	547	548
128	562	547
128	571	544
128	571	546
128	562	545
128	553	543
128	546	547
128	536	545
128	524	543
128	511	542
128	499	542
128	488	540
128	478	539
128	474	538
128	473	537
128	479	544
128	514	545
128	542	547
128	558	549
128	569	544
128	572	545
128	565	547
128	445	544
128	432	529
128	540	548
128	528	543
128	515	542
128	504	541
128	492	541
128	481	539
128	474	538
128	327	532
128	476	541
128	501	547
128	536	546
128	554	547
128	566	549
128	571	544
128	465	544
128	451	530
128	550	544
128	543	546
128	533	545
128	520	542
128	507	543
128	496	541
128	356	539
128	342	530
128	473	538
128	474	540
128	489	546
128	526	546
128	548	547
128	562	549
128	473	544
128	468	530
128	562	546
128	554	544
128	545	545
128	537	548
128	525	544
128	513	542
128	374	542
128	489	540
128	478	539
128	474	539
128	472	541
128	478	542
128	512	547
128	540	546
128	454	546
128	469	529
128	572	545
128	566	544
128	556	545
128	548	546
128	540	544
128	529	545
128	516	544
128	504	542
128	493	539
128	480	540
128	474	538
128	472	538
128	475	545
128	503	545
128	535	547
128	553	546
128	566	545
128	574	547
128	568	545
128	559	544
128	550	547
128	542	544
128	532	543
128	396	528
128	507	543
128	496	540
128	484	540
128	475	539
128	473	536
128	473	543
128	487	544
128	523	547
128	546	548
128	562	545
128	571	546
128	572	546
128	563	544
128	554	546
128	546	544
128	416	529
128	525	547
128	512	542
128	500	541
128	489	541
128	478	538
128	474	540
128	472	539
128	349	530
128	511	546
128	540	548
128	557	547
128	568	545
128	572	547
128	565	543
128	446	545
128	433	529
128	539	543
128	529	544
128	516	543
128	503	541
128	492	541
128	481	540
128	338	536
128	326	531
128	474	542
128	497	547
128	533	548
128	552	545
128	565	549
128	573	543
128	466	546
128	452	530
128	551	544
128	542	546
128	534	543
128	521	543
128	508	543
128	497	541
128	357	540
128	343	531
128	473	537
128	473	542
128	486	543
128	522	547
128	547	547
128	561	545
128	473	547
128	571	546
128	562	544
128	554	546
128	545	543
128	537	544
128	525	546
128	512	542
128	500	541
128	361	531
128	479	538
128	473	539
128	472	538
128	477	542
128	509	547
128	539	546
128	453	550
128	469	532
128	572	544
128	566	546
128	558	543
128	549	544
128	540	548
128	530	543
128	516	542
128	505	542
128	493	541
128	482	539
128	475	539
128	472	537
128	474	541
128	496	546
128	531	547
128	552	549
128	565	547
128	573	543
128	569	545
128	560	543
128	553	544
128	541	547
128	533	544
128	521	543
128	508	543
128	497	541
128	485	539
128	476	539
128	473	536
128	473	542
128	361	544
128	402	528
128	545	549
128	561	545
128	569	546
128	572	543
128	563	544
128	555	548
128	432	544
128	418	528
128	526	545
128	513	542
128	501	542
128	490	541
128	479	537
128	474	538
128	327	540
128	348	531
128	509	550
128	539	546
128	558	547
128	569	545
128	571	543
128	568	547
128	557	545
128	435	527
128	540	546
128	530	543
128	517	544
128	504	541
128	493	540
128	482	542
128	339	538
128	328	528
128	474	543
128	495	545
128	531	548
128	551	546
128	563	546
128	572	549
128	467	544
128	560	546
128	552	544
128	543	545
128	534	547
128	522	542
128	509	542
128	497	541
128	358	539
128	476	540
128	473	536
128	473	540
128	488	545
128	523	547
128	545	551
128	561	545
128	473	545
128	572	544
128	560	544
128	554	548
128	545	544
128	537	545
128	526	543
128	513	543
128	500	543
128	490	540
128	478	537
128	474	540
128	473	539
128	477	542
128	507	549
128	538	547
128	555	546
128	567	546
128	572	544
128	566	546
128	557	545
128	549	544
128	540	546
128	530	542
128	518	544
128	505	543
128	494	540
128	483	540
128	474	539
128	473	537
128	474	544
128	494	545
128	529	548
128	444	532
128	463	532
128	572	548
128	569	544
128	560	544
128	551	547
128	543	544
128	413	545
128	399	530
128	386	531
128	497	540
128	486	541
128	475	538
128	473	539
128	473	542
128	361	543
128	402	530
128	434	533
128	561	547
128	569	548
128	572	543
128	564	546
128	554	543
128	432	545
128	419	529
128	527	543
128	514	542
128	501	542
128	490	540
128	479	540
128	474	539
128	328	538
128	348	530
128	508	545
128	537	547
128	556	550
128	566	545
128	573	544
128	567	546
128	557	544
128	436	531
128	540	546
128	531	545
128	518	542
128	505	542
128	494	541
128	483	539
128	341	539
128	472	538
128	473	540
128	491	547
128	528	545
128	549	548
128	563	547
128	571	545
128	570	547
128	454	531
128	551	546
128	544	545
128	534	544
128	523	543
128	509	541
128	498	542
128	359	540
128	476	537
128	473	539
128	472	540
128	482	545
128	518	547
128	543	546
128	559	549
128	569	545
128	571	546
128	563	546
128	554	544
128	546	546
128	538	543
128	526	544
128	514	545
128	377	541
128	490	539
128	479	541
128	473	537
128	472	538
128	475	544
128	502	545
128	536	548
128	555	545
128	566	545
128	572	548
128	567	544
128	558	544
128	549	546
128	541	543
128	531	544
128	518	546
128	382	531
128	494	540
128	483	541
128	472	538
128	472	539
128	474	542
128	494	544
128	412	549
128	443	533
128	563	546
128	572	549
128	569	543
128	561	544
128	552	545
128	544	543
128	415	547
128	401	531
128	509	542
128	498	542
128	487	541
128	475	538
128	473	539
128	472	540
128	355	543
128	396	531
128	542	546
128	559	546
128	569	549
128	572	545
128	564	544
128	555	545
128	433	545
128	420	531
128	527	545
128	515	544
128	502	541
128	491	540
128	479	541
128	474	537
128	327	538
128	475	542
128	504	545
128	535	548
128	554	546
128	566	546
128	572	548
128	567	543
128	558	545
128	549	546
128	541	544
128	531	545
128	518	544
128	505	541
128	494	540
128	483	541
128	341	538
128	472	538
128	473	541
128	491	544
128	526	548
128	547	547
128	562	546
128	571	548
128	570	545
128	455	531
128	552	545
128	544	544
128	535	543
128	524	545
128	510	543
128	499	540
128	360	540
128	477	540
128	473	536
128	473	540
128	480	544
128	514	547
128	542	549
128	558	546
128	569	547
128	572	547
128	564	544
128	555	544
128	546	547
128	538	543
128	527	544
128	515	544
128	502	542
128	365	531
128	480	538
128	474	540
128	472	539
128	474	542
128	500	548
128	535	546
128	449	547
128	467	530
128	572	544
128	568	544
128	558	548
128	546	545
128	542	544
128	532	546
128	398	543
128	384	531
128	370	528
128	484	540
128	475	537
128	472	539
128	473	542
128	491	546
128	410	551
128	442	532
128	562	547
128	571	546
128	566	543
128	565	548
128	555	544
128	544	544
128	416	545
128	401	531
128	510	544
128	499	542
128	487	539
128	477	541
128	473	538
128	472	539
128	356	544
128	396	533
128	541	547
128	559	547
128	569	545
128	572	546
128	564	548
128	556	544
128	434	545
128	538	546
128	528	543
128	517	543
128	503	544
128	491	541
128	480	538
128	474	538
128	471	540
128	344	532
128	503	548
128	533	548
128	554	545
128	566	546
128	572	545
128	568	543
128	558	546
128	549	547
128	541	544
128	532	545
128	519	542
128	507	542
128	495	542
128	484	540
128	343	538
128	472	539
128	472	541
128	488	548
128	524	546
128	546	547
128	561	548
128	570	545
128	570	546
128	456	530
128	553	544
128	543	547
128	535	543
128	524	543
128	511	545
128	499	541
128	489	539
128	348	529
128	473	539
128	472	539
128	478	545
128	511	547
128	540	546
128	558	549
128	568	545
128	474	528
128	565	548
128	556	543
128	547	545
128	539	545
128	528	543
128	516	544
128	503	542
128	366	531
128	480	539
128	472	539
128	472	538
128	475	543
128	500	547
128	534	546
128	448	547
128	467	531
128	572	544
128	567	546
128	559	546
128	550	544
128	542	545
128	531	543
128	398	543
128	383	529
128	495	541
128	484	538
128	475	540
128	472	537
128	473	542
128	489	545
128	407	547
128	440	531
128	561	545
128	571	547
128	570	545
128	561	544
128	552	547
128	544	544
128	536	546
128	524	544
128	511	542
128	499	541
128	487	540
128	477	539
128	473	539
128	472	539
128	476	542
128	390	533
128	539	547
128	556	548
128	568	546
128	572	544
128	565	547
128	556	543
128	546	544
128	539	548
128	528	543
128	515	543
128	505	542
128	492	541
128	481	541
128	474	538
128	472	536
128	340	533
128	498	546
128	531	551
128	552	546
128	565	545
128	572	546
128	568	543
128	559	546
128	550	548
128	541	543
128	532	544
128	519	544
128	507	542
128	496	541
128	484	541
128	475	537
128	332	528
128	472	542
128	486	545
128	522	548
128	544	550
128	560	545
128	570	545
128	571	546
128	454	532
128	553	544
128	545	548
128	536	544
128	525	543
128	512	543
128	500	542
128	489	540
128	349	531
128	474	536
128	472	539
128	477	544
128	510	547
128	538	551
128	557	546
128	471	545
128	474	530
128	566	543
128	556	545
128	547	548
128	540	544
128	529	543
128	516	544
128	504	542
128	367	530
128	481	540
128	474	539
128	471	537
128	475	542
128	498	546
128	534	547
128	445	550
128	467	532
128	571	544
128	568	546
128	559	543
128	550	545
128	543	547
128	533	543
128	400	543
128	508	543
128	496	541
128	485	540
128	475	540
128	473	537
128	473	539
128	487	546
128	405	545
128	440	529
128	560	549
128	570	544
128	570	545
128	562	543
128	553	544
128	544	549
128	538	544
128	525	543
128	513	543
128	500	541
128	489	543
128	479	538
128	473	537
128	472	541
128	349	543
128	508	549
128	537	546
128	556	546
128	567	546
128	571	543
128	565	547
128	556	545
128	548	544
128	423	529
128	529	543
128	516	543
128	504	543
128	493	540
128	481	539
128	474	539
128	472	538
128	340	531
128	498	544
128	532	547
128	553	547
128	565	545
128	571	547
128	568	545
128	559	544
128	440	529
128	427	531
128	533	545
128	521	545
128	508	542
128	497	540
128	485	541
128	475	539
128	333	528
128	472	543
128	484	544
128	520	547
128	543	549
128	559	544
128	569	545
128	472	548
128	459	531
128	554	545
128	546	545
128	537	544
128	526	546
128	512	543
128	501	541
128	364	542
128	350	532
128	473	538
128	472	540
128	477	542
128	509	548
128	537	546
128	557	546
128	470	549
128	475	531
128	566	544
128	557	545
128	548	543
128	539	546
128	530	544
128	517	542
128	382	542
128	493	541
128	482	539
128	474	540
128	474	538
128	473	540
128	492	547
128	530	546
128	550	546
128	563	549
128	570	545
128	569	544
128	559	547
128	551	544
128	543	546
128	534	544
128	521	542
128	508	543
128	497	541
128	484	540
128	476	541
128	473	536
128	473	539
128	486	545
128	521	546
128	439	530
128	561	546
128	570	544
128	571	547
128	562	543
128	553	545
128	545	549
128	537	544
128	526	542
128	513	544
128	500	542
128	489	540
128	478	541
128	472	538
128	472	538
128	475	545
128	506	546
128	533	549
128	554	546
128	566	545
128	571	547
128	566	543
128	557	546
128	548	545
128	424	530
128	530	546
128	517	543
128	505	543
128	493	541
128	482	538
128	473	540
128	472	538
128	337	530
128	493	547
128	528	546
128	549	548
128	563	546
128	571	544
128	566	547
128	455	545
128	442	530
128	543	546
128	534	543
128	521	544
128	509	544
128	497	541
128	486	539
128	346	540
128	334	531
128	472	542
128	485	544
128	520	546
128	542	549
128	560	545
128	569	545
128	473	548
128	460	531
128	554	544
128	545	546
128	536	544
128	526	543
128	513	543
128	501	544
128	364	540
128	349	529
128	473	539
128	472	540
128	476	542
128	506	549
128	535	548
128	556	545
128	470	547
128	476	530
128	567	544
128	557	547
128	551	546
128	540	544
128	531	545
128	518	543
128	505	542
128	370	529
128	482	540
128	474	537
128	472	539
128	473	542
128	491	546
128	527	551
128	549	546
128	562	545
128	570	547
128	569	544
128	560	544
128	551	547
128	543	546
128	534	544
128	522	544
128	387	531
128	498	542
128	486	541
128	475	539
128	472	536
128	472	541
128	481	544
128	399	547
128	435	531
128	558	546
128	569	545
128	572	547
128	563	544
128	554	544
128	546	547
128	537	545
128	526	543
128	513	543
128	501	543
128	490	541
128	479	539
128	473	539
128	471	540
128	347	542
128	384	529
128	536	549
128	554	545
128	566	546
128	572	548
128	566	544
128	555	544
128	438	546
128	425	530
128	531	544
128	518	544
128	505	542
128	493	540
128	482	539
128	474	540
128	330	538
128	335	529
128	491	547
128	527	547
128	548	546
128	562	548
128	571	544
128	569	544
128	456	546
128	443	531
128	543	544
128	535	544
128	523	545
128	510	542
128	498	542
128	486	541
128	348	539
128	335	531
128	472	539
128	483	545
128	518	546
128	540	548
128	559	550
128	568	546
128	473	544
128	564	545
128	554	545
128	546	543
128	537	546
128	526	547
128	514	543
128	502	541
128	365	540
128	479	541
128	473	538
128	472	538
128	475	544
128	507	545
128	536	547
128	554	549
128	566	545
128	572	544
128	567	546
128	558	547
128	549	544
128	541	544
128	531	546
128	517	542
128	505	542
128	371	529
128	483	541
128	473	537
128	471	538
128	473	543
128	492	546
128	528	546
128	549	549
128	562	547
128	569	545
128	569	545
128	560	546
128	552	544
128	543	546
128	534	548
128	522	543
128	510	542
128	498	542
128	487	540
128	476	538
128	472	540
128	472	540
128	481	544
128	397	549
128	434	532
128	558	547
128	568	548
128	571	543
128	564	546
128	554	544
128	546	545
128	537	547
128	407	530
128	514	543
128	503	542
128	490	542
128	479	539
128	473	538
128	471	540
128	343	543
128	378	529
128	421	531
128	552	545
128	564	546
128	571	548
128	566	544
128	558	544
128	549	547
128	426	531
128	412	530
128	518	545
128	505	544
128	494	541
128	483	538
128	474	539
128	331	539
128	336	533
128	490	547
128	526	548
128	547	546
128	560	548
128	571	545
128	568	544
128	560	545
128	552	547
128	543	543
128	534	545
128	523	544
128	510	542
128	498	542
128	487	541
128	348	538
128	472	538
128	471	541
128	478	543
128	513	549
128	539	547
128	557	546
128	568	549
128	571	545
128	564	545
128	555	548
128	546	544
128	538	544
128	527	545
128	514	543
128	503	543
128	367	542
128	480	539
128	473	540
128	472	539
128	474	543
128	501	546
128	533	547
128	553	549
128	565	546
128	476	528
128	567	545
128	558	544
128	549	547
128	541	544
128	531	546
128	519	543
128	506	541
128	372	530
128	483	540
128	474	538
128	472	540
128	472	541
128	488	544
128	524	549
128	545	546
128	561	548
128	569	547
128	570	543
128	561	545
128	552	544
128	544	545
128	535	548
128	524	543
128	390	528
128	499	542
128	488	540
128	477	540
128	473	539
128	472	539
128	479	543
128	394	548
128	431	532
128	557	547
128	567	549
128	571	544
128	564	545
128	555	547
128	546	544
128	422	545
128	409	528
128	515	543
128	504	541
128	490	542
128	480	540
128	473	538
128	471	539
128	342	544
128	378	532
128	532	547
128	551	550
128	564	544
128	571	545
128	567	548
128	558	544
128	440	544
128	428	529
128	533	544
128	520	544
128	507	544
128	495	541
128	488	539
128	475	539
128	333	539
128	336	531
128	490	547
128	525	547
128	547	548
128	561	545
128	570	546
128	570	547
128	561	543
128	444	528
128	544	544
128	535	545
128	523	547
128	511	542
128	499	540
128	487	541
128	476	539
128	336	529
128	471	542
128	475	543
128	510	546
128	539	549
128	555	545
128	568	547
128	571	546
128	565	543
128	556	545
128	547	546
128	539	543
128	529	544
128	516	546
128	503	542
128	492	540
128	355	530
128	474	539
128	471	538
128	475	544
128	497	545
128	530	549
128	550	546
128	563	546
128	571	548
128	567	544
128	558	545
128	549	545
128	541	544
128	532	546
128	519	543
128	507	541
128	373	530
128	484	540
128	475	538
128	472	539
128	471	540
128	485	543
128	521	547
128	438	546
128	462	529
128	569	545
128	570	543
128	561	548
128	553	544
128	545	546
128	536	546
128	525	542
128	392	529
128	500	542
128	489	540
128	477	540
128	474	538
128	472	538
128	477	544
128	393	546
128	430	532
128	557	548
128	566	548
128	572	543
128	565	545
128	555	546
128	547	544
128	424	545
128	410	529
128	516	542
128	503	541
128	492	541
128	481	540
128	474	538
128	471	540
128	344	543
128	498	545
128	533	548
128	546	546
128	564	546
128	570	547
128	567	546
128	558	544
128	441	545
128	428	530
128	532	544
128	520	546
127	506	542
127	492	539
126	479	541
125	340	532
124	467	535
123	468	541
123	487	542
122	522	542
121	442	532
120	554	540
120	558	538
119	552	538
118	539	536
118	419	536
117	406	532
116	392	533
115	372	531
114	354	534
114	337	532
113	456	528
112	450	528
111	448	529
111	458	530
110	484	532
109	402	536
109	534	531
107	543	529
107	538	527
106	526	529
105	512	526
105	386	532
104	373	534
103	358	537
102	343	533
102	328	535
101	445	524
100	437	522
99	429	521
98	436	524
98	457	524
97	358	541
96	505	523
95	518	522
95	521	522
94	512	521
93	382	538
93	485	520
92	353	536
91	342	539
90	454	519
89	447	519
89	438	519
88	300	537
87	290	540
86	287	544
86	307	541
85	332	544
84	476	518
84	492	517
82	501	517
82	495	517
81	486	516
80	354	545
80	466	517
79	457	516
78	447	516
77	435	516
77	424	516
76	315	547
75	310	545
74	313	544
73	344	552
73	392	553
72	441	516
72	458	554
70	465	546
70	527	551
69	523	552
68	563	544
68	449	514
66	439	514
66	423	513
65	421	514
64	407	514
64	363	513
63	167	515
62	158	515
61	371	532
61	176	513
60	365	583
59	208	513
59	196	513
57	225	586
57	200	512
56	204	513
56	156	518
55	224	512
54	167	526
53	242	512
52	101	526
52	242	512
51	76	528
50	254	512
49	153	561
48	293	512
48	150	526
47	276	511
47	156	526
46	282	512
45	169	530
44	296	512
43	434	524
43	371	511
42	351	511
41	441	559
40	392	514
40	335	513
39	270	515
38	228	515
38	209	510
36	174	513
36	170	511
35	160	513
34	171	510
34	186	510
33	213	511
32	248	511
31	292	511
31	342	511
30	397	511
29	452	510
29	510	511
27	567	511
27	622	511
26	671	511
25	710	511
25	737	511
24	758	510
23	769	511
22	771	511
22	764	511
21	745	511
20	721	510
19	689	511
18	650	510
18	607	511
17	562	511
16	517	510
16	471	510
15	430	511
14	392	511
13	359	511
13	333	510
12	316	510
11	305	512
10	303	510
9	309	511
9	322	511
8	341	511
8	367	511
6	397	511
6	431	511
5	468	510
4	504	510
4	539	511
2	572	510
2	603	511
1	629	511
0	650	511
0	664	511
0	673	511
0	675	511
0	672	511
0	661	511
0	648	512
0	630	511
0	607	511
0	582	511
0	555	511
0	528	511
0	499	511
0	472	511
0	447	511
0	426	511
0	408	511
0	394	510
0	384	510
0	379	511
0	380	511
0	384	511
0	393	511
0	406	511
0	421	511
0	440	511
0	461	510
0	484	511
0	506	511
0	527	511
0	548	510
0	567	511
0	584	511
0	597	511
0	605	511
0	612	511
0	614	511
0	613	510
0	608	511
0	599	511
0	589	511
0	574	512
0	558	511
0	542	511
0	524	511
0	506	511
0	489	511
0	473	510
0	459	511
0	447	511
0	437	511
0	431	511
0	427	510
0	427	511
0	429	510
0	435	510
0	442	511
0	453	512
0	464	511
0	477	511
0	491	510
0	506	511
0	519	511
0	533	511
0	545	511
0	555	511
0	564	511
0	570	512
0	575	510
0	576	510
0	575	511
0	572	511
0	566	511
0	560	511
0	554	511
0	543	510
0	530	511
0	520	511
0	508	510
0	497	510
0	488	511
0	478	510
0	469	511
0	464	511
0	460	511
0	458	510
0	457	511
0	459	511
0	462	511
0	467	510
0	473	511
0	480	511
0	489	511
0	498	510
0	504	511
0	516	512
0	524	511
0	532	511
0	538	511
0	544	511
0	548	510
0	551	510
0	552	511
0	551	511
0	549	510
0	547	511
0	542	511
0	536	510
0	530	511
0	523	511
0	516	510
0	509	510
0	502	511
0	496	510
0	490	511
0	485	510
0	481	511
0	480	511
0	477	511
0	476	510
0	478	511
0	480	511
0	483	511
0	487	511
0	492	511
0	496	511
0	502	511
0	508	510
0	514	511
0	519	511
0	524	511
0	528	511
0	531	511
0	533	511
0	536	511
0	537	511
0	536	510
0	535	511
0	533	511
0	530	511
0	527	511
0	522	510
0	518	510
0	514	511
0	509	511
0	505	510
0	500	511
0	497	510
0	494	511
0	492	510
0	490	510
0	488	512
0	489	511
0	489	510
0	491	511
0	493	511
0	494	511
0	499	510
0	502	511
0	505	511
0	509	511
0	513	511
0	516	511
0	519	510
0	523	511
0	524	510
0	525	510
0	527	511
0	527	511
0	527	511
0	526	511
0	524	510
0	523	511
0	520	511
0	517	510
0	514	511
0	512	511
0	509	511
0	506	510
0	504	510
0	502	511
0	499	510
0	498	511
0	497	511
0	497	510
0	496	511
0	497	511
0	498	511
0	499	511
0	501	511
0	503	510
0	504	511
0	507	511
0	510	511
0	512	510
0	514	511
0	516	510
0	518	511
0	519	511
0	520	511
0	521	511
0	521	511
0	520	511
0	520	510
0	519	510
0	518	510
0	516	511
0	514	511
0	513	511
0	511	511
0	509	511
0	507	511
0	506	510
0	505	511
0	503	511
0	502	511
0	502	511
0	501	511
0	501	512
0	502	511
0	502	511
0	503	510
0	505	510
0	506	511
0	507	511
0	509	511
0	510	511
0	511	511
0	513	511
0	515	511
0	519	510
0	516	511
0	517	511
0	517	510
0	517	511
0	517	511
0	516	510
0	516	511
0	515	511
0	514	512
0	512	511
0	512	511
0	510	511
0	509	510
0	508	511
0	507	511
0	506	510
0	505	511
0	506	511
0	504	510
0	505	511
0	504	510
0	505	511
0	505	511
0	506	511
0	507	511
0	507	511
0	508	511
0	509	511
0	510	511
0	511	511
0	512	511
0	513	512
0	513	511
0	514	511
0	514	511
0	514	511
0	514	510
0	514	511
0	514	511
0	513	511
0	513	511
0	513	511
0	511	510
0	510	511
0	510	510
0	509	511
0	509	510
0	508	510
0	507	511
0	507	511
0	507	511
0	506	511
0	507	511
0	506	511
0	507	511
0	508	510
0	508	510
0	508	512
0	508	511
0	509	511
0	510	511
0	510	510
0	511	511
0	511	510
0	512	510
0	512	511
0	513	512
0	513	510
0	513	511
0	513	511
0	513	511
0	512	510
0	512	510
0	512	511
0	511	511
0	511	511
0	510	511
0	509	511
0	510	510
0	509	510
0	509	510
0	508	511
0	508	511
0	508	510
0	508	511
0	507	510
0	508	511
0	508	510
0	508	511
0	509	511
0	509	511
0	509	511
0	509	510
0	510	511
0	510	510
0	511	511
0	511	510
0	511	512
0	511	511
0	511	511
0	513	511
0	512	511
0	512	511
0	512	511
0	511	511
0	511	511
0	510	511
0	511	511
0	511	511
0	510	511
0	510	511
0	509	511
0	509	511
0	509	510
0	509	510
0	509	511
0	510	511
0	509	511
0	508	511
0	508	511
0	509	511
0	509	511
0	509	510
0	508	511
0	509	511
0	510	510
0	510	510
0	510	511
0	510	510
0	511	510
0	510	510
0	511	511
0	511	510
0	511	511
0	511	511
0	511	510
0	511	511
0	511	510
0	511	511
0	511	510
0	511	511
0	510	511
0	510	511
0	510	510
0	510	511
0	509	510
0	510	510
0	509	510
0	510	511
0	509	511
0	509	511
0	509	511
0	509	511
0	509	511
0	509	511
0	510	511
0	509	511
0	509	511
0	510	510
0	510	511
0	510	510
0	510	511
0	510	510
0	510	511
0	510	511
0	510	511
0	511	511
0	511	510
0	510	511
0	515	511
0	510	511
0	510	511
0	510	510
0	510	511
0	510	511
0	510	510
0	510	511
0	510	511
0	511	510
0	510	511
0	510	510
0	509	511
0	509	511
0	510	511
0	509	511
0	509	511
0	509	511
0	510	511
0	509	511
0	510	511
0	510	511
0	510	511
0	510	510
0	509	511
0	510	511
0	510	511
0	510	511
0	510	511
0	510	510
0	510	512
0	510	511
0	510	511
0	510	510
0	511	511
0	512	511
0	511	511
0	510	511
0	510	510
0	510	511
0	510	510
0	510	510
0	510	510
0	509	511
0	510	511
0	510	510
0	510	511
0	510	511
0	510	511
0	510	510
0	510	510
0	509	510
0	510	511
0	510	511
0	510	510
0	509	511
0	510	511
0	510	511
0	510	511
0	510	511
0	510	511
0	510	511
0	510	511
0	510	511
0	510	510
0	510	511
0	510	510
0	510	511
0	510	511
0	510	512
0	510	510
0	510	511
0	510	510
0	510	511
0	510	510
0	510	511
0	510	511
0	510	511
0	510	510
0	510	511
0	509	511
0	510	511
0	510	510
0	510	511
0	510	511
0	510	511
0	510	510
0	510	511
0	510	511
0	510	511
0	509	511
0	510	511
0	510	511
0	510	511
0	510	510
0	510	511
0	510	510
0	510	511
0	510	510
0	510	511
0	510	511
0	510	511
0	510	511
0	510	510
0	510	511
0	510	511
0	510	511
0	510	511
0	510	511
0	510	511
0	510	511
0	510	511
0	510	510
0	510	511
0	510	511
0	510	510
0	510	511
0	510	511
0	510	511
0	510	511
0	510	511
0	510	511
0	510	511
0	510	511
0	510	511
0	510	510
0	510	511
0	510	511
0	510	511
0	510	511
0	510	511
0	510	511
0	510	510
0	510	510
0	512	511
0	510	511
0	510	511
0	510	511
0	510	511
0	510	511
0	510	511
0	510	510
0	510	511
0	510	511
0	510	511
0	510	511
0	510	511
0	510	511
0	510	510
0	510	511
0	510	510
0	510	510
0	510	510
0	510	511
0	511	510
0	510	511
0	510	510
0	510	511
0	510	510
0	510	511
0	510	511
0	510	511
0	510	510
0	510	511
0	510	510
0	510	510
0	510	511
0	510	510
0	510	511
0	510	511
0	510	511
0	510	511
0	510	511
0	510	511
0	510	511
0	510	511
0	510	511
0	510	511
0	510	511
0	510	511
0	510	511
0	509	511
0	510	510
0	510	511
0	510	512
0	510	512
0	510	510
0	510	511
0	510	510
0	510	511
0	510	510
0	510	510
0	510	511
0	510	511
0	510	511
0	510	511
0	510	511
0	510	510
0	510	511
0	509	511
0	512	511
0	510	511
0	510	511
0	510	511
0	510	511
0	510	511
0	510	511
0	510	510
0	510	511
0	510	510
0	510	511
0	510	511
0	510	511
0	511	510
0	512	511
0	510	510
0	510	510
0	512	511
0	510	511
0	510	511
0	510	511
0	510	511
0	510	511
0	510	511
0	509	511
0	509	510
0	510	511
0	510	511
0	509	510
0	510	511
0	510	511
0	510	511
0	509	511
0	509	511
0	506	510
0	510	510
0	510	511
0	510	511
0	511	511
0	510	511
0	510	511
0	509	510
0	510	511
0	510	510
0	510	511
0	510	511
0	510	511
0	510	511
0	510	510
0	510	511
0	510	510
0	510	510
0	510	511
0	510	511
0	510	511
0	510	510
0	510	511
0	509	510
0	510	511
0	510	511
0	509	510
0	510	511
0	510	510
0	510	511
0	509	511
0	509	511
0	509	510
0	510	511
0	510	511
0	510	511
0	510	511
0	510	511
0	510	511
0	510	510
0	510	510
0	510	511
0	510	510
0	510	511
0	509	511
0	507	511
0	510	511
0	510	511
0	510	512
0	510	511
0	510	510
0	510	511
0	510	511
0	512	511
0	510	511
0	510	511
0	510	511
0	510	511
0	510	511
0	510	511
0	510	511
0	510	511
0	510	511
0	510	511
0	508	511
0	510	511
0	510	510
0	510	510
0	512	511
0	510	511
0	510	511
0	510	511
0	510	511
0	510	511
0	510	510
0	510	511
0	510	510
0	510	511
0	510	511
0	510	511
0	510	511
0	510	511
0	509	511
0	510	510
0	510	510
0	510	510
0	510	510
0	510	511
0	510	511
0	510	511
0	510	511
0	510	511
0	510	511
0	510	511
0	510	511
0	510	510
0	510	511
0	510	511
0	510	512
0	511	510
0	510	511
0	510	511
0	509	512
0	510	511
0	510	511
0	510	510
0	510	511
0	510	511
0	510	510
0	510	512
0	510	511
0	510	511
0	510	511
0	510	511
0	510	511
0	510	511
0	510	510
0	510	512
0	510	511
0	510	511
0	510	511
0	510	510
0	514	511
0	510	511
0	510	511
0	510	511
0	509	511
0	510	511
0	510	511
0	510	511
0	509	511
0	510	511
0	510	511
0	510	511
0	510	511
0	509	511
0	510	511
0	510	511
0	510	510
0	510	510
0	510	512
0	510	511
0	510	511
0	510	510
0	513	510
0	510	511
0	510	511
0	510	510
0	510	511
0	510	511
0	510	512
0	510	510
0	510	510
0	510	511
0	510	510
0	510	511
0	510	511
0	510	511
0	510	511
0	510	511
0	510	511
0	510	512
0	510	510
0	510	511
0	510	511
0	510	510
0	510	510
0	510	511
0	510	511
0	510	510
0	508	511
0	510	510
0	510	511
0	510	510
0	510	510
0	510	510
0	510	511
0	510	511
0	510	511
0	510	510
0	510	511
0	510	510
0	510	511
0	510	511
0	510	511
0	510	511
0	510	511
0	510	511
0	510	511
0	510	511
0	510	511
0	510	511
0	510	511
0	510	511
0	510	511
0	510	510
0	509	511
0	510	510
0	510	511
0	510	511
0	509	510
0	510	510
0	509	511
0	510	511
0	510	511
0	510	511
0	510	511
0	510	511
0	510	511
0	510	511
0	509	510
0	510	511
0	510	511
0	510	511
0	510	511
0	507	511
0	510	511
0	510	511
0	510	510
0	510	510
0	510	511
0	511	511
0	510	511
0	510	510
0	511	510
0	510	510
0	510	511
0	510	510
0	510	511
0	510	511
0	510	511
0	510	510
0	510	511
0	510	510
0	510	511
0	510	511
0	510	510
0	510	511
0	510	511
0	510	511
0	510	511
0	510	511
0	509	511
0	510	511
0	510	511
0	510	511
0	510	511
0	510	511
0	510	511
0	510	511
0	510	510
0	510	511
0	510	510
0	510	511
0	510	510
0	510	511
0	510	510
0	510	511
0	510	511
0	510	510
0	510	510
0	510	511
0	510	511
0	510	511
0	510	511
0	510	510
0	510	511
0	510	510
0	510	511
0	510	511
0	510	511
0	509	512
0	510	511
0	510	511
0	510	512
0	510	511
0	510	511
0	510	511
0	511	510
0	510	511
0	510	511
0	510	511
0	510	511
0	510	511
0	510	510
0	510	511
0	512	511
0	510	510
0	510	511
0	509	511
0	510	510
0	510	511
0	510	511
0	510	511
0	510	511
0	510	511
0	510	510
0	512	511
0	510	511
0	510	510
0	510	511
0	510	511
0	510	510
0	510	511
0	509	511
0	510	511
0	510	511
0	510	511
0	509	511
0	510	511
0	510	511
0	510	511
0	510	512
0	510	511
0	510	511
0	510	511
0	510	511
0	510	511
0	510	511
0	510	511
0	510	511
0	510	510
0	510	511
0	510	511
0	510	510
0	510	511
0	508	510
0	510	511
0	510	510
0	510	510
0	510	511
0	510	510
0	509	511
0	510	511
0	510	511
0	510	510
0	510	510
0	510	510
0	510	511
0	510	511
0	510	511
0	510	510
0	509	510
0	510	511
0	510	510
0	510	511
0	510	510
0	510	510
0	510	510
0	510	511
0	510	510
0	510	510
0	510	511
0	510	510
0	510	511
0	510	511
0	510	510
0	510	511
0	510	511
0	510	512
0	510	511
0	510	510
0	510	510
0	510	511
0	510	511
0	510	511
0	510	511
0	510	511
0	512	511
0	509	511
0	510	511
0	509	511
0	510	511
0	510	511
0	509	510
0	510	511
0	510	511
0	510	510
0	510	510
0	510	511
0	510	511
0	510	511
0	510	511
0	509	511
0	510	511
0	510	511
0	510	511
0	510	511
0	510	511
0	511	511
0	510	511
0	510	511
0	510	511
0	510	510
0	510	511
0	510	510
0	510	511
0	510	511
0	510	511
0	510	511
0	510	511
0	510	511
0	509	511
0	510	511
0	510	510
0	510	510
0	510	511
0	510	511
0	509	511
0	509	511
0	510	511
0	510	510
0	510	511
0	510	511
0	509	511
0	510	510
0	510	510
0	510	511
0	510	511
0	510	511
0	510	511
0	510	511
0	510	511
0	510	511
0	510	511
0	510	512
0	510	510
0	510	511
0	510	511
0	510	511
0	510	511
0	510	511
0	510	511
0	506	510
0	509	511
0	510	510
0	510	511
0	510	511
0	510	511
0	509	511
0	510	511
0	510	510
0	510	511
0	510	511
0	510	511
0	509	511
0	510	511
0	510	511
0	510	511
0	510	511
0	510	511
0	510	511
0	510	510
0	510	511
0	510	511
0	510	511
0	510	510
0	510	511
0	511	511
0	510	511
0	513	511
0	510	510
0	510	511
0	511	511
0	510	510
0	510	511
0	510	510
0	510	511
0	510	511
0	510	511
0	510	510
0	509	511
0	510	511
0	510	510
0	509	510
0	510	511
0	510	511
0	510	511
0	510	511
0	510	510
0	510	511
0	510	511
0	510	510
0	510	511
0	510	510
0	510	510
0	511	511
0	510	512
0	510	511
0	510	511
0	510	511
0	510	511
0	510	511
0	511	511
0	510	511
0	510	510
0	510	511
0	510	511
0	510	510
0	510	511
0	510	510
0	510	511
0	510	511
0	511	510
0	510	511
0	510	511
0	510	511
0	510	511
0	510	511
0	510	511
0	509	510
0	510	511
0	510	511
0	510	511
0	510	511
0	510	511
0	510	511
0	510	510
0	510	511
0	510	511
0	510	510
0	511	510
0	510	511
0	510	511
0	510	511
0	510	511
0	510	511
0	510	511
0	510	511
0	510	510
0	510	511
0	510	511
0	510	511
0	510	511
0	510	511
0	510	512
0	510	511
0	510	511
0	510	511
0	510	511
0	510	510
0	510	511
0	510	510
0	510	511
0	510	511
0	510	511
0	510	511
0	510	511
0	510	511
0	508	511
0	510	511
0	510	511
0	510	511
0	510	511
0	510	511
0	510	511
0	510	511
0	510	511
0	510	511
0	510	511
0	510	511
0	510	511
0	510	511
0	510	511
0	511	511
0	510	512
0	510	511
0	510	510
0	510	511
0	510	510
0	510	511
0	510	511
0	510	510
0	510	511
0	510	511
0	510	511
0	509	511
0	510	510
0	510	511
0	510	511
0	510	511
0	510	511
0	510	511
0	510	511
0	510	510
0	510	511
0	510	511
0	510	511
0	510	511
0	510	511
0	510	511
0	510	511
0	510	511
0	510	511
0	510	511
0	510	511
0	510	511
0	510	511
0	510	511
0	510	512
0	510	511
0	510	511
0	510	511
0	510	511
0	510	511
0	510	511
0	510	511
0	510	511
0	510	511
0	510	511
0	510	511
0	510	511
0	510	510
0	510	511
0	509	511
0	510	511
0	510	511
0	510	511
0	510	511
0	510	511
0	510	511
0	510	511
0	510	510
0	510	510
0	510	511
0	510	510
0	510	511
0	508	510
0	512	511
0	510	511
0	510	511
0	511	511
0	510	511
0	510	511
0	510	511
0	510	511
0	510	511
0	510	511
0	510	511
0	510	511
0	510	510
0	510	510
0	510	511
0	510	511
0	510	510
0	510	511
0	510	511
0	510	511
0	510	510
0	510	510
0	510	511
0	510	511
0	510	510
0	510	511
0	510	510
0	510	512
0	510	510
0	509	511
0	510	511
0	510	511
0	510	511
0	510	510
0	510	511
0	510	511
0	510	510
0	510	511
0	510	510
0	510	511
0	510	511
0	511	511
0	509	511
0	510	511
0	510	511
0	510	511
0	510	511
0	510	511
0	510	511
0	510	511
0	510	511
0	510	511
0	509	510
0	510	511
0	509	511
0	511	511
0	510	510
0	510	511
0	510	511
0	510	511
0	510	511
0	510	510
0	510	511
0	510	511
0	510	510
0	510	511
0	510	512
0	510	511
0	511	511
0	510	511
0	510	511
0	510	511
0	510	510
0	510	511
0	510	511
0	510	511
0	510	511
0	510	510
0	510	512
0	510	510
0	510	511
0	510	510
0	509	510
0	510	511
0	510	511
0	511	511
0	509	511
0	510	510
0	509	511
0	509	511
0	509	510
0	510	511
0	510	511
0	510	511
0	510	510
0	510	510
0	510	511
0	510	511
0	511	510
0	509	511
0	510	511
0	510	511
0	510	510
0	510	511
0	510	511
0	510	511
0	511	511
0	510	511
0	510	511
0	510	511
0	510	511
0	510	511
0	510	510
0	510	511
0	510	511
0	510	510
0	510	511
0	510	511
0	510	511
0	509	511
0	510	511
0	509	510
0	510	510
0	510	511
0	509	511
0	510	511
0	510	511
0	509	511
0	510	511
0	510	512
0	510	511
0	510	511
0	510	511
0	510	511
0	510	510
0	510	511
0	510	511
0	510	511
0	510	510
0	510	511
0	510	510
0	510	511
0	510	511
0	510	511
0	510	510
0	510	511
0	510	511
0	510	511
0	510	510
0	510	511
0	510	510
0	510	510
0	510	510
0	510	510
0	510	511
0	510	511
0	509	511
0	510	511
0	510	511
0	510	511
0	509	510
0	510	511
0	510	511
0	510	511
0	510	511
0	510	511
0	510	511
0	510	511
0	510	511
0	510	511
0	510	510
0	510	511
0	510	510
0	510	511
0	510	510
0	510	511
0	510	511
0	510	511
0	510	511
0	510	511
0	510	511
0	510	511
0	510	510
0	510	511
0	510	511
0	510	511
0	510	511
0	510	511
0	509	510
0	509	510
0	510	511
0	510	511
0	510	511
0	510	511
0	510	511
0	510	510
0	510	510
0	510	511
0	510	511
0	509	511
0	510	512
0	510	510
0	510	511
0	510	510
0	509	511
0	510	511
0	510	511
0	510	511
0	510	511
0	509	511
0	510	511
0	510	511
0	510	511
0	510	511
0	510	511
0	510	511
0	510	510
0	510	511
0	510	511
0	510	511
0	510	511
0	510	511
0	510	511
0	510	511
0	509	510
0	509	511
0	510	510
0	510	511
0	510	510
0	510	511
0	510	511
0	510	511
0	510	511
0	510	510
0	510	510
0	510	511
0	510	510
0	510	511
0	510	510
0	510	510
0	510	511
0	509	511
0	510	511
0	510	511
0	510	511
0	510	511
0	510	511
0	510	511
0	510	511
0	510	512
0	510	511
0	510	511
0	512	511
0	509	511
0	510	512
0	510	510
0	510	511
0	510	511
0	511	511
0	510	511
0	509	511
0	510	511
0	510	511
0	510	512
0	511	511
0	510	511
0	510	510
0	510	511
0	510	510
0	510	512
0	510	510
0	510	511
0	510	510
0	510	511
0	511	510
0	510	511
0	510	510
0	510	511
0	510	511
0	510	511
0	510	510
0	510	510
0	510	511
0	510	511
0	510	511
0	510	511
0	510	511
0	509	511
0	506	511
0	510	511
0	510	511
0	510	511
0	510	511
0	510	511
0	510	511
0	510	510
0	509	511
0	510	511
0	510	511
0	509	511
0	510	511
0	510	511
0	510	511
0	510	510
0	510	511
0	510	511
0	510	511
0	510	511
0	511	511
0	511	510
0	510	510
0	510	511
0	510	511
0	510	511
0	510	511
0	510	511
0	510	511
0	510	510
0	510	511
0	509	510
0	510	511
0	508	510
0	510	510
0	510	510
0	510	511
0	510	511
0	510	511
0	510	511
0	510	511
0	510	510
0	509	512
0	510	511
0	510	511
0	510	511
0	509	511
0	510	511
0	510	511
0	510	510
0	512	511
0	510	511
0	510	511
0	510	511
0	510	510
0	510	511
0	511	511
0	510	510
0	510	510
0	510	510
0	510	511
0	510	510
0	510	510
0	510	511
0	510	511
0	510	511
0	510	510
0	510	511
0	510	511
0	510	511
0	510	510
0	510	511
0	510	510
0	510	511
0	509	510
0	510	511
0	509	511
0	510	511
0	512	511
0	510	510
0	510	510
0	510	511
0	510	511
0	510	510
0	510	511
0	510	511
0	510	511
0	510	511
0	510	511
0	510	510
0	511	510
0	510	511
0	510	511
0	510	511
0	510	511
0	510	511
0	510	511
0	510	511
0	510	510
0	510	511
0	510	511
0	510	512
0	510	511
0	510	511
0	510	511
0	509	510
0	510	511
0	510	511
0	510	510
0	510	511
0	510	511
0	510	510
0	510	511
0	510	511
0	510	511
0	510	511
0	510	510
0	510	511
0	510	511
0	510	511
0	510	511
0	510	511
0	510	511
0	510	511
0	514	511
0	510	511
0	511	509
0	510	511
0	510	511
0	510	511
0	510	510
0	510	511
0	510	511
0	510	511
0	510	511
0	510	511
0	509	510
0	510	512
0	510	510
0	510	511
0	510	511
0	510	511
0	510	512
0	510	511
0	510	511
0	509	511
0	510	511
0	510	511
0	510	510
0	510	511
0	510	510
0	510	510
0	510	511
0	510	510
0	510	511
0	510	511
0	510	511
0	510	511
0	510	511
0	510	511
0	510	511
0	511	511
0	510	510
0	511	510
0	510	511
0	510	511
0	510	510
0	509	511
0	510	510
0	510	511
0	509	510
0	510	510
0	510	511
0	510	511
0	510	511
0	510	511
0	510	511
0	509	510
0	506	511
0	510	511
0	511	511
0	510	511
0	510	511
0	510	510
0	510	511
0	510	511
0	510	511
0	510	511
0	510	510
0	510	511
0	510	511
0	510	511
0	510	510
0	510	511
0	510	511
0	510	511
0	510	510
0	510	510
0	510	510
0	510	511
0	510	510
0	510	511
0	510	510
0	510	511
0	510	510
0	510	511
0	510	510
0	510	510
0	510	511
0	510	511
1	510	510
1	508	510
2	510	511
3	510	511
4	510	511
5	510	511
5	510	511
6	510	510
7	510	510
8	510	511
8	510	511
9	510	511
10	510	511
10	511	511
12	510	512
12	510	511
13	510	511
14	510	511
14	510	510
15	510	511
16	510	511
17	510	510
17	510	511
18	510	511
19	510	511
19	510	510
21	510	511
21	511	511
22	510	510
23	511	511
23	510	511
24	511	512
25	510	511
26	510	511
26	510	511
27	512	511
28	510	511
29	510	511
30	515	510
30	510	511
31	516	511
32	510	511
32	510	510
33	518	510
34	510	511
35	516	511
35	511	511
36	511	511
37	511	510
38	523	510
39	510	511
39	524	511
40	511	510
40	511	511
41	511	510
42	527	511
43	513	510
44	534	511
44	523	511
45	530	511
46	539	510
47	596	513
48	570	511
48	620	517
49	602	510
49	614	511
50	625	510
51	553	517
52	646	511
53	493	521
53	672	511
54	680	511
55	686	511
56	464	522
56	694	511
57	500	523
58	688	512
58	681	512
59	666	511
60	984	531
61	765	511
62	1023	522
62	759	512
63	753	511
64	737	512
65	915	526
65	711	513
66	866	527
67	692	513
67	683	513
68	671	512
69	719	533
70	652	512
71	646	535
71	652	513
72	659	513
72	665	514
74	610	534
74	654	513
75	565	532
76	631	513
76	625	514
77	615	514
78	511	533
79	598	514
80	494	535
80	584	515
81	575	515
81	567	515
83	461	537
83	580	515
84	498	536
85	616	516
85	625	516
86	620	516
87	519	535
88	601	516
88	500	534
89	584	517
90	575	517
90	567	517
92	460	534
92	552	518
93	445	531
94	535	517
94	530	519
95	542	519
96	467	534
97	589	520
97	515	530
98	610	519
99	604	520
99	593	520
101	492	530
101	576	520
102	473	529
103	558	522
103	549	522
104	540	522
105	433	529
106	522	522
106	412	531
107	515	526
108	541	526
108	568	526
110	496	532
110	602	528
111	518	531
112	595	527
112	587	528
113	576	529
114	472	531
115	560	529
115	451	529
116	540	530
117	530	530
117	519	531
119	401	530
119	504	530
120	409	530
120	548	537
121	571	537
122	587	538
123	515	529
124	599	536
124	500	527
125	582	539
126	575	539
126	569	540
128	449	528
128	550	542
128	539	540
128	529	539
128	518	539
128	386	529
128	379	528
128	517	543
128	548	544
128	566	548
128	582	543
128	591	543
128	593	544
128	488	529
128	575	542
128	567	543
128	554	544
128	550	543
128	534	545
128	525	541
128	514	540
128	381	530
128	368	529
128	356	531
128	491	541
128	521	546
128	548	545
128	567	546
128	578	547
128	583	543
128	481	529
128	466	530
128	559	547
128	551	543
128	543	543
128	531	542
128	518	542
128	386	528
128	372	531
128	485	540
128	479	537
128	478	542
128	498	544
128	533	547
128	553	549
128	568	545
128	575	545
128	479	529
128	566	543
128	558	544
128	550	547
128	541	543
128	530	543
128	515	545
128	384	530
128	494	541
128	483	539
128	476	537
128	475	541
128	484	543
128	516	547
128	544	548
128	462	545
128	477	528
128	574	545
128	567	543
128	558	546
128	547	543
128	541	544
128	531	545
128	399	544
128	385	531
128	494	539
128	483	541
128	474	539
128	473	538
128	476	543
128	502	547
128	425	546
128	553	547
128	566	546
128	572	544
128	569	545
128	559	548
128	551	544
128	542	544
128	416	545
128	521	543
128	508	542
128	496	543
128	485	541
128	476	537
128	473	537
128	473	543
128	373	544
128	526	547
128	548	549
128	562	548
128	570	544
128	570	545
128	561	547
128	552	544
128	434	545
128	535	547
128	524	545
128	511	542
128	500	540
128	488	542
128	476	540
128	473	537
128	472	542
128	477	543
128	512	546
128	539	549
128	556	545
128	567	546
128	571	547
128	564	543
128	555	546
128	546	545
128	538	544
128	528	546
128	515	543
128	503	541
128	495	541
128	480	540
128	342	537
128	472	539
128	473	543
128	499	545
128	531	550
128	551	546
128	564	545
128	571	546
128	568	546
128	453	530
128	440	528
128	541	544
128	532	544
128	519	544
128	506	543
128	495	541
128	359	538
128	345	531
128	472	538
128	472	541
128	489	547
128	525	546
128	544	547
128	560	549
128	474	544
128	472	528
128	459	530
128	552	544
128	545	546
128	534	544
128	524	543
128	511	544
128	378	542
128	364	530
128	477	539
128	473	538
128	471	539
128	477	545
128	510	547
128	538	547
128	457	549
128	472	532
128	571	545
128	564	548
128	555	544
128	546	544
128	538	546
128	528	543
128	396	543
128	382	528
128	492	541
128	480	539
128	473	540
128	471	539
128	473	542
128	493	550
128	531	547
128	550	547
128	563	548
128	570	544
128	567	545
128	557	547
128	549	544
128	541	545
128	532	545
128	519	542
128	506	543
128	495	542
128	484	540
128	474	538
128	471	540
128	472	542
128	488	545
128	523	551
128	546	546
128	560	546
128	570	547
128	569	544
128	561	544
128	552	548
128	543	545
128	419	529
128	524	545
128	510	542
128	499	542
128	487	543
128	475	539
128	472	537
128	330	542
128	476	544
128	509	547
128	537	552
128	555	546
128	566	545
128	570	547
128	564	544
128	450	544
128	437	529
128	538	544
128	528	544
128	515	544
128	503	542
128	491	541
128	480	541
128	342	538
128	331	530
128	473	543
128	497	546
128	531	551
128	550	546
128	563	546
128	571	546
128	469	544
128	455	528
128	549	544
128	541	544
128	531	547
128	519	543
128	506	543
128	495	541
128	360	538
128	346	530
128	471	538
128	472	542
128	487	544
128	522	547
128	542	549
128	560	545
128	474	546
128	473	530
128	561	544
128	553	545
128	544	545
128	534	545
128	524	547
128	511	542
128	378	541
128	489	541
128	477	538
128	472	539
128	473	539
128	476	542
128	508	547
128	536	546
128	554	550
128	565	545
128	571	545
128	564	545
128	555	545
128	546	548
128	538	545
128	528	544
128	397	545
128	503	542
128	492	541
128	480	541
128	473	537
128	470	540
128	472	543
128	492	546
128	529	551
128	549	546
128	562	547
128	569	544
128	567	545
128	558	548
128	549	544
128	541	545
128	531	544
128	520	544
128	507	544
128	495	541
128	484	539
128	474	541
128	472	538
128	471	540
128	362	545
128	518	546
128	543	549
128	558	545
128	568	546
128	569	548
128	562	543
128	552	545
128	544	544
128	421	530
128	406	530
128	512	542
128	500	541
128	488	541
128	477	539
128	473	540
128	331	538
128	354	530
128	507	546
128	537	547
128	554	550
128	566	545
128	571	546
128	564	543
128	451	545
128	547	547
128	538	544
128	529	546
128	516	543
128	503	542
128	492	542
128	481	538
128	343	541
128	331	532
128	472	542
128	494	546
128	528	547
128	549	548
128	562	545
128	570	547
128	470	544
128	456	529
128	550	546
128	541	544
128	533	547
128	521	543
128	508	542
128	496	542
128	362	541
128	475	539
128	472	539
128	471	539
128	481	545
128	515	546
128	540	548
128	558	548
128	473	545
128	570	546
128	562	544
128	553	545
128	544	546
128	536	544
128	524	544
128	512	542
128	380	542
128	488	541
128	478	540
128	472	537
128	471	541
128	474	543
128	503	547
128	534	551
128	554	546
128	565	547
128	571	545
128	565	544
128	556	547
128	547	545
128	539	544
128	529	546
128	398	543
128	504	543
128	493	543
128	481	539
128	473	537
128	471	540
128	473	542
128	492	547
128	529	548
128	548	546
128	562	548
128	569	544
128	569	544
128	559	547
128	552	544
128	542	545
128	533	547
128	403	531
128	508	543
128	496	544
128	486	540
128	475	538
128	472	540
128	471	540
128	362	544
128	517	550
128	542	546
128	558	547
128	567	547
128	570	544
128	562	545
128	553	547
128	435	544
128	422	529
128	526	546
128	513	543
128	501	542
128	489	542
128	478	539
128	472	538
128	330	541
128	347	533
128	385	529
128	531	550
128	552	546
128	564	546
128	569	546
128	565	544
128	453	546
128	439	529
128	539	545
128	529	543
128	517	544
128	504	543
128	492	542
128	481	540
128	344	540
128	332	532
128	472	541
128	490	545
128	525	546
128	548	548
128	560	547
128	570	544
128	470	545
128	559	546
128	550	544
128	541	546
128	533	547
128	521	543
128	508	542
128	497	542
128	485	540
128	475	539
128	473	539
128	471	539
128	482	544
128	516	546
128	540	547
128	558	550
128	567	545
128	570	544
128	562	547
128	554	544
128	545	545
128	536	548
128	525	544
128	513	543
128	500	544
128	489	541
128	479	539
128	473	540
128	471	538
128	474	542
128	502	547
128	532	546
128	553	546
128	564	549
128	571	545
128	566	544
128	556	547
128	547	545
128	540	544
128	530	546
128	517	544
128	504	541
128	494	541
128	480	541
128	473	538
128	470	539
128	472	542
128	488	544
128	524	550
128	443	532
128	560	547
128	569	549
128	568	544
128	559	545
128	550	546
128	543	545
128	418	547
128	404	531
128	508	542
128	497	543
128	486	541
128	475	540
128	471	538
128	471	538
128	357	545
128	396	533
128	540	548
128	556	548
128	567	545
128	571	547
128	562	544
128	553	547
128	436	545
128	423	528
128	526	546
128	514	543
128	501	542
128	490	541
128	479	538
128	473	540
128	330	539
128	473	543
128	499	547
128	533	546
128	551	549
128	563	545
128	570	546
128	566	547
128	454	544
128	548	546
128	540	544
128	530	545
128	518	545
128	505	542
128	494	540
128	482	541
128	346	538
128	471	538
128	475	542
128	487	544
128	524	550
128	546	545
128	560	549
128	570	544
128	472	545
128	459	529
128	552	544
128	542	548
128	534	544
128	522	544
128	509	542
128	498	541
128	487	542
128	350	531
128	472	538
128	470	542
128	478	544
128	512	549
128	539	546
128	555	549
128	474	544
128	570	545
128	563	549
128	554	544
128	545	545
128	537	545
128	527	543
128	514	544
128	502	543
128	369	529
128	480	541
128	473	538
128	471	540
128	473	542
128	499	546
128	532	548
128	551	546
128	470	530
128	570	545
128	566	544
128	557	546
128	548	544
128	540	547
128	530	544
128	518	544
128	387	530
128	495	541
128	482	542
128	473	538
128	471	537
128	472	543
128	486	545
128	409	551
128	442	532
128	560	546
128	568	546
128	569	544
128	561	548
128	551	544
128	543	545
128	420	545
128	406	530
128	392	530
128	498	541
128	487	540
128	476	540
128	472	537
128	470	541
128	355	543
128	394	531
128	539	546
128	556	549
128	566	546
128	571	544
128	563	544
128	555	545
128	437	546
128	538	544
128	527	546
128	514	543
128	501	543
128	490	542
128	480	537
128	472	539
128	331	539
128	473	542
128	497	550
128	531	547
128	550	546
128	563	548
128	570	544
128	566	546
128	557	546
128	549	544
128	540	546
128	531	544
128	519	544
128	506	544
128	495	540
128	483	539
128	347	540
128	471	537
128	472	544
128	486	545
128	522	547
128	545	548
128	560	545
128	569	548
128	568	545
128	560	544
128	551	547
128	539	544
128	533	546
128	523	544
128	510	542
128	498	543
128	364	541
128	477	540
128	472	538
128	470	538
128	474	544
128	508	546
128	538	550
128	555	547
128	567	546
128	571	546
128	564	544
128	555	548
128	546	545
128	538	544
128	528	546
128	515	543
128	503	543
128	370	530
128	479	538
128	473	538
128	471	540
128	472	542
128	497	549
128	530	547
128	452	546
128	469	530
128	570	544
128	566	546
128	557	546
128	548	544
128	540	547
128	531	544
128	401	545
128	387	531
128	495	541
128	483	541
128	474	539
128	471	538
128	472	542
128	487	544
128	410	549
128	444	532
128	560	546
128	568	550
128	570	543
128	561	545
128	552	545
128	543	544
128	421	548
128	407	531
128	511	542
128	499	542
128	487	541
128	477	539
128	471	539
128	470	539
128	355	543
128	509	546
128	537	547
128	554	550
128	566	546
128	570	544
128	564	547
128	554	544
128	546	545
128	538	547
128	528	544
128	515	544
128	502	542
128	491	541
128	480	540
128	472	539
128	332	537
128	473	543
128	494	546
128	529	548
128	548	550
128	562	545
128	569	546
128	567	544
128	558	544
128	548	549
128	540	545
128	531	544
128	519	544
128	506	542
128	495	542
128	483	540
128	474	538
128	467	539
128	471	542
128	484	545
128	518	552
128	543	547
128	558	547
128	568	547
128	569	544
128	560	547
128	551	545
128	543	545
128	535	547
128	523	543
128	510	543
128	498	543
128	365	540
128	352	528
128	470	540
128	470	539
128	475	545
128	507	546
128	536	547
128	554	546
128	472	545
128	477	529
128	466	531
128	555	544
128	544	546
128	538	544
128	528	546
128	515	544
128	385	542
128	371	528
128	480	540
128	473	538
128	471	540
128	472	542
128	494	545
128	528	548
128	448	545
128	468	528
128	570	546
128	567	544
128	558	546
128	549	545
128	541	544
128	532	547
128	403	544
128	389	530
128	495	542
128	484	541
128	474	538
128	471	540
128	471	541
128	486	543
128	408	549
128	541	546
128	559	546
128	567	550
128	570	544
128	561	545
128	552	545
128	543	544
128	422	546
128	524	544
128	511	542
128	499	542
128	488	540
128	475	539
128	472	540
128	470	539
128	353	543
128	507	546
128	535	548
128	554	551
128	565	545
128	570	546
128	564	545
128	555	545
128	547	549
128	426	531
128	528	545
128	516	543
128	503	542
128	492	543
128	480	539
128	472	538
128	332	540
128	472	541
128	491	548
128	527	548
128	548	546
128	561	549
128	569	544
128	567	545
128	558	547
128	549	544
128	545	547
128	532	544
128	519	545
128	507	544
128	496	541
128	484	540
128	348	539
128	336	528
128	470	542
128	482	544
128	518	550
128	542	546
128	557	548
128	567	547
128	569	543
128	561	547
128	552	544
128	544	546
128	535	547
128	524	543
128	511	544
128	500	542
128	367	541
128	477	542
128	472	538
128	470	538
128	474	544
128	502	546
128	534	548
128	551	548
128	471	545
128	477	528
128	565	546
128	555	543
128	547	546
128	538	547
128	529	543
128	516	543
128	385	542
128	372	530
128	481	541
128	472	540
128	471	537
128	472	544
128	491	545
128	528	549
128	447	549
128	561	545
128	570	548
128	567	544
128	558	545
128	549	547
128	542	544
128	532	546
128	403	543
128	390	529
128	496	543
128	485	540
128	474	539
128	472	540
128	471	540
128	483	546
128	518	547
128	437	529
128	558	546
128	567	546
128	570	548
128	562	544
128	553	545
128	544	546
128	423	544
128	526	545
128	514	543
128	501	542
128	489	541
128	478	540
128	476	537
128	470	542
128	351	543
128	504	547
128	534	548
128	553	547
128	564	551
128	570	544
128	565	545
128	555	543
128	547	546
128	538	547
128	529	544
128	517	543
128	504	542
128	492	541
128	481	542
128	472	538
128	334	537
128	339	533
128	489	546
128	525	550
128	546	547
128	560	546
128	568	548
128	567	543
128	559	545
128	549	549
128	541	545
128	533	544
128	520	545
128	506	543
128	496	542
128	485	543
128	350	539
128	337	529
128	470	542
128	479	545
128	513	551
128	540	546
128	556	547
128	566	544
128	476	546
128	463	530
128	452	530
128	544	546
128	536	544
128	524	544
128	512	544
128	500	542
128	368	542
128	354	531
128	472	540
128	470	538
128	474	542
128	502	547
128	535	547
128	552	551
128	475	546
128	478	528
128	565	544
128	556	544
128	547	549
128	539	544
128	529	545
128	517	543
128	387	543
128	373	529
128	481	540
128	473	538
128	471	539
128	472	541
128	490	547
128	525	547
128	546	549
128	560	545
128	570	546
128	566	546
128	558	545
128	550	547
128	542	544
128	533	548
128	521	543
128	391	529
128	497	541
128	485	540
128	475	540
128	471	537
128	470	542
128	478	544
128	512	548
128	434	532
128	555	546
128	566	548
128	569	543
128	562	546
128	553	546
128	546	544
128	536	546
128	526	544
128	513	546
128	501	541
128	489	541
128	478	541
128	472	537
128	470	541
128	346	542
128	499	546
128	531	548
128	551	546
128	563	550
128	570	545
128	565	544
128	556	546
128	441	544
128	428	528
128	529	544
128	517	543
128	504	542
128	493	541
128	481	542
128	473	538
128	334	537
128	472	543
128	487	546
128	523	551
128	545	546
128	559	547
128	568	545
128	568	544
128	460	548
128	550	545
128	542	545
128	533	545
128	522	543
128	508	545
128	498	542
128	486	539
128	352	540
128	472	538
128	470	542
128	477	543
128	510	548
128	539	546
128	555	547
128	566	547
128	476	544
128	464	530
128	553	544
128	544	548
128	536	544
128	526	543
128	513	544
128	500	542
128	369	542
128	478	540
128	471	536
128	470	540
128	473	542
128	497	549
128	532	546
128	550	547
128	471	545
128	478	529
128	566	547
128	556	544
128	548	548
128	539	544
128	531	546
128	518	544
128	505	541
128	375	531
128	483	539
128	473	541
128	471	537
128	471	542
128	486	545
128	522	549
128	545	547
128	559	546
128	569	546
128	567	544
128	559	548
128	551	545
128	543	545
128	533	546
128	522	543
128	509	544
128	497	542
128	486	539
128	475	541
128	471	538
128	471	540
128	478	543
128	511	546
128	537	549
128	555	545
128	566	548
128	570	546
128	563	543
128	554	546
128	545	545
128	537	544
128	526	546
128	514	544
128	501	542
128	490	542
128	479	540
128	472	538
128	468	541
128	472	542
128	384	528
128	530	549
128	551	545
128	563	549
128	571	545
128	564	544
128	556	547
128	443	543
128	430	528
128	531	547
128	518	543
128	505	543
128	494	541
128	483	540
128	473	539
128	335	536
128	337	532
128	485	545
128	520	550
128	543	548
128	558	546
128	567	547
128	568	543
128	461	546
128	447	530
128	542	544
128	533	545
128	523	543
128	509	543
128	497	543
128	487	540
128	352	537
128	340	531
128	470	540
128	475	544
128	508	550
128	536	546
128	555	547
128	565	547
128	477	544
128	563	546
128	553	547
128	545	544
128	537	546
128	527	544
128	514	543
128	501	544
128	490	541
128	479	539
128	472	538
128	470	540
128	472	542
128	495	548
128	531	548
128	549	546
128	562	548
128	569	544
128	566	544
128	557	548
128	548	545
128	539	545
128	531	546
128	519	543
128	506	543
128	376	529
128	483	540
128	468	537
128	471	539
128	471	542
128	484	544
128	519	549
128	442	550
128	558	546
128	568	545
128	568	547
128	560	544
128	551	545
128	543	549
128	534	546
128	523	544
128	510	543
128	498	542
128	486	541
128	475	540
128	471	540
128	470	539
128	477	543
128	509	547
128	432	532
128	459	529
128	566	547
128	570	544
128	563	547
128	554	543
128	545	545
128	426	548
128	413	531
128	399	528
128	502	542
128	491	541
128	480	541
128	472	539
128	470	536
128	345	545
128	494	545
128	529	549
128	549	549
128	562	546
128	569	547
128	565	544
128	557	545
128	444	549
128	431	531
128	531	544
128	520	544
128	506	543
128	495	542
128	483	541
128	473	540
128	336	537
128	335	529
128	483	545
128	518	547
128	541	550
128	558	548
128	567	545
128	569	545
128	462	544
128	448	531
128	543	547
128	534	546
128	523	544
128	510	544
128	498	542
128	488	540
128	477	540
128	340	532
128	470	539
128	476	545
128	509	546
128	536	548
128	554	550
128	564	546
128	570	544
128	563	546
128	554	544
128	544	546
128	537	547
128	527	543
128	514	544
128	502	543
128	371	541
128	479	540
128	472	540
128	470	538
128	472	541
128	494	548
128	530	546
128	548	547
128	561	550
128	568	545
128	566	545
128	557	547
128	548	544
128	540	545
128	531	547
128	519	544
128	389	542
128	495	542
128	484	541
128	474	539
128	472	538
128	471	542
128	483	544
128	518	547
128	441	549
128	465	532
128	566	548
128	568	546
128	560	544
128	551	546
128	543	544
128	534	545
128	408	547
128	394	531
128	499	541
128	487	542
128	476	540
128	471	537
128	470	541
128	472	543
128	390	547
128	429	532
128	456	531
128	564	548
128	570	546
128	566	544
128	554	546
128	546	544
128	427	544
128	414	528
128	516	544
128	502	541
128	492	541
128	480	541
128	473	538
128	469	539
128	340	543
128	376	532
128	526	549
128	547	547
128	561	545
128	569	546
128	566	547
128	557	544
128	445	545
128	540	547
128	532	544
128	520	544
128	506	545
128	496	542
128	484	540
128	474	540
128	337	539
128	470	541
128	480	547
128	516	548
128	540	546
128	557	548
128	567	546
128	569	544
128	561	546
128	551	548
128	544	545
128	536	544
128	524	545
128	511	542
128	499	541
128	488	542
128	356	541
128	342	531
128	470	539
128	473	545
128	504	547
128	533	549
128	553	547
128	564	545
128	479	547
128	564	543
128	555	548
128	546	545
128	538	545
128	529	544
128	516	543
128	503	545
128	492	541
128	359	527
128	473	540
128	470	538
128	472	544
128	489	545
128	526	549
128	545	546
128	560	548
128	478	531
128	567	544
128	558	547
128	549	544
128	541	546
128	532	545
128	520	544
128	391	545
128	378	531
128	485	541
128	474	540
128	471	536
128	470	543
128	480	545
128	514	549
128	439	548
128	462	530
128	567	547
128	568	544
128	561	547
128	552	545
128	544	545
128	536	546
128	409	544
128	396	528
128	382	531
128	488	539
128	477	541
128	471	538
128	470	539
128	474	544
128	389	546
128	429	530
128	552	545
128	564	546
128	570	549
128	565	544
128	555	545
128	546	546
128	428	544
128	415	528
128	516	544
128	503	542
128	492	541
128	481	541
128	473	537
128	470	541
128	342	542
128	491	545
128	526	548
128	548	546
128	560	550
128	569	545
128	566	546
128	558	545
128	550	545
128	541	549
128	532	544
128	520	544
128	507	543
128	496	542
128	485	543
128	474	538
128	471	538
128	470	541
128	478	544
128	514	550
128	537	547
128	556	550
128	566	545
128	569	546
128	561	545
128	552	544
128	544	547
128	535	544
128	524	545
128	512	544
128	500	541
128	489	540
128	478	541
128	471	537
128	470	541
128	473	543
128	504	546
128	532	551
128	552	545
128	563	547
128	570	548
128	565	543
128	555	545
128	546	546
128	538	544
128	528	545
128	516	546
128	503	542
128	374	540
128	359	530
128	472	539
128	469	537
128	471	544
128	487	546
128	523	547
128	544	547
128	466	545
128	477	529
128	568	546
128	558	544
128	550	547
128	542	545
128	532	544
128	521	546
128	392	543
128	378	531
128	485	539
128	474	541
128	471	538
128	470	539
128	477	547
128	511	546
128	436	547
128	461	531
128	566	545
128	569	546
128	562	546
128	552	544
128	544	546
128	535	545
128	411	544
128	512	544
128	500	545
128	487	540
128	478	538
128	471	540
128	470	540
128	473	542
128	385	549
128	532	546
128	550	548
128	563	545
128	569	545
128	565	547
128	555	544
128	547	546
128	430	545
128	417	530
128	517	545
128	504	543
128	493	541
128	482	542
128	473	538
128	470	538
128	340	543
128	489	545
128	524	548
128	545	547
128	559	546
128	568	548
128	566	544
128	558	545
128	550	547
128	541	544
128	532	547
128	520	544
128	508	542
128	497	542
128	486	541
128	475	539
128	471	540
128	334	533
128	477	543
128	511	549
128	538	547
128	555	546
128	566	549
128	569	545
128	562	544
128	552	545
128	543	546
128	536	544
128	526	546
128	513	544
128	501	542
128	489	542
128	478	540
128	344	529
128	469	541
128	472	543
128	497	546
128	530	547
128	550	546
128	562	549
128	568	545
128	470	527
128	555	547
128	547	544
128	538	545
128	529	548
128	517	543
128	504	542
128	375	542
128	481	540
128	473	539
128	470	539
128	471	540
128	485	547
128	520	547
128	544	548
128	466	550
128	478	531
128	568	545
128	558	546
128	550	544
128	542	547
128	532	546
128	522	543
128	394	543
128	380	531
128	486	540
128	475	542
128	471	538
128	470	538
128	478	545
128	511	547
128	437	549
128	555	548
128	565	545
128	568	547
128	559	544
128	552	546
128	544	548
128	537	544
128	411	544
128	513	543
128	501	542
128	489	542
128	478	540
128	472	536
128	470	542
128	472	543
128	382	547
128	531	548
128	549	546
128	562	549
128	569	545
128	565	546
128	556	546
128	547	544
128	431	547
128	530	543
128	518	544
128	505	545
128	494	541
128	481	540
128	473	540
128	471	538
128	338	543
128	485	544
128	520	547
128	543	547
128	558	547
128	567	549
128	567	545
128	558	545
128	550	546
128	541	544
128	533	547
128	521	544
128	509	542
128	497	543
128	485	541
128	477	538
128	471	539
128	334	532
128	478	543
128	510	547
128	537	548
128	555	551
128	566	546
128	570	545
128	467	544
128	453	530
128	440	529
128	427	530
128	527	545
128	514	543
128	502	542
128	490	542
128	358	540
128	345	530
128	470	541
128	472	543
128	497	547
128	529	552
128	551	546
128	561	547
128	479	546
128	471	530
128	457	530
128	547	544
128	539	547
128	530	544
128	518	544
128	505	544
128	376	540
128	482	541
128	473	540
128	470	537
128	469	543
128	483	545
128	519	548
128	541	550
128	462	545
128	477	530
128	569	548
128	559	544
128	550	545
128	542	546
128	534	544
128	522	547
128	394	543
128	498	541
128	486	542
128	476	539
128	471	540
128	469	539
128	474	542
128	506	546
128	432	548
128	554	551
128	565	545
128	569	545
128	563	545
128	553	544
128	544	549
128	536	544
128	527	544
128	514	545
128	501	542
128	490	541
128	480	542
128	471	538
128	470	538
128	473	544
128	381	545
128	530	548
128	548	550
128	562	546
128	568	546
128	565	546
128	556	544
128	547	547
128	540	547
128	531	543
128	519	544
128	505	543
128	495	542
128	483	540
128	473	542
128	470	537
128	336	540
128	483	545
128	518	547
128	542	550
128	557	547
128	567	545
128	567	548
128	559	544
128	551	547
128	436	530
128	534	545
128	523	546
128	510	543
128	498	542
128	487	543
128	476	539
128	342	537
128	469	541
128	473	543
128	504	550
128	534	547
128	552	547
127	564	548
127	568	544
126	560	545
125	549	544
124	538	543
123	525	543
123	509	540
122	384	528
121	369	532
120	352	532
120	336	529
119	323	532
118	458	535
118	467	535
116	501	539
116	528	537
115	544	535
114	457	531
114	545	533
112	534	534
112	521	532
111	509	533
111	495	530
110	373	531
109	356	534
108	340	534
107	324	535
107	307	536
106	440	526
105	316	535
104	348	537
104	382	538
103	413	535
102	428	537
102	532	525
100	523	524
100	506	524
99	494	523
98	481	523
98	352	523
97	342	536
96	329	537
95	318	538
95	305	536
94	294	539
93	429	520
92	447	520
91	468	521
91	488	520
90	505	519
89	514	519
89	392	540
88	379	542
87	363	537
86	350	542
86	340	540
85	454	517
84	445	518
83	436	517
82	425	517
82	415	517
81	291	545
80	413	517
79	433	517
79	457	517
78	480	516
77	493	516
77	378	548
75	372	544
75	375	549
74	370	545
73	386	548
73	437	515
72	429	515
71	421	515
70	412	515
70	403	514
69	498	547
68	389	514
67	301	512
66	169	517
66	175	514
65	184	515
64	198	515
64	199	514
63	220	516
62	398	526
61	218	513
61	407	527
60	234	513
59	378	528
58	257	512
57	310	529
57	234	512
56	246	512
56	248	512
54	231	527
54	267	512
53	155	524
52	266	512
52	278	512
51	283	512
50	99	519
49	292	511
48	141	525
48	295	512
47	172	523
47	304	511
45	314	511
45	333	512
44	208	524
43	324	511
43	396	511
42	371	510
41	410	512
40	446	512
40	509	511
39	443	510
38	372	512
37	325	511
36	277	510
36	235	513
35	214	511
34	197	511
34	190	511
32	195	511
32	209	511
31	234	511
31	268	511
30	309	510
29	356	510
28	408	510
27	463	511
27	519	511
26	575	511
25	620	511
24	663	511
24	700	511
23	728	510
22	747	511
22	759	511
21	757	511
20	749	511
19	730	511
18	705	511
18	673	511
17	637	511
16	595	511
15	552	510
15	508	510
14	466	511
13	426	511
13	393	511
11	362	511
11	341	511
10	324	511
9	315	510
9	311	511
8	321	512
7	334	511
6	354	511
6	379	510
5	408	511
4	440	510
3	472	511
2	507	510
2	542	511
1	574	511
0	602	511
0	625	511
0	644	511
0	657	510
0	664	511
0	666	510
0	663	510
0	654	511
0	640	511
0	622	511
0	601	511
0	577	511
0	551	511
0	524	511
0	498	511
0	473	511
0	450	510
0	429	511
0	412	511
0	399	511
0	391	511
0	386	511
0	386	511
0	391	511
0	400	511
0	412	511
0	427	511
0	445	511
0	464	510
0	485	511
0	507	511
0	527	511
0	547	511
0	564	510
0	580	510
0	592	510
0	601	510
0	607	511
0	609	511
0	607	511
0	602	511
0	595	510
0	583	511
0	570	511
0	556	511
0	539	511
0	520	511
0	506	511
0	489	510
0	474	511
0	461	510
0	450	510
0	441	511
0	433	511
0	431	510
0	431	511
0	434	511
0	439	511
0	446	511
0	455	511
0	467	510
0	479	511
0	492	511
0	506	510
0	518	511
0	532	511
0	543	510
0	553	511
0	561	511
0	567	511
0	571	511
0	573	511
0	572	510
0	569	511
0	564	510
0	558	512
0	550	511
0	540	510
0	529	512
0	519	510
0	508	511
0	500	511
0	488	511
0	480	510
0	472	511
0	467	510
0	463	511
0	460	511
0	460	510
0	462	511
0	465	510
0	469	511
0	475	510
0	482	511
0	490	511
0	498	511
0	507	511
0	515	511
0	523	510
0	533	511
0	537	510
0	542	512
0	546	511
0	548	511
0	549	511
0	549	511
0	548	511
0	544	510
0	540	511
0	535	511
0	529	511
0	523	511
0	516	510
0	510	510
0	502	512
0	496	511
0	490	511
0	486	511
0	483	510
0	480	511
0	479	510
0	479	510
0	479	510
0	481	511
0	484	510
0	490	511
0	492	511
0	497	510
0	502	511
0	508	511
0	513	510
0	518	510
0	523	511
0	527	510
0	530	511
0	533	511
0	534	511
0	534	511
0	535	511
0	534	511
0	532	511
0	529	511
0	525	510
0	522	511
0	518	511
0	514	511
0	509	511
0	505	510
0	501	511
0	498	510
0	495	510
0	493	511
0	491	511
0	490	511
0	490	510
0	491	511
0	492	511
0	493	511
0	496	511
0	499	511
0	502	511
0	505	511
0	509	510
0	512	511
0	516	511
0	519	511
0	521	511
0	523	511
0	525	511
0	526	511
0	526	511
0	526	510
0	525	511
0	524	511
0	522	511
0	520	511
0	517	511
0	515	511
0	512	510
0	509	511
0	507	511
0	504	511
0	503	510
0	499	511
0	499	511
0	498	511
0	497	511
0	497	511
0	498	511
0	498	511
0	500	510
0	501	510
0	503	511
0	505	510
0	507	511
0	509	511
0	512	511
0	514	510
0	515	512
0	517	510
0	518	511
0	519	511
0	520	511
0	520	510
0	520	511
0	519	511
0	519	510
0	517	510
0	516	511
0	515	510
0	513	511
0	511	510
0	509	511
0	508	511
0	506	511
0	505	511
0	504	510
0	503	511
0	502	511
0	502	511
0	502	511
0	502	511
0	502	511
0	504	511
0	504	511
0	506	511
0	507	510
0	508	510
0	510	511
0	511	511
0	512	511
0	514	511
0	515	511
0	516	511
0	516	511
0	515	510
0	516	511
0	516	511
0	516	511
0	515	511
0	514	511
0	513	511
0	512	511
0	512	511
0	511	511
0	509	510
0	508	511
0	507	511
0	507	510
0	506	511
0	505	511
0	505	510
0	504	511
0	505	510
0	506	511
0	506	510
0	506	511
0	507	511
0	507	510
0	508	510
0	509	511
0	511	510
0	511	510
0	511	511
0	512	511
0	513	511
0	513	511
0	514	511
0	514	511
0	514	510
0	514	511
0	513	512
0	513	510
0	513	510
0	512	510
0	512	511
0	511	511
0	510	511
0	509	511
0	509	510
0	508	511
0	508	511
0	507	511
0	507	511
0	507	511
0	507	511
0	507	510
0	509	511
0	507	511
0	507	511
0	508	511
0	508	511
0	509	511
0	510	511
0	510	511
0	511	511
0	511	511
0	511	511
0	512	511
0	510	511
0	512	510
0	512	511
0	512	511
0	512	511
0	512	511
0	511	511
0	511	510
0	511	511
0	511	511
0	510	510
0	510	511
0	510	510
0	509	511
0	509	511
0	509	511
0	508	511
0	508	511
0	508	511
0	508	511
0	508	511
0	508	511
0	509	511
0	508	511
0	509	511
0	509	512
0	510	511
0	510	511
0	510	511
0	510	511
0	511	511
0	511	511
0	511	510
0	511	511
0	511	510
0	511	511
0	511	511
0	511	510
0	511	511
0	511	510
0	511	511
0	510	511
0	511	511
0	510	511
0	510	511
0	509	511
0	509	511
0	509	511
0	509	510
0	509	511
0	509	511
0	509	510
0	509	511
0	509	511
0	509	511
0	509	511
0	509	511
0	509	510
0	509	511
0	510	511
0	510	511
0	510	511
0	510	511
0	510	511
0	510	511
0	510	510
0	510	511
0	511	511
0	511	511
0	511	511
0	511	511
0	511	511
0	510	511
0	511	511
0	510	510
0	510	511
0	510	511
0	510	511
0	510	510
0	510	510
0	510	511
0	510	511
0	509	511
0	509	511
0	509	510
0	510	511
0	509	511
0	509	510
0	510	511
0	510	510
0	510	511
0	510	511
0	510	511
0	510	511
0	510	511
0	510	511
0	510	510
0	512	510
0	510	511
0	510	511
0	509	512
0	515	510
0	510	511
0	510	511
0	510	511
0	510	511
0	511	511
0	510	510
0	508	510
0	510	510
0	510	511
0	510	511
0	510	511
0	510	510
0	510	511
0	509	511
0	510	510
0	510	511
0	510	510
0	510	510
0	510	511
0	510	511
0	510	511
0	510	510
0	510	511
0	510	511
0	510	511
0	510	510
0	510	511
0	510	510
0	510	511
0	510	511
0	510	510
0	511	511
0	510	511
0	510	512
0	510	511
0	510	511
0	510	511
0	510	510
0	510	511
0	509	511
0	510	511
0	510	511
0	510	511
0	510	511
0	510	512
0	510	511
0	510	511
0	510	511
0	510	511
0	510	511
0	510	510
0	510	511
0	510	511
0	510	510
0	510	511
0	510	511
0	510	511
0	510	510
0	510	511
0	510	510
0	510	511
0	511	510
0	510	512
0	510	510
0	510	511
0	510	511
0	510	511
0	509	511
0	510	510
0	510	510
0	510	511
0	510	511
0	510	510
0	510	510
0	510	510
0	510	511
0	514	511
0	510	511
0	510	510
0	510	511
0	510	511
0	510	511
0	510	510
0	510	511
0	510	511
0	510	511
0	509	510
0	510	511
0	510	510
0	510	512
0	510	511
0	510	511
0	510	511
0	511	511
0	509	511
0	509	511
0	510	510
0	510	511
0	509	511
0	510	511
0	510	511
0	510	511
0	510	511
0	510	510
0	509	510
0	510	510
0	510	511
0	510	511
0	510	511
0	510	510
0	510	510
0	510	511
0	511	511
0	509	511
0	510	511
0	510	511
0	510	510
0	510	511
0	512	511
0	510	511
0	510	511
0	510	511
0	510	510
0	510	511
0	510	510
0	510	511
0	510	511
0	510	511
0	510	511
0	510	511
0	510	511
0	510	511
0	510	511
0	511	511
0	509	511
0	510	511
0	510	511
0	510	511
0	510	511
0	509	511
0	510	511
0	510	511
0	510	510
0	510	510
0	510	510
0	511	510
0	510	511
0	510	511
0	510	511
0	510	510
0	510	511
0	510	510
0	510	511
0	511	510
0	510	511
0	510	511
0	510	511
0	510	511
0	510	511
0	510	510
0	510	511
0	510	511
0	510	511
0	510	511
0	510	511
0	510	510
0	509	511
0	510	511
0	510	510
0	510	510
0	509	511
0	510	511
0	510	511
0	510	511
0	510	510
0	510	511
0	510	511
0	510	511
0	510	511
0	510	510
0	510	510
0	509	510
0	510	511
0	510	511
0	510	511
0	510	511
0	510	511
0	510	511
0	510	511
0	510	511
0	510	511
0	510	511
0	510	511
0	510	510
0	513	512
0	510	511
0	510	511
0	510	511
0	510	511
0	509	511
0	511	510
0	510	511
0	510	511
0	510	511
0	509	511
0	510	511
0	510	510
0	510	511
0	511	511
0	510	509
0	510	511
0	510	511
0	510	510
0	510	510
0	510	511
0	510	511
0	510	511
0	510	511
0	511	511
0	510	511
0	510	510
0	510	510
0	510	511
0	510	510
0	510	511
0	510	511
0	509	511
0	510	511
0	510	511
0	509	511
0	509	510
0	510	511
0	510	511
0	510	510
0	510	511
0	512	511
0	509	511
0	509	511
0	510	510
0	510	511
0	510	511
0	510	511
0	510	510
0	510	511
0	510	511
0	510	511
0	510	510
0	510	511
0	510	511
0	510	511
0	510	511
0	511	511
0	510	510
0	510	511
0	510	511
0	510	511
0	510	511
0	510	511
0	507	510
0	510	511
0	510	511
0	509	511
0	510	511
0	510	511
0	509	510
0	510	511
0	510	511
0	510	510
0	510	511
0	510	510
0	510	511
0	510	510
0	510	511
0	510	511
0	509	511
0	510	511
0	510	510
0	510	511
0	510	510
0	510	511
0	510	511
0	510	511
0	510	511
0	510	511
0	511	510
0	510	511
0	510	511
0	510	511
0	510	510
0	510	511
0	510	511
0	510	511
0	510	510
0	510	511
0	510	512
0	510	511
0	510	510
0	510	511
0	510	510
0	510	511
0	510	510
0	509	511
0	510	511
0	509	511
0	510	511
0	510	511
0	510	511
0	509	511
0	510	511
0	510	511
0	510	511
0	510	511
0	510	511
0	510	510
0	510	511
0	510	511
0	510	511
0	510	511
0	510	510
0	510	510
0	510	512
0	511	510
