V2_mean	Isense_mean	dt
509	509	500
PWM	V2_read	Isense_read
0	510	510
1	510	510
2	510	510
3	510	509
5	510	509
6	510	509
7	510	510
8	510	510
10	510	509
11	510	509
12	510	510
14	510	510
15	510	509
16	510	510
17	511	510
19	508	510
20	510	509
21	511	510
22	510	509
24	510	510
25	510	510
26	510	510
28	510	509
29	511	509
30	510	510
31	510	510
33	510	509
34	510	509
35	510	509
36	510	510
38	510	510
39	510	509
40	524	510
42	511	510
43	512	510
44	516	510
45	523	510
47	535	509
48	558	510
49	582	510
51	604	510
52	634	510
53	667	510
54	696	511
56	724	510
57	748	511
58	768	511
59	775	511
61	775	511
62	805	510
63	821	512
65	821	511
66	805	511
67	910	525
68	862	524
70	817	527
71	755	512
72	743	511
73	682	526
75	719	512
76	709	513
77	701	513
79	697	513
80	702	513
81	620	529
82	612	528
84	681	513
85	671	514
86	662	514
87	653	515
89	643	515
90	636	515
91	627	515
93	619	516
94	524	517
95	516	528
96	598	517
98	605	518
99	623	519
100	642	519
102	568	530
103	652	521
104	642	520
105	632	521
107	623	522
108	527	526
109	607	523
110	599	524
112	591	524
113	585	526
114	575	526
116	566	527
117	559	528
118	571	532
119	595	531
121	613	534
122	628	532
123	635	535
124	630	534
126	621	536
127	615	537
128	505	525
130	493	527
131	483	526
132	472	526
133	459	525
135	567	543
136	435	525
137	423	527
138	433	525
140	467	528
141	500	526
142	608	550
144	616	550
145	622	551
146	616	549
147	609	552
149	497	550
150	485	525
151	473	525
153	460	526
154	449	524
155	435	526
156	559	553
158	554	554
159	548	555
160	624	559
161	736	556
163	507	526
164	831	555
165	852	553
167	866	552
168	906	550
169	922	549
170	484	523
172	469	525
173	914	549
174	906	549
175	911	549
177	421	524
178	407	525
179	401	525
181	423	528
182	463	526
183	642	554
184	518	528
186	532	526
187	530	527
188	605	551
189	588	551
191	490	527
192	478	525
193	465	527
195	451	525
196	439	527
197	503	551
198	414	525
200	401	527
201	494	552
202	530	551
204	565	549
205	543	534
206	562	533
207	568	533
209	559	533
210	549	534
211	570	544
212	555	544
214	541	544
215	528	544
216	513	544
218	500	544
219	463	535
220	448	534
221	451	537
223	494	541
224	544	543
225	580	543
226	599	543
228	611	542
229	602	541
230	585	542
232	569	541
233	554	541
234	539	542
235	524	542
237	510	541
238	497	542
239	483	542
240	469	542
242	462	542
243	487	543
244	520	545
246	554	544
247	583	544
248	598	543
249	599	542
251	583	541
252	567	542
253	551	543
255	536	541
254	521	543
253	507	542
252	492	543
250	478	542
249	464	542
248	453	542
247	464	544
245	498	546
244	535	545
243	568	545
241	587	544
240	594	543
239	583	542
238	565	543
236	549	544
235	534	544
234	519	542
233	503	543
231	488	543
230	472	543
229	460	543
227	438	541
226	445	547
225	478	546
224	517	545
222	552	546
221	577	545
220	588	544
219	582	544
217	564	544
216	547	546
215	531	546
213	515	547
212	499	548
211	483	549
210	467	550
208	453	551
207	438	552
206	429	554
204	451	556
203	492	555
202	529	554
201	559	553
199	575	553
198	578	552
197	562	552
196	546	553
194	460	530
193	514	554
192	499	555
190	487	556
189	496	557
188	531	557
187	596	557
185	684	558
184	736	560
183	648	561
182	586	560
180	608	560
179	676	559
178	712	558
176	728	557
175	776	558
174	792	558
173	810	557
171	866	555
170	874	556
169	794	559
168	714	560
166	632	562
165	536	560
164	501	565
162	560	565
161	653	565
160	750	564
159	738	563
157	722	563
156	666	561
155	633	561
153	602	561
152	552	561
151	528	561
150	518	560
148	507	560
147	490	556
146	480	559
145	476	552
143	476	557
142	473	552
141	474	562
139	500	560
138	526	561
137	543	555
136	553	556
134	552	554
133	539	552
132	528	550
131	516	550
129	500	547
128	483	545
127	467	542
125	458	539
124	453	536
123	447	534
122	444	534
120	451	538
119	460	538
118	498	541
117	521	538
115	533	537
114	532	532
113	521	535
111	508	532
110	492	532
109	475	530
108	457	529
106	449	527
105	440	525
104	432	524
102	424	523
101	412	522
100	417	523
99	438	524
97	462	523
96	479	522
95	497	522
94	503	521
92	494	520
91	477	519
90	465	520
88	455	518
87	443	519
86	433	518
85	426	518
83	414	517
82	398	516
81	386	516
80	378	516
78	392	517
77	411	516
76	433	516
74	452	515
73	461	515
72	458	515
71	446	515
69	434	514
68	419	514
67	405	514
66	179	513
64	133	515
63	141	517
62	142	514
60	144	514
59	134	513
58	130	513
57	142	512
55	142	513
54	156	514
53	150	512
51	152	513
50	152	512
49	145	512
48	159	512
46	152	512
45	157	513
44	151	512
43	156	511
41	161	513
40	149	512
39	121	512
37	69	510
36	48	511
35	41	510
34	48	510
32	64	511
31	116	511
30	104	510
29	111	511
27	126	510
26	158	511
25	203	511
23	257	510
22	320	510
21	388	510
20	459	511
18	530	511
17	597	511
16	661	510
15	716	511
13	762	511
12	797	511
11	820	511
9	831	511
8	830	510
7	816	510
6	791	511
4	756	511
3	714	510
2	664	510
0	610	511
-1	553	511
-2	496	511
-3	441	511
-5	390	511
-6	347	510
-7	310	511
-8	282	510
-10	263	511
-11	255	511
-12	256	510
-14	267	510
-15	288	511
-16	317	511
-17	351	510
-19	391	511
-20	434	510
-21	480	511
-22	525	511
-24	568	511
-25	608	511
-26	643	511
-28	672	511
-29	692	511
-30	707	511
-31	713	511
-33	711	510
-34	701	510
-35	683	511
-36	659	510
-38	629	511
-39	595	510
-40	558	510
-42	521	510
-43	483	511
-44	467	507
-45	444	508
-47	367	509
-48	330	511
-49	294	510
-51	263	511
-52	238	509
-53	221	510
-54	221	509
-56	201	509
-57	177	509
-58	294	500
-59	348	499
-61	210	508
-62	226	509
-63	241	509
-65	256	509
-66	269	508
-67	283	509
-68	295	509
-70	279	494
-71	314	508
-72	311	508
-73	211	493
-75	322	508
-76	217	491
-77	344	507
-79	356	507
-80	242	490
-81	377	507
-82	255	492
-84	398	506
-85	408	505
-86	278	492
-87	428	505
-89	292	490
-90	436	504
-91	421	504
-93	259	490
-94	393	503
-95	257	491
-96	409	503
-98	422	502
-99	285	491
-100	445	501
-102	458	500
-103	313	493
-104	481	500
-105	333	492
-107	505	499
-108	516	498
-109	526	498
-110	514	495
-112	314	493
-113	465	494
-114	285	491
-116	449	494
-117	463	493
-118	309	492
-119	492	491
-121	506	488
-122	347	493
-123	533	489
-124	370	495
-126	558	489
-127	393	492
-128	581	487
-130	592	488
-131	383	491
-132	547	479
-133	327	491
-135	500	479
-136	491	479
-137	325	492
-138	516	476
-140	530	476
-141	543	474
-142	555	472
-144	391	494
-145	576	474
-146	415	495
-147	599	471
-149	610	473
-150	441	494
-151	599	466
-153	386	492
-154	546	462
-155	521	466
-156	335	494
-158	519	465
-159	361	495
-160	550	467
-161	566	464
-163	402	495
-164	604	467
-165	427	495
-167	628	465
-168	642	466
-169	464	496
-170	666	463
-172	443	490
-173	687	465
-174	693	467
-175	351	491
-177	690	468
-178	349	491
-179	667	472
-181	651	472
-182	392	490
-183	589	471
-184	420	491
-186	433	470
-187	608	470
-188	459	492
-189	661	471
-191	677	469
-192	557	466
-193	481	466
-195	401	491
-196	413	468
-197	361	490
-198	400	470
-200	416	471
-201	395	492
-202	446	471
-204	425	491
-205	474	471
-206	488	471
-207	469	489
-209	515	471
-210	495	491
-211	540	470
-212	528	469
-214	466	485
-215	459	472
-216	407	484
-218	409	474
-219	405	475
-220	405	484
-221	435	476
-223	450	475
-224	466	477
-225	480	477
-226	488	481
-228	508	478
-229	516	481
-230	535	477
-232	549	477
-233	541	478
-234	515	476
-235	477	476
-237	445	476
-238	423	477
-239	414	477
-240	425	477
-242	441	478
-243	458	478
-244	473	478
-246	489	477
-247	503	478
-248	518	478
-249	532	478
-251	545	478
-252	559	478
-253	561	477
-255	533	475
-254	496	475
-253	462	476
-252	437	475
-250	423	477
-249	430	478
-248	446	478
-247	462	477
-245	477	477
-244	492	477
-243	507	477
-241	522	477
-240	536	477
-239	550	477
-238	564	478
-236	573	476
-235	552	475
-234	517	474
-233	479	475
-231	449	475
-230	432	475
-229	429	476
-227	444	478
-226	461	477
-225	477	476
-224	493	475
-222	508	475
-221	523	473
-220	539	472
-219	552	471
-217	566	471
-216	579	469
-215	573	467
-213	539	467
-212	499	469
-211	465	468
-210	442	469
-208	432	469
-207	442	469
-206	458	469
-204	474	469
-203	490	468
-202	505	467
-201	520	466
-199	534	466
-198	550	464
-197	568	464
-196	604	464
-194	634	462
-193	592	460
-192	525	461
-190	484	462
-189	462	462
-188	453	463
-187	390	489
-185	488	464
-184	540	465
-183	579	465
-182	632	465
-180	716	466
-179	838	466
-178	852	463
-176	807	461
-175	766	459
-174	760	459
-173	756	454
-171	747	457
-170	732	457
-169	696	459
-168	655	459
-166	635	459
-165	631	459
-164	651	457
-162	664	460
-161	666	458
-160	669	458
-159	678	458
-157	686	456
-156	689	460
-155	699	460
-153	714	465
-152	728	459
-151	698	460
-150	656	457
-148	638	457
-147	609	458
-146	590	459
-145	589	463
-143	602	461
-142	620	468
-141	635	463
-139	645	467
-138	651	471
-137	661	468
-136	676	474
-134	693	476
-133	709	480
-132	724	482
-131	719	477
-129	680	476
-128	638	474
-127	611	476
-125	372	478
-124	366	488
-123	590	481
-122	602	480
-120	612	482
-119	620	487
-118	429	486
-117	441	486
-115	453	485
-114	675	492
-113	689	493
-111	483	485
-110	483	483
-109	456	481
-108	643	491
-106	602	492
-105	370	492
-104	361	484
-102	364	483
-101	375	486
-100	387	482
-99	601	497
-97	410	484
-96	421	480
-95	646	499
-94	662	501
-92	676	500
-91	457	478
-90	704	501
-88	701	500
-87	672	502
-86	631	501
-85	594	502
-83	572	501
-82	565	503
-81	577	503
-80	593	503
-78	609	503
-77	406	471
-76	643	504
-74	656	505
-73	671	505
-72	686	504
-71	520	471
-69	711	505
-68	720	506
-67	711	505
-66	677	505
-64	647	505
-63	629	507
-62	613	506
-60	615	506
-59	637	506
-58	734	509
-57	874	507
-55	912	507
-54	922	505
-53	922	506
-51	925	507
-50	936	507
-49	943	507
-48	999	507
-46	1023	507
-45	1023	507
-44	701	507
-43	858	392
-41	1018	508
-40	1020	508
-39	1006	509
-37	997	508
-36	937	506
-35	965	509
-34	934	507
-32	912	508
-31	846	508
-30	763	508
-29	758	509
-27	741	509
-26	716	508
-25	683	509
-23	647	509
-22	603	509
-21	558	508
-20	512	508
-18	469	509
-17	427	508
-16	389	508
-15	358	508
-13	335	509
-12	316	508
-11	306	509
-9	305	509
-8	312	509
-7	325	508
-6	346	509
-4	372	509
-3	402	509
-2	436	509
0	472	509
1	528	509
2	562	509
3	593	510
5	623	509
6	644	510
7	659	510
8	669	510
10	673	510
11	670	510
12	661	511
14	646	510
15	627	510
16	604	509
17	578	510
19	550	510
20	521	510
21	493	510
22	466	510
24	441	510
25	420	510
26	403	509
28	391	510
29	382	509
30	379	510
31	382	509
33	389	510
34	400	510
35	417	509
36	437	510
38	459	510
39	482	510
40	505	510
42	530	509
43	552	509
44	572	510
45	592	510
47	609	510
48	627	510
49	646	510
51	663	510
52	682	511
53	705	510
54	725	510
56	740	510
57	752	511
58	761	510
59	761	511
61	754	510
62	785	511
63	807	511
65	807	510
66	946	521
67	904	524
68	856	523
70	812	527
71	743	525
72	738	512
73	728	512
75	715	512
76	706	513
77	696	512
79	609	513
80	598	525
81	588	530
82	591	528
84	684	514
85	689	514
86	608	528
87	597	529
89	664	515
90	656	514
91	647	516
93	555	529
94	630	517
95	622	516
96	613	517
98	605	517
99	510	518
100	502	526
102	596	519
103	615	521
104	634	520
105	647	522
107	569	528
108	643	522
109	633	523
110	624	523
112	615	524
113	519	528
114	600	527
116	593	526
117	583	528
118	577	528
119	464	530
121	558	528
122	564	534
123	589	535
124	609	536
126	623	538
127	553	527
128	633	538
130	624	539
131	617	538
132	609	543
133	496	526
135	484	526
136	473	524
137	461	526
138	448	524
140	562	546
141	424	525
142	426	527
144	456	525
145	493	527
146	519	526
147	613	553
149	622	551
150	614	551
151	605	552
153	597	553
154	489	554
155	477	526
156	464	524
158	451	526
159	439	524
160	425	525
161	557	552
163	556	557
164	687	557
165	824	555
167	868	554
168	524	526
169	952	550
170	966	548
172	975	548
173	914	550
174	874	550
175	476	525
177	463	525
178	451	526
179	790	550
181	800	551
182	413	525
183	401	527
184	420	528
186	453	527
187	490	528
188	613	553
189	532	526
191	534	527
192	522	526
193	508	527
195	495	527
196	558	549
197	545	549
198	531	549
200	518	549
201	505	549
202	429	549
204	412	527
205	426	531
206	469	534
207	515	534
209	545	535
210	608	546
211	615	545
212	604	544
214	587	544
215	573	544
216	541	537
218	545	543
219	532	543
220	517	543
221	503	544
223	489	544
224	459	536
225	451	538
226	488	542
228	532	544
229	565	543
230	593	543
232	607	542
233	604	542
234	588	541
235	572	542
237	556	542
238	540	541
239	526	542
240	512	541
242	498	542
243	484	542
244	472	542
246	458	542
247	470	544
248	505	544
249	542	544
251	573	544
252	592	543
253	598	542
255	587	542
254	569	543
253	554	542
252	538	542
250	523	542
249	508	542
248	493	543
247	479	542
245	465	543
244	452	542
243	453	543
241	484	545
240	523	545
239	557	544
238	583	544
236	593	543
235	586	542
234	568	543
233	553	543
231	537	543
230	522	543
229	506	542
227	491	542
226	477	544
225	453	541
224	447	545
222	416	538
221	466	548
220	506	547
219	543	546
217	570	546
216	585	546
215	583	545
213	567	545
212	522	538
211	533	547
210	517	547
208	501	549
207	486	549
206	470	551
204	455	552
203	440	553
202	426	555
201	441	558
199	478	556
198	518	555
197	480	532
196	572	554
194	579	553
193	566	554
192	548	554
190	533	555
189	519	555
188	510	555
187	512	556
185	536	557
184	625	557
183	710	557
182	792	555
180	834	558
179	810	560
178	719	562
176	702	560
175	792	559
174	835	557
173	856	556
171	866	556
170	906	556
169	922	555
168	890	555
166	818	558
165	712	560
164	632	561
162	556	562
161	494	560
160	488	564
159	484	564
157	552	568
156	635	563
155	642	566
153	626	562
152	582	561
151	558	561
150	546	559
148	538	563
147	530	559
146	515	561
145	501	557
143	490	559
142	479	552
141	470	550
139	471	550
138	470	549
137	465	560
136	494	554
134	526	559
133	539	552
132	547	552
131	546	552
129	536	547
128	524	550
127	514	545
125	499	545
124	478	541
123	462	538
122	454	539
120	450	534
119	442	532
118	437	530
117	443	533
115	454	538
114	482	535
113	510	535
111	525	533
110	528	530
109	518	530
108	504	529
106	492	528
105	474	526
104	458	527
102	448	524
101	437	524
100	429	522
99	421	521
97	412	521
96	407	520
95	426	522
94	449	522
92	470	521
91	484	519
90	494	520
88	489	518
87	473	518
86	463	518
85	452	517
83	442	517
82	429	516
81	416	517
80	405	517
78	395	516
77	382	515
76	373	515
74	379	515
73	395	515
72	416	515
71	435	515
69	448	514
68	448	514
67	437	514
66	277	512
64	150	514
63	149	514
62	145	514
60	157	518
59	138	513
58	129	513
57	135	513
55	139	513
54	148	511
53	142	512
51	158	513
50	146	513
49	142	512
48	153	512
46	146	512
45	152	513
44	154	512
43	159	511
41	163	512
40	150	511
39	116	511
37	65	511
36	44	511
35	38	511
34	45	510
32	71	511
31	121	511
30	109	511
29	111	510
27	128	510
26	159	511
25	203	511
23	256	510
22	318	510
21	384	511
20	454	510
18	524	511
17	592	510
16	655	511
15	710	509
13	757	510
12	792	511
11	815	511
9	828	511
8	827	511
7	814	510
6	791	511
4	757	511
3	715	510
2	667	510
0	614	511
-1	557	510
-2	500	511
-3	445	511
-5	395	511
-6	351	510
-7	314	510
-8	285	511
-10	266	510
-11	257	510
-12	262	511
-14	269	511
-15	289	511
-16	316	511
-17	350	510
-19	390	510
-20	432	511
-21	477	509
-22	524	510
-24	566	511
-25	606	510
-26	641	511
-28	670	510
-29	690	511
-30	705	511
-31	711	511
-33	711	510
-34	700	510
-35	683	510
-36	658	511
-38	629	511
-39	596	510
-40	559	510
-42	522	511
-43	484	510
-44	444	510
-45	445	508
-47	368	511
-48	331	509
-49	294	509
-51	264	510
-52	280	502
-53	225	510
-54	196	509
-56	167	510
-57	165	510
-58	176	509
-59	193	509
-61	211	510
-62	227	508
-63	242	509
-65	257	508
-66	271	508
-67	283	509
-68	297	509
-70	309	508
-71	319	508
-72	236	491
-73	341	508
-75	227	491
-76	339	507
-77	334	508
-79	340	507
-80	229	490
-81	362	507
-82	374	506
-84	385	506
-85	261	491
-86	405	505
-87	277	490
-89	427	505
-90	437	504
-91	446	505
-93	309	491
-94	456	503
-95	437	502
-96	418	502
-98	406	502
-99	262	491
-100	418	501
-102	431	501
-103	443	500
-104	301	491
-105	468	499
-107	322	491
-108	333	497
-109	505	499
-110	355	494
-112	528	498
-113	373	491
-114	530	493
-116	504	493
-117	303	494
-118	462	492
-119	290	491
-121	470	490
-122	485	491
-123	328	494
-124	513	487
-126	353	492
-127	541	484
-128	553	487
-130	565	486
-131	400	495
-132	587	486
-133	597	481
-135	587	480
-136	369	494
-137	527	475
-138	322	492
-140	494	473
-141	500	476
-142	342	494
-144	529	470
-145	369	494
-146	553	473
-147	563	470
-149	408	493
-150	585	468
-151	433	495
-153	610	471
-154	621	467
-155	435	493
-156	590	463
-158	372	495
-159	531	464
-160	518	463
-161	348	494
-163	542	467
-164	376	496
-165	585	464
-167	605	466
-168	412	495
-169	621	466
-170	434	492
-172	649	466
-173	659	467
-174	471	493
-175	686	464
-177	417	489
-178	725	470
-179	672	469
-181	625	471
-182	349	491
-183	547	471
-184	535	470
-186	522	470
-187	409	492
-188	500	469
-189	436	491
-191	536	469
-192	541	469
-193	563	469
-195	487	491
-196	542	466
-197	489	465
-198	453	467
-200	386	491
-201	404	469
-202	364	491
-204	413	471
-205	429	471
-206	414	490
-207	458	472
-209	445	488
-210	486	472
-211	500	472
-212	485	489
-214	526	472
-215	511	489
-216	537	470
-218	507	471
-219	454	482
-220	438	474
-221	403	482
-223	406	476
-224	416	478
-225	427	481
-226	448	478
-228	461	480
-229	479	478
-230	493	478
-232	506	479
-233	521	478
-234	533	480
-235	549	479
-237	553	477
-238	526	477
-239	489	476
-240	455	476
-242	430	477
-243	417	477
-244	423	477
-246	440	478
-247	456	478
-248	471	478
-249	486	478
-251	501	478
-252	516	478
-253	531	478
-255	544	477
-254	557	478
-253	568	477
-252	545	475
-250	509	475
-249	473	475
-248	444	475
-247	427	476
-245	426	477
-244	442	477
-243	458	477
-241	474	477
-240	489	477
-239	504	477
-238	519	477
-236	534	477
-235	547	476
-234	561	477
-233	573	476
-231	565	475
-230	529	474
-229	491	475
-227	459	475
-226	438	474
-225	429	475
-224	440	476
-222	457	476
-221	474	475
-220	488	474
-219	505	473
-217	520	472
-216	534	471
-215	549	470
-213	563	470
-212	576	469
-211	580	466
-210	552	465
-208	512	466
-207	477	466
-206	449	467
-204	434	468
-203	437	468
-202	452	467
-201	469	467
-199	485	466
-198	500	466
-197	515	466
-196	530	465
-194	549	464
-193	593	464
-192	657	465
-190	738	464
-189	741	462
-188	479	488
-187	527	461
-185	500	462
-184	518	462
-183	533	464
-182	569	465
-180	413	488
-179	687	466
-178	738	466
-176	818	466
-175	812	463
-174	483	488
-173	747	460
-171	744	459
-170	742	456
-169	744	455
-168	499	454
-166	703	454
-165	669	456
-164	644	456
-162	623	455
-161	611	460
-160	622	460
-159	632	456
-157	641	459
-156	656	459
-155	669	456
-153	674	460
-152	676	460
-151	691	465
-150	708	465
-148	723	461
-147	708	464
-146	664	458
-145	638	459
-143	611	461
-142	594	459
-141	586	467
-139	597	465
-138	613	468
-137	627	470
-136	637	466
-134	646	473
-133	656	474
-132	670	477
-131	686	478
-129	702	479
-128	715	485
-127	720	482
-125	471	486
-124	648	476
-123	612	480
-122	591	480
-120	578	482
-119	370	485
-118	590	483
-117	600	487
-115	606	487
-114	622	489
-113	435	484
-111	445	488
-110	457	483
-109	467	487
-108	695	496
-106	485	496
-105	467	479
-104	432	482
-102	404	481
-101	378	481
-100	363	484
-99	555	497
-97	565	497
-96	580	498
-95	595	498
-94	611	499
-92	416	479
-91	642	500
-90	657	501
-88	671	501
-87	685	503
-86	699	503
-85	709	502
-83	687	501
-82	650	502
-81	615	502
-80	587	503
-78	573	503
-77	580	503
-76	597	504
-74	613	504
-73	631	504
-72	646	505
-71	660	505
-69	673	505
-68	689	506
-67	695	505
-66	701	506
-64	750	471
-63	709	506
-62	695	505
-60	811	506
-59	882	506
-58	681	484
-57	890	506
-55	896	504
-54	894	507
-53	896	507
-51	883	507
-50	892	507
-49	894	507
-48	936	507
-46	981	507
-45	1007	507
-44	1013	508
-43	1010	508
-41	990	508
-40	992	508
-39	974	508
-37	968	509
-36	948	509
-35	934	510
-34	909	508
-32	881	508
-31	784	508
-30	764	508
-29	751	509
-27	730	509
-26	702	509
-25	666	508
-23	627	509
-22	581	509
-21	536	509
-20	491	509
-18	447	508
-17	410	509
-16	373	509
-15	346	508
-13	323	509
-12	310	508
-11	306	509
-9	307	509
-8	316	509
-7	334	509
-6	357	509
-4	385	508
-3	418	508
-2	453	509
0	490	509
1	543	509
2	577	510
3	606	509
5	632	510
6	652	510
7	666	510
8	673	510
10	674	510
11	668	510
12	657	510
14	640	509
15	618	510
16	594	510
17	567	510
19	538	510
20	505	510
21	480	509
22	454	510
24	431	509
25	411	510
26	396	509
28	386	510
29	379	510
30	379	509
31	383	509
33	393	510
34	407	510
35	424	510
36	445	509
38	467	510
39	491	510
40	515	509
42	539	510
43	560	510
44	579	509
45	597	510
47	614	510
48	630	510
49	648	510
51	663	510
52	681	510
53	704	510
54	723	510
56	737	510
57	749	510
58	757	510
59	757	510
61	749	511
62	784	511
63	805	511
65	804	512
66	797	512
67	789	511
68	781	511
70	769	511
71	751	527
72	716	527
73	687	526
75	662	528
76	640	526
77	701	512
79	614	528
80	604	529
81	594	526
82	583	529
84	653	513
85	564	530
86	571	530
87	583	527
89	676	515
90	677	515
91	591	529
93	658	515
94	650	516
95	640	516
96	631	516
98	622	518
99	530	528
100	521	527
102	600	519
103	594	519
104	585	520
105	493	529
107	602	523
108	624	522
109	639	524
110	647	524
112	641	524
113	552	528
114	623	527
116	614	527
117	607	529
118	600	531
119	495	526
121	584	531
122	575	531
123	566	530
124	558	533
126	449	525
127	579	538
128	602	542
130	618	539
131	630	542
132	549	539
133	535	526
135	522	524
136	510	527
137	498	525
138	486	526
140	587	545
141	578	550
142	570	544
144	563	547
145	555	549
146	419	527
147	554	554
149	585	556
150	596	554
151	605	555
153	612	552
154	532	525
155	518	524
156	505	526
158	491	523
159	481	525
160	670	555
161	655	553
163	639	554
164	641	553
165	622	554
167	406	523
168	731	556
169	883	554
170	959	551
172	990	551
173	954	550
174	533	526
175	517	524
177	505	525
178	494	525
179	481	526
181	680	551
182	456	526
183	650	552
184	656	552
186	664	552
187	644	552
188	408	526
189	440	528
191	478	526
192	509	528
193	528	527
195	616	550
196	539	528
197	527	528
198	576	548
200	562	548
201	548	547
202	484	531
204	470	529
205	458	530
206	443	528
207	429	529
209	477	550
210	505	549
211	543	548
212	573	547
214	601	545
215	586	537
216	608	543
218	593	543
219	578	542
220	563	542
221	549	542
223	529	540
224	520	542
225	506	542
226	493	542
228	479	543
229	459	542
230	478	542
232	516	544
233	551	543
234	584	543
235	601	543
237	605	542
238	592	542
239	575	541
240	559	542
242	544	542
243	529	542
244	514	542
246	500	542
247	486	542
248	472	541
249	460	542
251	460	544
252	489	544
253	527	545
255	559	544
254	584	544
253	596	543
252	589	542
250	573	543
249	557	542
248	541	542
247	526	543
245	507	543
244	496	543
243	482	543
241	468	542
240	455	542
239	448	543
238	472	545
236	510	545
235	546	545
234	574	544
233	589	544
231	590	543
230	571	543
229	555	543
227	539	543
226	523	543
225	508	544
224	490	543
222	478	544
221	463	546
220	448	548
219	437	548
217	455	550
216	490	549
215	534	547
213	561	548
212	578	548
211	584	547
210	570	548
208	554	547
207	537	549
206	521	550
204	506	550
203	489	551
202	474	552
201	459	553
199	362	528
198	433	556
197	440	559
196	467	559
194	508	556
193	542	557
192	564	557
190	577	556
189	572	555
188	558	555
187	544	556
185	532	557
184	536	557
183	562	557
182	618	557
180	699	558
179	810	557
178	858	554
176	790	560
175	831	559
174	882	561
173	824	560
171	874	559
170	943	557
169	968	555
168	952	554
166	915	555
165	858	558
164	810	558
162	738	561
161	636	563
160	562	560
159	503	563
157	491	560
156	484	562
155	482	562
153	486	568
152	511	563
151	549	567
150	547	562
148	554	563
147	554	559
146	547	560
145	539	559
143	529	559
142	510	558
141	499	556
139	491	558
138	475	548
137	467	550
136	468	545
134	465	546
133	464	549
132	470	551
131	509	553
129	528	550
128	539	553
127	544	546
125	536	545
124	523	543
123	510	543
122	495	541
120	479	539
119	337	530
118	452	532
117	447	533
115	441	530
114	434	529
113	434	529
111	447	532
110	463	532
109	498	531
108	516	531
106	525	529
105	516	528
104	502	525
102	488	527
101	472	524
100	458	525
99	449	522
97	439	522
96	429	520
95	420	521
94	411	520
92	403	519
91	411	520
90	435	519
88	456	520
87	473	518
86	482	518
85	484	517
83	474	517
82	461	516
81	449	516
80	438	516
78	427	516
77	412	516
76	401	515
74	392	514
73	380	515
72	370	515
71	366	515
69	256	512
68	142	514
67	132	514
66	156	517
64	171	515
63	175	514
62	185	514
60	187	514
59	197	513
58	178	513
57	181	513
55	178	513
54	174	512
53	179	513
51	178	512
50	187	511
49	173	511
48	182	513
46	177	512
45	188	511
44	142	511
43	119	511
41	108	511
40	101	511
39	79	510
37	31	511
36	0	511
35	0	512
34	0	512
32	9	511
31	22	511
30	45	511
29	84	511
27	139	511
26	205	510
25	280	510
23	364	510
22	448	511
21	534	511
20	617	511
18	693	510
17	760	510
16	815	511
15	858	511
13	885	510
12	898	510
11	897	511
9	881	510
8	851	511
7	810	511
6	758	511
4	699	511
3	633	511
2	565	510
0	496	510
-1	429	510
-2	368	511
-3	314	510
-5	268	510
-6	234	510
-7	212	510
-8	201	511
-10	202	511
-11	215	511
-12	239	510
-14	272	511
-15	313	511
-16	362	511
-17	413	510
-19	469	510
-20	524	511
-21	577	510
-22	625	510
-24	668	511
-25	706	511
-26	732	510
-28	748	511
-29	756	511
-30	754	511
-31	743	510
-33	725	510
-34	696	511
-35	662	511
-36	625	510
-38	579	510
-39	533	511
-40	491	511
-42	450	511
-43	410	510
-44	373	510
-45	339	510
-47	310	510
-48	282	509
-49	258	510
-51	280	503
-52	230	509
-53	229	509
-54	207	509
-56	181	509
-57	181	509
-58	192	509
-59	206	510
-61	219	510
-62	232	509
-63	247	508
-65	261	508
-66	275	508
-67	286	508
-68	300	508
-70	312	507
-71	245	491
-72	333	508
-73	237	493
-75	355	507
-76	365	507
-77	248	492
-79	374	507
-80	234	488
-81	356	506
-82	356	507
-84	368	505
-85	248	490
-86	389	506
-87	265	492
-89	413	506
-90	281	492
-91	434	503
-93	297	491
-94	454	504
-95	464	503
-96	325	491
-98	477	502
-99	301	490
-100	436	500
-102	421	500
-103	267	491
-104	277	492
-105	439	498
-107	297	492
-108	466	499
-109	319	492
-110	491	496
-112	343	491
-113	515	496
-114	527	495
-116	540	495
-117	551	495
-118	371	490
-119	522	488
-121	498	490
-122	300	493
-123	468	488
-124	306	492
-126	491	488
-127	506	486
-128	520	485
-130	534	485
-131	371	494
-132	559	481
-133	395	492
-135	407	493
-136	591	481
-137	428	494
-138	597	477
-140	383	492
-141	537	468
-142	332	494
-144	498	474
-145	499	469
-146	345	494
-147	525	471
-149	373	496
-150	551	468
-151	566	468
-153	576	469
-154	591	467
-155	436	496
-156	614	468
-158	627	465
-159	444	494
-160	602	462
-161	385	493
-163	545	462
-164	536	464
-165	348	494
-167	364	495
-168	569	465
-169	387	493
-170	614	467
-172	409	492
-173	666	468
-174	434	490
-175	679	468
-177	684	467
-178	470	491
-179	763	465
-181	425	489
-182	610	468
-183	555	468
-184	512	469
-186	350	491
-187	451	470
-188	381	492
-189	456	469
-191	410	491
-192	469	469
-193	439	492
-195	498	469
-196	508	469
-197	477	491
-198	539	469
-200	485	492
-201	496	466
-202	460	468
-204	428	468
-205	377	489
-206	400	472
-207	412	472
-209	428	473
-210	419	488
-211	458	473
-212	450	486
-214	487	473
-215	500	473
-216	514	473
-218	505	486
-219	517	487
-220	543	472
-221	515	472
-223	465	481
-224	443	475
-225	415	480
-226	408	477
-228	417	478
-229	433	478
-230	450	478
-232	464	479
-233	480	479
-234	494	478
-235	508	479
-237	523	478
-238	536	478
-239	551	478
-240	556	477
-242	532	476
-243	494	475
-244	461	476
-246	433	477
-247	420	477
-248	423	478
-249	440	477
-251	456	478
-252	472	477
-253	487	477
-255	502	477
-254	517	477
-253	531	477
-252	545	477
-250	558	478
-249	569	477
-248	550	474
-247	512	475
