V2_mean	Isense_mean	dt
510	509	500
PWM	V2_read	Isense_read
0	510	509
0	510	509
0	509	509
0	510	509
20	509	510
20	508	509
20	508	510
20	510	509
22	510	510
22	510	509
22	510	510
22	510	509
24	510	509
24	510	510
24	510	509
24	510	510
26	510	509
26	511	509
26	510	509
26	514	510
28	514	510
28	510	509
28	515	509
28	516	509
30	516	509
30	511	509
30	511	510
30	511	510
32	510	509
32	511	509
32	510	510
32	510	509
35	510	509
35	510	510
35	510	510
35	520	509
37	509	509
37	510	509
37	522	509
37	510	510
39	524	509
39	510	509
39	525	509
39	511	510
41	525	509
41	512	509
41	528	509
41	513	510
43	529	510
43	517	509
43	521	510
43	540	511
45	543	510
45	536	510
45	545	509
45	575	513
48	556	510
48	625	516
48	591	511
48	598	513
50	606	510
50	559	518
50	547	516
50	542	516
52	628	510
52	506	521
52	636	509
52	495	522
54	628	511
54	482	523
54	631	511
54	467	521
56	620	511
56	569	511
56	549	523
56	616	511
58	574	511
58	634	524
58	602	510
58	734	510
61	666	526
61	473	510
61	458	511
61	504	577
63	423	511
63	448	510
63	496	576
63	433	510
65	451	511
65	497	580
65	443	510
65	459	510
67	502	582
67	452	510
67	463	510
67	501	585
69	457	511
69	467	510
69	499	581
69	466	511
71	464	510
71	496	580
71	472	510
71	465	511
74	497	577
74	479	510
74	467	511
74	491	577
76	485	510
76	471	511
76	488	580
76	488	509
78	472	510
78	487	581
78	491	510
78	475	510
80	488	582
80	494	510
80	478	510
80	491	582
82	496	510
82	480	510
82	492	582
82	498	510
84	482	510
84	493	583
84	500	510
84	484	511
87	495	582
87	502	510
87	485	510
87	496	580
89	503	510
89	487	510
89	497	579
89	505	510
91	488	510
91	498	579
91	506	510
91	489	510
93	499	579
93	508	510
93	490	510
93	500	577
95	508	510
95	491	509
95	501	576
95	509	510
97	492	510
97	501	575
97	510	509
97	492	510
100	503	579
100	512	509
100	493	509
100	502	581
102	513	509
102	493	510
102	504	580
102	513	509
104	494	510
104	505	580
104	515	509
104	494	509
106	505	580
106	516	509
106	495	509
106	506	582
108	516	509
108	494	510
108	506	582
108	517	509
110	496	509
110	507	581
110	518	508
110	496	509
113	507	581
113	519	508
113	496	508
113	507	580
115	520	508
115	497	509
115	508	581
115	521	508
117	497	508
117	509	579
117	523	507
117	497	508
119	510	578
119	523	507
119	497	509
119	512	577
121	525	507
121	499	508
121	511	576
121	525	507
123	499	508
123	511	581
123	526	506
123	499	509
126	511	581
126	528	506
126	499	508
126	513	579
128	527	506
128	499	507
128	515	576
128	529	505
130	499	508
130	514	576
130	531	505
130	499	507
132	515	576
132	531	505
132	499	506
132	515	575
134	531	504
134	500	507
134	517	577
134	531	503
136	499	507
136	504	507
136	523	509
136	498	507
138	502	508
138	316	510
138	498	507
138	502	508
141	523	582
141	497	508
141	501	508
141	528	513
143	497	508
143	500	508
143	524	503
143	496	509
145	500	509
145	520	504
145	488	510
145	498	509
147	520	504
147	538	589
147	498	509
147	516	504
149	508	512
149	500	509
149	514	504
149	510	502
151	498	510
151	511	505
151	508	503
151	485	510
154	511	506
154	506	502
154	544	510
154	507	506
156	506	503
156	507	510
156	499	509
156	502	508
158	507	507
158	539	510
158	499	509
158	503	508
160	509	507
160	491	509
160	500	509
160	505	508
162	511	509
162	499	509
162	501	509
162	503	501
164	402	521
164	501	506
164	507	508
164	513	508
167	501	509
167	497	504
167	496	499
167	405	536
169	500	509
169	506	508
169	515	508
169	499	507
171	498	503
171	488	499
171	440	543
171	496	507
173	492	503
173	496	500
173	595	507
173	498	506
175	502	500
175	459	510
175	501	507
175	500	505
177	469	502
177	408	583
177	489	508
177	480	504
180	450	502
180	383	618
180	489	507
180	450	506
182	387	504
182	477	571
182	475	509
182	459	508
184	439	506
184	506	507
184	510	507
184	514	508
186	502	509
186	496	508
186	493	507
186	507	508
188	507	508
188	510	508
188	500	501
188	500	499
190	499	507
190	501	508
190	501	508
190	501	507
193	505	508
193	506	508
193	508	508
193	500	502
195	503	500
195	505	500
195	505	500
195	504	500
197	505	500
197	505	500
197	505	500
197	506	500
199	505	500
199	506	500
199	508	499
199	507	499
201	500	521
201	410	509
201	493	508
201	502	509
203	502	507
203	506	499
203	506	501
203	504	502
206	504	502
206	504	504
206	503	505
206	504	505
208	503	506
208	506	508
208	508	507
208	508	508
210	504	503
210	504	504
210	503	505
210	506	509
212	505	509
212	505	509
212	502	509
212	502	509
214	502	507
214	516	505
214	516	505
214	515	506
216	505	507
216	507	500
216	506	500
216	490	583
219	500	518
219	502	519
219	502	518
219	502	520
221	502	513
221	501	528
221	501	520
221	502	523
223	501	522
223	502	526
223	501	525
223	501	526
225	501	524
225	500	528
225	501	525
225	501	526
227	501	528
227	501	531
227	500	532
227	501	532
229	501	533
229	501	531
229	501	531
229	500	530
232	501	531
232	442	521
232	442	519
232	441	518
255	503	510
255	506	501
255	503	508
255	504	503
232	503	506
232	503	508
232	504	507
232	503	508
229	505	508
229	503	507
229	503	508
229	503	508
227	503	508
227	503	507
227	504	507
227	504	507
225	504	507
225	504	507
225	504	507
225	507	507
223	507	508
223	507	507
223	504	505
223	505	505
221	505	504
221	510	506
221	509	505
221	510	506
219	506	503
219	506	503
219	506	503
219	514	504
216	514	505
216	514	505
216	508	499
216	507	499
214	507	500
214	507	500
214	505	502
214	506	503
212	505	503
212	505	504
212	504	504
212	505	505
210	505	504
210	504	504
210	504	504
210	504	507
208	504	508
208	503	508
208	503	508
208	503	508
206	503	509
206	503	508
206	501	508
206	503	508
203	503	509
203	503	508
203	503	509
203	503	509
201	505	510
201	505	509
201	505	510
201	503	508
199	505	509
199	504	508
199	505	510
199	505	509
197	505	509
197	504	506
197	504	505
197	504	505
195	511	507
195	514	506
195	514	507
195	506	506
193	508	589
193	477	566
193	437	509
193	503	509
190	503	509
190	502	508
190	503	508
190	503	507
188	503	507
188	502	506
188	502	504
188	501	501
186	501	501
186	478	498
186	379	609
186	498	508
184	496	507
184	463	506
184	454	504
184	447	502
182	439	499
182	373	607
182	445	506
182	407	502
180	388	502
180	484	509
180	504	508
180	507	509
177	357	509
177	492	508
177	476	505
177	510	508
175	488	509
175	503	509
175	489	500
175	459	510
173	501	507
173	508	508
173	515	507
173	518	509
171	500	507
171	493	500
171	485	509
171	500	508
169	494	505
169	499	501
169	490	604
169	500	507
167	500	503
167	496	499
167	403	540
167	499	506
164	497	504
164	507	499
164	556	507
164	504	509
162	509	508
162	508	578
162	502	509
162	505	509
160	510	507
160	539	509
160	502	509
160	506	508
158	512	507
158	469	510
158	503	509
158	507	508
156	514	508
156	505	507
156	506	506
156	508	502
154	470	509
154	503	509
154	506	508
154	507	594
151	508	507
151	514	505
151	517	511
151	512	508
149	514	505
149	519	501
149	516	508
149	515	506
147	508	508
147	511	580
147	501	509
147	519	505
145	522	502
145	521	508
145	521	506
145	523	503
143	526	511
143	522	507
143	524	506
143	526	503
141	522	590
141	524	507
141	526	505
141	529	503
138	298	510
138	526	507
138	528	506
138	532	503
136	526	508
136	528	507
136	527	505
136	542	513
134	527	508
134	529	507
134	532	505
134	530	579
132	529	508
132	504	508
132	509	507
132	505	507
130	536	547
130	534	504
130	529	507
130	533	535
128	533	505
128	528	507
128	517	579
128	507	506
126	500	508
126	536	513
126	529	506
126	530	507
123	536	513
123	527	507
123	546	508
123	511	506
121	502	508
121	537	509
121	530	506
121	524	508
119	527	516
119	527	507
119	522	509
119	530	514
117	525	508
117	553	508
117	527	507
117	522	508
115	523	514
115	524	508
115	520	509
115	528	514
113	523	508
113	523	510
113	526	508
113	521	509
110	521	511
110	523	508
110	518	509
110	527	515
108	521	509
108	517	510
108	524	507
108	502	508
106	538	509
106	506	506
106	500	509
106	518	510
104	520	509
104	516	510
104	514	511
104	520	509
102	516	510
102	516	511
102	520	509
102	516	509
100	516	510
100	520	509
100	515	509
100	517	511
97	519	509
97	516	509
97	511	581
97	504	507
95	484	509
95	522	515
95	517	509
95	514	510
93	510	507
93	503	507
93	544	509
93	520	509
91	515	509
91	514	510
91	517	509
91	513	509
89	521	514
89	515	509
89	512	510
89	518	509
87	511	509
87	512	510
87	516	510
87	512	509
84	521	514
84	514	509
84	511	510
84	518	509
82	514	509
82	512	510
82	516	510
82	512	510
80	520	514
80	514	510
80	511	509
80	517	510
78	513	510
78	552	508
78	509	506
78	503	507
76	511	511
76	514	510
76	511	510
76	514	576
74	508	507
74	497	508
74	517	513
74	512	510
71	509	510
71	516	506
71	507	507
71	553	508
69	515	510
69	510	510
69	510	509
69	513	510
67	510	510
67	517	513
67	512	509
67	509	511
65	515	510
65	510	511
65	509	510
65	513	509
63	509	511
63	517	513
63	512	510
63	508	510
61	515	510
61	511	510
61	507	509
61	513	510
58	509	510
58	520	513
58	513	510
58	509	510
56	517	510
56	512	510
56	534	509
56	360	508
54	382	509
54	509	510
54	515	510
54	510	510
52	428	575
52	477	508
52	483	509
52	514	511
50	506	510
50	504	510
50	499	509
50	488	508
48	292	509
48	511	510
48	507	510
48	498	510
45	509	510
45	505	509
45	517	512
45	506	510
43	504	510
43	507	510
43	503	511
43	498	510
41	504	511
41	525	510
41	495	510
41	465	511
39	446	510
39	430	510
39	418	511
39	413	510
37	413	511
37	415	510
37	421	510
37	430	511
35	442	510
35	456	510
35	471	510
35	490	511
32	509	511
32	529	510
32	537	510
32	551	510
30	562	511
30	577	510
30	582	511
30	584	510
28	575	510
28	570	510
28	562	511
28	558	510
26	546	510
26	532	511
26	514	511
26	502	511
24	489	510
24	479	510
24	470	511
24	463	511
22	460	510
22	457	511
22	458	510
22	462	510
20	468	511
20	476	511
20	485	510
20	495	511
0	506	510
0	516	510
0	525	511
0	533	511
-20	540	510
-20	546	510
-20	550	510
-20	552	511
-22	552	510
-22	550	511
-22	545	511
-22	539	510
-24	533	510
-24	525	510
-24	517	510
-24	508	511
-26	500	511
-26	493	510
-26	486	510
-26	481	511
-28	478	510
-28	477	511
-28	477	510
-28	480	510
-30	482	510
-30	487	510
-30	492	510
-30	498	510
-32	511	511
-32	519	511
-32	526	510
-32	523	511
-35	528	511
-35	531	510
-35	537	510
-35	538	510
-37	538	511
-37	534	511
-37	531	510
-37	527	510
-39	528	510
-39	531	510
-39	524	510
-39	508	510
-41	503	511
-41	497	510
-41	490	510
-41	485	511
-43	482	511
-43	475	510
-43	467	510
-43	460	510
-45	458	511
-45	453	510
-45	442	509
-45	436	510
-48	435	510
-48	426	509
-48	406	509
-48	396	510
-50	393	509
-50	388	510
-50	378	509
-50	378	509
-52	385	510
-52	397	509
-52	411	508
-52	366	509
-54	278	508
-54	403	492
-54	394	492
-54	414	491
-56	293	508
-56	310	508
-56	324	508
-56	547	490
-58	573	489
-58	646	490
-58	380	508
-58	395	508
-61	407	508
-61	666	486
-61	654	486
-61	648	487
-63	393	508
-63	403	507
-63	412	507
-63	425	507
-65	439	508
-65	447	508
-65	455	507
-65	468	507
-67	479	507
-67	484	507
-67	489	507
-67	479	507
-69	458	507
-69	439	506
-69	433	506
-69	444	507
-71	457	507
-71	466	507
-71	476	506
-71	487	506
-74	499	507
-74	503	505
-74	510	505
-74	520	505
-76	529	506
-76	517	505
-76	318	484
-76	297	482
-78	290	481
-78	454	506
-78	465	505
-78	479	505
-80	322	483
-80	330	484
-80	338	483
-80	522	505
-82	534	505
-82	542	504
-82	371	485
-82	368	482
-84	345	480
-84	494	503
-84	471	503
-84	464	503
-87	477	505
-87	487	503
-87	498	503
-87	511	503
-89	525	502
-89	534	502
-89	545	502
-89	558	503
-91	569	503
-91	576	503
-91	557	501
-91	521	502
-93	494	501
-93	477	500
-93	479	501
-93	495	501
-95	509	501
-95	521	500
-95	533	500
-95	546	500
-97	559	501
-97	572	500
-97	584	501
-97	407	485
-100	392	483
-100	362	485
-100	516	498
-100	495	498
-102	487	498
-102	326	490
-102	338	490
-102	350	489
-104	542	498
-104	554	498
-104	567	498
-104	398	486
-106	409	486
-106	421	486
-106	612	496
-106	587	495
-108	548	495
-108	519	494
-108	502	495
-108	504	495
-110	520	495
-110	535	494
-110	549	494
-110	563	494
-113	576	495
-113	590	493
-113	603	493
-113	616	494
-115	629	494
-115	617	492
-115	578	488
-115	545	490
-117	522	489
-117	512	490
-117	523	490
-117	540	490
-119	555	488
-119	570	487
-119	585	487
-119	597	487
-121	424	489
-121	437	489
-121	449	488
-121	644	488
-123	616	484
-123	580	479
-123	350	490
-123	336	489
-126	340	490
-126	544	484
-126	560	482
-126	576	483
-128	401	492
-128	415	492
-128	428	491
-128	631	484
-130	644	486
-130	657	485
-130	646	482
-130	611	476
-132	575	475
-132	548	473
-132	535	476
-132	545	477
-134	559	477
-134	574	476
-134	590	476
-134	605	477
-136	618	476
-136	630	477
-136	642	476
-136	654	478
-138	664	477
-138	632	472
-138	596	470
-138	562	471
-141	541	473
-141	537	472
-141	554	472
-141	570	471
-143	586	470
-143	417	494
-143	431	494
-143	446	493
-145	639	474
-145	651	473
-145	664	473
-145	465	493
-147	428	493
-147	391	492
-147	550	463
-147	535	466
-149	543	466
-149	385	494
-149	401	495
-149	416	493
-151	605	465
-151	619	465
-151	633	466
-151	647	466
-154	662	464
-154	668	462
-154	645	460
-154	613	459
-156	574	461
-156	549	462
-156	544	463
-156	559	463
-158	576	460
-158	594	460
-158	610	459
-158	625	462
-160	640	462
-160	654	463
-160	668	463
-160	679	462
-162	676	458
-162	642	456
-162	611	457
-162	581	457
-164	564	460
-164	578	461
-164	396	492
-164	412	492
-167	427	493
-167	643	462
-167	664	461
-167	668	461
-169	485	493
-169	499	494
-169	500	494
-169	691	457
-171	665	461
-171	671	461
-171	365	490
-171	364	492
-173	381	493
-173	709	466
-173	729	466
-173	740	466
-175	726	464
-175	753	465
-175	727	463
-175	716	463
-177	718	462
-177	758	460
-177	822	463
-177	756	466
-180	726	466
-180	619	467
-180	624	469
-180	643	468
-182	656	468
-182	612	467
-182	652	468
-182	713	469
-184	781	468
-184	788	469
-184	852	467
-184	886	466
-186	768	465
-186	544	464
-186	496	463
-186	377	490
-188	374	490
-188	390	489
-188	471	467
-188	487	466
-190	506	466
-190	455	490
-190	470	489
-190	484	490
-193	654	467
-193	637	465
-193	608	464
-193	462	488
-195	424	489
-195	395	490
-195	418	465
-195	425	467
-197	441	467
-197	458	468
-197	475	467
-197	491	467
-199	508	467
-199	523	466
-199	538	467
-199	555	465
-201	567	465
-201	531	463
-201	487	464
-201	451	465
-203	426	466
-203	418	468
-203	433	469
-203	451	468
-206	468	468
-206	482	470
-206	501	468
-206	516	469
-208	532	468
-208	547	468
-208	561	467
-208	552	465
-210	480	487
-210	446	484
-210	414	485
-210	422	470
-212	427	471
-212	444	471
-212	440	486
-212	456	485
-214	473	486
-214	510	472
-214	526	471
-214	542	469
-216	528	489
-216	537	487
-216	513	484
-216	496	469
-219	459	470
-219	431	471
-219	421	473
-219	435	474
-221	453	473
-221	470	474
-221	488	474
-221	505	473
-223	521	473
-223	537	473
-223	553	472
-223	567	472
-225	565	470
-225	523	471
-225	481	474
-225	446	474
-227	428	474
-227	430	477
-227	447	476
-227	466	476
-229	483	476
-229	500	476
-229	517	476
-229	533	476
-232	549	475
-232	559	479
-232	568	479
-232	546	476
-255	507	474
-255	473	474
-255	444	476
-255	430	476
-232	432	477
-232	451	476
-232	469	476
-232	487	476
-229	504	476
-229	521	476
-229	538	475
-229	554	475
-227	570	474
-227	579	471
-227	551	471
-227	507	473
-225	467	474
-225	442	474
-225	432	474
-225	441	478
-223	460	478
-223	475	479
-223	499	474
-223	516	473
-221	533	473
-221	532	484
-221	544	483
-221	557	484
-219	569	468
-219	532	468
-219	488	470
-219	439	480
-216	420	481
-216	418	483
-216	454	472
-216	472	471
-214	490	472
-214	507	471
-214	522	470
-214	540	469
-212	555	469
-212	571	468
-212	582	466
-212	557	465
-210	513	467
-210	473	468
-210	445	467
-210	431	469
-208	442	469
-208	461	469
-208	478	468
-208	496	469
-206	512	468
-206	530	467
-206	546	465
-206	561	466
-203	575	464
-203	576	461
-203	539	462
-203	494	464
-201	458	465
-201	436	464
-201	433	466
-201	414	490
-199	431	491
-199	448	490
-199	503	465
-199	519	466
-197	536	465
-197	555	464
-197	581	465
-197	613	463
-195	578	460
-195	522	461
-195	478	462
-195	406	490
-193	391	490
-193	398	491
-193	458	465
-193	476	464
-190	492	465
-190	527	464
-190	561	464
-190	608	464
-188	507	489
-188	521	488
-188	844	465
-188	710	461
-186	548	461
-186	417	489
-186	492	463
-186	385	488
-184	494	465
-184	556	465
-184	432	490
-184	596	465
-182	649	466
-182	477	488
-182	848	466
-182	505	491
-180	856	463
-180	515	488
-180	878	463
-180	437	488
-177	665	465
-177	738	465
-177	732	467
-177	746	467
-175	762	467
-175	810	464
-175	804	463
-175	464	488
-173	479	488
-173	497	489
-173	734	460
-173	748	457
-171	731	455
-171	457	488
-171	419	487
-171	389	488
-169	664	460
-169	629	462
-169	648	462
-169	665	461
-167	680	461
-167	676	459
-167	693	459
-167	694	456
-164	702	456
-164	708	460
-164	526	493
-164	686	454
-162	673	454
-162	416	491
-162	603	458
-162	590	457
-160	400	492
-160	608	460
-160	433	494
-160	638	459
-158	463	491
-158	666	457
-158	492	492
-158	686	461
-156	516	493
-156	699	458
-156	476	491
-156	635	456
-154	401	492
-154	575	459
-154	382	491
-154	586	459
-151	416	491
-151	618	461
-151	446	493
-151	643	461
-149	475	463
-149	488	491
-149	684	462
-149	514	463
-147	497	489
-147	455	488
-147	416	489
-147	581	461
-145	563	463
-145	382	492
-145	590	463
-145	603	463
-143	618	464
-143	444	490
-143	460	490
-143	656	468
-141	670	469
-141	499	491
-141	702	473
-141	476	488
-138	633	461
-138	399	491
-138	577	469
-138	368	489
-136	576	466
-136	399	490
-136	610	473
-136	429	473
-134	443	489
-134	646	475
-134	470	476
-134	483	489
-132	692	482
-132	492	480
-132	455	490
-132	622	472
-130	383	473
-130	571	476
-130	568	477
-130	585	478
-128	600	476
-128	413	492
-128	625	479
-128	634	480
-126	648	484
-126	469	490
-126	679	485
-126	492	487
-123	682	482
-123	639	479
-123	599	479
-123	366	488
-121	558	484
-121	366	489
-121	579	483
-121	396	487
-119	605	484
-119	424	490
-119	629	490
-119	451	486
-117	660	489
-117	475	487
-117	686	492
-117	450	488
-115	409	485
-115	575	487
-115	356	488
-115	352	486
-113	559	488
-113	380	489
-113	394	488
-113	597	491
-110	421	491
-110	433	486
-110	644	494
-110	456	495
-108	469	484
-108	675	495
-108	429	492
-108	391	485
-106	557	492
-106	351	495
-106	541	495
-106	555	494
-104	378	486
-104	581	494
-104	403	484
-104	611	496
-102	428	488
-102	642	498
-102	451	498
-102	461	482
-100	661	496
-100	411	496
-100	378	482
-100	544	497
-97	346	497
-97	355	485
-97	553	499
-97	378	499
-95	391	482
-95	403	481
-95	415	480
-95	426	482
-93	435	481
-93	445	483
-93	449	483
-93	428	482
-91	396	482
-91	368	482
-91	350	482
-91	347	484
-89	358	484
-89	372	482
-89	576	501
-89	589	501
-87	602	502
-87	417	478
-87	426	478
-87	434	477
-84	658	502
-84	665	502
-84	633	501
-84	387	476
-82	362	477
-82	349	475
-82	541	504
-82	554	503
-80	567	504
-80	585	503
-80	600	505
-80	612	503
-78	622	504
-78	638	504
-78	651	504
-78	660	505
-76	650	504
-76	619	504
-76	582	504
-76	552	504
-74	539	504
-74	553	505
-74	569	505
-74	582	505
-71	592	504
-71	612	505
-71	626	505
-71	635	505
-69	643	505
-69	656	506
-69	666	506
-69	644	506
-67	536	469
-67	579	470
-67	559	471
-67	550	506
-65	559	506
-65	576	506
-65	682	473
-65	694	473
-63	699	472
-63	621	507
-63	631	506
-63	639	506
-61	811	475
-61	886	469
-61	874	467
-61	599	507
-58	567	507
-58	567	506
-58	581	506
-58	589	506
-56	595	507
-56	613	506
-56	628	507
-56	633	507
-54	637	508
-54	653	507
-54	663	508
-54	668	507
-52	661	507
-52	649	507
-52	780	508
-52	858	507
-50	874	508
-50	864	505
-50	868	507
-50	860	508
-48	843	507
-48	810	507
-48	823	507
-48	819	507
-45	803	507
-45	663	494
-45	632	494
-45	629	493
-43	844	508
-43	842	509
-43	839	508
-43	688	497
-41	690	498
-41	747	503
-41	745	508
-41	712	508
-39	672	508
-39	627	507
-39	594	507
-39	560	508
-37	520	508
-37	486	509
-37	454	508
-37	426	509
-35	403	509
-35	385	508
-35	376	508
-35	371	508
-32	374	508
-32	384	509
-32	399	509
-32	419	509
-30	443	509
-30	471	509
-30	498	508
-30	526	508
-28	550	508
-28	575	509
-28	594	508
-28	608	509
-26	617	508
-26	621	509
-26	619	509
-26	612	509
-24	600	509
-24	583	509
-24	566	509
-24	545	508
-22	522	508
-22	499	508
-22	478	509
-22	460	509
-20	446	508
-20	434	508
-20	426	509
-20	422	509
0	423	509
0	427	508
0	435	508
0	445	509
20	458	508
20	476	508
20	493	509
20	510	509
22	528	508
22	545	508
22	557	509
22	568	509
24	576	509
24	584	509
24	581	509
24	577	509
26	571	509
26	563	509
26	552	508
26	539	509
28	525	508
28	515	508
28	501	509
28	488	509
30	473	509
30	463	510
30	457	509
30	453	508
32	452	509
32	454	509
32	459	508
32	466	509
35	475	509
35	485	508
35	500	509
35	508	509
37	520	509
37	542	508
37	540	509
37	559	508
39	549	508
39	569	509
39	555	509
39	569	509
41	551	510
41	562	508
41	555	509
41	532	509
43	539	509
43	517	509
43	526	510
43	507	509
45	518	510
45	511	509
45	552	511
45	526	509
48	555	513
48	552	510
48	625	514
48	586	509
50	606	509
50	605	509
50	559	519
50	624	510
52	624	509
52	515	519
52	635	509
52	503	521
54	629	509
54	483	509
54	469	522
54	631	511
56	471	510
56	546	523
56	624	510
56	538	510
58	558	522
58	601	510
58	546	510
58	790	522
61	572	510
61	433	510
61	459	514
61	413	512
63	456	511
63	452	514
63	423	512
63	452	511
65	456	514
65	433	511
65	457	510
65	462	513
67	439	511
67	459	511
67	462	513
67	448	510
69	461	511
69	463	512
69	457	510
69	463	510
71	464	512
71	466	510
71	466	510
71	466	511
74	472	511
74	471	510
74	469	510
74	479	510
76	476	510
76	471	511
76	484	511
76	479	510
78	474	511
78	488	510
78	482	510
78	477	510
80	491	510
80	484	510
80	480	510
80	493	510
82	486	510
82	482	510
82	495	510
82	488	510
84	483	510
84	497	511
84	490	510
84	485	509
87	497	510
87	492	509
87	486	509
87	500	510
89	493	509
89	488	509
89	502	511
89	495	509
91	489	510
91	502	510
91	495	510
91	490	509
93	504	510
93	496	510
93	491	510
93	505	510
95	497	509
95	491	509
95	506	510
95	498	510
97	493	509
97	508	510
97	498	509
97	493	509
100	508	510
100	498	509
100	493	509
100	509	511
102	499	510
102	494	509
102	511	510
102	500	509
104	494	509
104	512	510
104	499	509
104	496	509
106	512	511
106	501	508
106	495	509
106	513	511
108	501	508
108	495	509
108	514	510
108	501	508
110	496	509
110	515	510
110	502	509
110	496	509
113	516	510
113	502	508
113	496	509
113	518	511
115	502	508
115	497	509
115	519	512
115	503	508
117	497	508
117	521	515
117	504	507
117	498	508
119	521	515
119	504	507
119	497	509
119	523	519
121	504	507
121	499	509
121	525	520
121	505	506
123	498	509
123	525	529
123	506	506
123	499	508
126	526	527
126	506	505
126	499	508
126	527	527
128	505	506
128	499	509
128	526	541
128	506	505
130	498	508
130	529	539
130	507	504
130	499	507
132	530	536
132	508	504
132	499	509
132	531	540
134	507	504
134	499	508
134	531	554
134	507	503
136	501	507
136	530	562
136	510	501
136	500	508
138	530	564
138	510	500
138	500	508
138	528	563
141	509	500
141	489	510
141	520	507
141	504	505
143	532	510
143	518	507
143	503	505
143	506	582
145	518	507
145	501	505
145	508	507
145	515	507
147	500	506
147	507	508
147	512	508
147	499	507
149	505	507
149	513	508
149	500	507
149	504	508
151	395	510
151	499	507
151	502	508
151	508	592
154	498	507
154	502	508
154	510	511
154	499	508
156	500	508
156	506	507
156	539	510
156	499	509
158	504	508
158	510	507
158	462	510
158	501	509
160	505	508
160	510	508
160	498	510
160	502	508
162	506	508
162	505	578
162	500	507
162	501	504
164	503	500
164	500	507
164	502	505
164	504	499
167	487	510
167	502	509
167	507	508
167	491	606
169	499	507
169	498	503
169	510	507
169	495	510
171	502	509
171	485	501
171	482	600
171	498	506
173	494	504
173	499	497
173	465	527
173	498	507
175	499	503
175	473	500
175	535	507
175	499	504
177	485	504
177	419	507
177	486	508
177	467	505
180	428	502
180	325	592
180	485	507
180	442	503
182	374	497
182	370	590
182	501	510
182	459	508
184	438	508
184	456	506
184	448	503
184	512	507
186	502	597
186	502	510
186	494	507
186	491	506
188	486	504
188	500	499
188	440	599
188	447	510
190	503	509
190	504	509
190	504	509
190	501	504
193	501	504
193	502	500
193	513	505
193	513	504
195	516	508
195	462	562
195	478	509
195	501	509
197	501	509
197	501	509
197	501	509
197	501	509
199	501	509
199	501	508
199	468	510
199	465	509
201	444	553
201	434	543
201	478	617
201	479	618
203	478	614
203	478	614
203	477	612
203	501	517
206	502	508
206	505	500
206	504	503
206	502	505
208	503	507
208	502	508
208	501	509
208	238	509
210	427	601
210	425	611
210	442	509
210	424	530
212	424	533
212	501	508
212	501	509
212	502	508
214	502	507
214	506	500
214	504	503
214	504	503
216	503	506
216	504	507
216	504	505
216	504	505
219	503	506
219	507	506
219	507	507
219	508	506
221	505	503
221	504	504
221	506	503
221	510	505
223	513	505
223	510	505
223	507	500
223	506	500
225	506	501
225	506	501
225	507	500
225	506	500
227	506	501
227	506	501
227	506	500
227	506	500
229	507	501
229	506	500
229	506	501
229	506	500
232	506	502
232	506	501
232	505	501
232	506	500
255	507	501
255	504	507
255	290	509
255	504	506
232	503	509
232	503	509
232	503	509
232	503	510
229	503	509
229	503	509
229	503	509
229	503	509
227	503	510
227	503	509
227	502	509
227	503	510
225	503	509
225	503	509
225	503	509
225	503	509
223	503	509
223	504	509
223	503	509
223	503	510
221	503	508
221	503	509
221	503	509
221	505	509
219	505	509
219	505	509
219	502	508
219	504	509
216	504	508
216	506	508
216	506	508
216	506	509
214	504	506
214	504	507
214	504	507
214	506	508
212	506	508
212	506	509
212	503	508
212	503	509
210	502	507
210	507	500
210	508	500
210	507	499
208	507	500
208	508	500
208	507	500
208	505	503
206	504	505
206	504	506
206	503	508
206	503	508
203	503	508
203	483	510
203	430	536
203	432	532
201	476	615
201	478	616
201	477	613
201	503	509
199	503	507
199	503	508
199	502	509
199	503	508
197	505	509
197	505	510
197	505	510
197	503	509
195	504	506
195	503	507
195	507	508
195	507	508
193	507	509
193	504	504
193	505	502
193	505	500
190	519	505
190	520	506
190	504	609
190	502	508
188	503	507
188	502	507
188	502	506
188	502	506
186	502	506
186	491	504
186	484	502
186	477	499
184	469	562
184	659	508
184	472	508
184	463	506
182	456	506
182	400	505
182	389	502
182	389	509
180	427	509
180	486	508
180	442	506
180	383	504
177	462	531
177	487	507
177	468	504
177	436	499
175	632	507
175	505	508
175	514	507
175	524	507
173	503	505
173	501	505
173	501	496
173	502	509
171	505	509
171	511	508
171	484	597
171	499	506
169	496	504
169	513	506
169	502	509
169	504	509
167	498	501
167	493	598
167	500	506
167	498	504
164	496	500
164	394	549
164	502	506
164	503	503
162	506	499
162	560	507
162	503	506
162	503	503
160	505	509
160	502	508
160	503	505
160	505	501
158	498	602
158	503	507
158	504	505
158	505	501
156	387	513
156	505	506
156	506	503
156	509	500
154	562	508
154	509	505
154	508	507
154	509	581
151	501	509
151	514	503
151	517	501
151	513	508
149	503	509
149	508	508
149	511	580
149	514	507
147	516	505
147	522	500
147	500	510
147	503	508
145	508	507
145	405	509
145	520	507
145	521	505
143	525	502
143	523	508
143	523	506
143	524	504
141	530	512
141	523	508
141	525	506
141	528	504
138	524	592
138	526	508
138	528	505
138	531	503
136	316	509
136	527	507
136	528	506
136	534	503
134	527	508
134	529	507
134	531	505
134	543	514
132	527	508
132	536	503
132	529	507
132	520	578
130	507	506
130	500	509
130	540	512
130	532	505
128	525	508
128	514	505
128	504	507
128	539	508
126	534	504
126	528	507
126	530	529
126	509	507
123	501	508
123	516	580
123	529	506
123	524	508
121	534	514
121	504	507
121	498	509
121	510	506
119	503	508
119	532	509
119	506	507
119	500	508
117	512	582
117	503	507
117	496	510
117	510	507
115	502	508
115	521	512
115	524	507
115	520	509
113	528	514
113	522	508
113	550	509
113	524	508
110	520	509
110	519	510
110	522	508
110	518	509
108	511	578
108	504	507
108	431	509
108	525	515
106	520	509
106	516	509
106	525	514
106	519	509
104	516	510
104	524	515
104	519	509
104	516	509
102	524	514
102	504	507
102	457	509
102	525	514
100	516	508
100	515	509
100	523	514
100	518	509
97	515	510
97	509	507
97	502	508
97	534	509
95	521	509
95	515	510
95	515	511
95	507	507
93	501	508
93	511	581
93	518	509
93	514	509
91	521	514
91	516	510
91	513	510
91	519	510
89	517	509
89	513	510
89	517	510
89	513	510
87	521	514
87	515	509
87	512	510
87	518	509
84	513	510
84	512	510
84	516	509
84	512	510
82	520	514
82	514	510
82	511	510
82	518	510
80	513	510
80	511	510
80	516	509
80	512	510
78	513	582
78	507	506
78	492	508
78	518	514
76	512	510
76	511	510
76	514	506
76	505	507
74	551	508
74	515	509
74	511	510
74	511	510
71	511	506
71	505	508
71	517	577
71	511	510
69	509	510
69	517	513
69	511	510
69	509	510
67	514	510
67	510	510
67	509	510
67	513	509
65	509	510
65	518	513
65	512	510
65	508	510
63	514	509
63	510	510
63	508	510
63	513	510
61	509	510
61	518	513
61	512	510
61	508	510
58	515	510
58	512	510
58	508	510
58	515	510
56	513	511
56	368	577
56	365	509
56	389	509
54	519	513
54	513	510
54	509	510
54	418	507
52	433	507
52	280	509
52	510	510
52	505	510
50	494	510
50	486	508
50	489	509
50	576	579
48	508	511
48	505	510
48	516	512
48	508	510
45	502	510
45	507	511
45	505	510
45	498	510
43	506	510
43	503	510
43	515	511
43	504	510
41	502	510
41	552	511
41	567	511
41	531	511
39	497	510
39	461	511
39	434	510
39	414	511
37	400	510
37	392	511
37	388	511
37	391	511
35	399	511
35	409	511
35	425	510
35	442	511
32	462	510
32	481	510
32	503	510
32	526	511
30	553	510
30	569	510
30	584	511
30	588	510
28	594	511
28	597	510
28	599	511
28	593	510
26	583	510
26	565	509
26	550	511
26	534	511
24	516	511
24	499	511
24	483	510
24	467	511
22	457	510
22	449	510
22	443	511
22	442	511
20	444	510
20	448	511
20	459	511
20	466	510
0	478	511
0	490	511
0	502	510
0	514	511
-20	526	511
-20	538	511
-20	548	510
-20	556	510
-22	561	511
-22	564	510
-22	564	511
-22	561	511
-24	556	509
-24	549	510
-24	539	511
-24	530	510
-26	519	511
-26	508	510
-26	497	510
-26	488	511
-28	480	510
-28	474	510
-28	469	511
-28	467	510
-30	467	510
-30	470	510
-30	474	510
-30	485	510
-32	494	510
-32	502	510
-32	504	510
-32	512	510
-35	520	509
-35	530	510
-35	536	510
-35	540	510
-37	541	510
-37	542	511
-37	542	510
-37	543	510
-39	540	510
-39	539	510
-39	525	510
-39	519	511
-41	513	511
-41	506	510
-41	496	510
-41	488	510
-43	482	510
-43	473	510
-43	462	510
-43	454	510
-45	450	510
-45	445	510
-45	432	510
-45	428	510
-48	428	510
-48	421	510
-48	403	509
-48	395	510
-50	394	509
-50	392	509
-50	385	509
-50	387	510
-52	396	509
-52	341	508
-52	263	508
-52	248	509
-54	388	494
-54	402	493
-54	422	491
-54	305	509
-56	319	509
-56	323	509
-56	549	485
-56	567	486
-58	590	487
-58	371	508
-58	382	508
-58	396	508
-61	712	483
-61	674	487
-61	676	487
-61	433	508
-63	445	508
-63	449	507
-63	437	507
-63	423	508
-65	415	507
-65	417	507
-65	426	507
-65	439	507
-67	452	507
-67	460	506
-67	468	507
-67	479	506
-69	491	508
-69	497	507
-69	504	507
-69	510	507
-71	497	506
-71	469	506
-71	448	506
-71	443	506
-74	455	506
-74	462	505
-74	470	506
-74	483	505
-76	495	506
-76	335	481
-76	342	481
-76	352	483
-78	532	506
-78	537	505
-78	524	505
-78	325	483
-80	303	480
-80	294	481
-80	458	505
-80	472	505
-82	486	504
-82	327	482
-82	335	482
-82	346	482
-84	531	504
-84	539	503
-84	549	504
-84	560	503
-87	559	504
-87	527	502
-87	493	501
-87	473	503
-89	467	503
-89	477	503
-89	491	502
-89	504	501
-91	518	501
-91	528	500
-91	539	502
-91	552	501
-93	565	503
-93	575	502
-93	583	501
-93	563	500
-95	527	500
-95	497	500
-95	480	500
-95	483	500
-97	499	500
-97	512	500
-97	350	489
-97	361	487
-100	372	486
-100	563	498
-100	576	499
-100	588	500
-102	417	486
-102	401	483
-102	370	484
-102	524	495
-104	501	497
-104	490	497
-104	330	489
-104	342	490
-106	355	488
-106	545	496
-106	558	496
-106	571	496
-108	586	496
-108	599	496
-108	611	497
-108	620	497
-110	593	494
-110	554	492
-110	524	493
-110	504	493
-113	505	492
-113	521	492
-113	536	491
-113	551	492
-115	565	492
-115	579	491
-115	592	492
-115	606	493
-117	620	494
-117	632	492
-117	623	490
-117	584	488
-119	549	488
-119	526	485
-119	514	485
-119	345	489
-121	360	490
-121	375	489
-121	573	484
-121	587	484
-123	600	489
-123	429	489
-123	440	492
-123	454	491
-126	648	489
-126	621	483
-126	583	480
-126	355	489
-128	339	489
-128	344	490
-128	545	479
-128	561	479
-130	577	479
-130	592	479
-130	605	480
-130	618	483
-132	631	483
-132	643	481
-132	656	480
-132	648	477
-134	614	475
-134	575	474
-134	547	473
-134	534	473
-136	544	473
-136	558	472
-136	574	475
-136	589	475
-138	604	474
-138	615	474
-138	629	472
-138	643	474
-141	657	476
-141	662	471
-141	631	466
-141	597	464
-143	373	490
-143	355	491
-143	358	491
-143	551	470
-145	568	469
-145	580	467
-145	421	494
-145	435	492
-147	448	493
-147	636	469
-147	650	469
-147	664	467
-149	473	491
-149	435	491
-149	394	491
-149	550	463
-151	534	462
-151	543	463
-151	560	462
-151	577	464
-154	593	463
-154	610	463
-154	622	464
-154	635	464
-156	647	464
-156	660	462
-156	669	460
-156	647	457
-158	607	458
-158	573	458
-158	549	461
-158	543	462
-160	559	464
-160	579	463
-160	596	463
-160	611	462
-162	623	460
-162	638	459
-162	653	460
-162	667	461
-164	682	459
-164	487	491
-164	447	490
-164	410	491
-167	591	458
-167	572	460
-167	578	462
-167	395	492
-169	410	491
-169	421	491
-169	658	464
-169	657	463
-171	676	463
-171	482	493
-171	500	494
-171	507	495
-173	692	458
-173	748	463
-173	724	463
-173	692	465
-175	680	465
-175	738	466
-175	758	466
-175	778	467
-177	791	465
-177	815	467
-177	801	465
-177	778	464
-180	752	463
-180	798	464
-180	834	461
-180	775	466
-182	666	465
-182	575	465
-182	560	467
-182	565	467
-184	581	466
-184	543	467
-184	560	466
-184	599	467
-186	654	467
-186	662	467
-186	489	489
-186	501	491
-188	507	491
-188	657	462
-188	517	463
-188	470	463
-190	381	491
-190	376	491
-190	392	491
-190	456	467
-193	473	466
-193	482	466
-193	457	490
-193	472	490
-195	487	490
-195	561	466
-195	597	466
-195	585	463
-197	513	462
-197	469	464
-197	437	465
-197	419	467
-199	424	466
-199	441	468
-199	459	467
-199	475	468
-201	492	467
-201	507	467
-201	523	467
-201	538	467
-203	553	466
-203	561	465
-203	532	464
-203	489	465
-206	452	465
-206	427	468
-206	418	469
-206	433	470
-208	451	470
-208	468	470
-208	485	470
-208	474	488
-210	488	488
-210	503	488
-210	547	469
-210	562	468
-212	555	465
-212	488	485
-212	453	485
-212	419	485
-214	423	470
-214	426	472
-214	442	471
-214	441	485
-216	458	485
-216	476	484
-216	510	471
-216	526	471
-219	542	470
-219	556	471
-219	569	470
-219	545	470
-221	501	469
-221	463	472
-221	434	473
-221	423	473
-223	435	474
-223	453	475
-223	471	475
-223	488	475
-225	505	474
-225	521	474
-225	538	474
-225	553	473
-227	568	473
-227	565	471
-227	527	473
-227	484	474
-229	449	475
-229	430	475
-229	430	477
-229	448	476
-232	465	477
-232	483	477
-232	500	476
-232	517	476
-255	533	477
-255	547	477
-255	560	477
-255	574	477
-232	567	474
-232	528	475
-232	486	475
-232	452	475
-229	432	475
-229	434	476
-229	452	476
-229	471	476
-227	488	476
-227	506	476
-227	522	475
-227	540	475
-225	555	474
-225	571	472
-225	563	482
-225	540	480
-223	504	477
-223	472	472
-223	445	473
-223	433	474
-221	438	479
-221	453	481
-221	470	480
-221	499	473
-219	516	472
-219	533	471
-219	529	484
-219	542	485
-216	555	486
-216	574	466
-216	536	468
-216	492	469
-214	457	469
-214	436	469
-214	435	470
-214	453	471
-212	471	470
-212	489	470
-212	506	469
-212	522	469
-210	539	469
-210	555	467
-210	570	467
-210	582	465
-208	559	463
-208	515	465
-208	474	465
-208	445	466
-206	430	468
-206	442	468
-206	460	469
-206	477	468
-203	495	468
-203	512	466
-203	528	466
-203	505	490
-201	520	491
-201	533	491
-201	579	462
-201	542	462
-199	495	463
-199	460	463
-199	437	464
-199	432	465
-197	448	466
-197	467	465
-197	483	465
-197	500	465
-195	517	464
-195	537	464
-195	506	489
-195	520	490
-193	532	491
-193	643	461
-193	534	462
-193	481	461
-190	406	488
-190	388	488
-190	396	489
-190	463	465
-188	480	465
-188	446	488
-188	543	464
-188	477	490
-186	644	465
-186	770	466
-186	844	466
-186	888	464
-184	766	462
-184	644	461
-184	564	462
-184	535	463
-182	384	488
-182	587	466
-182	604	466
-182	430	491
-180	641	466
-180	762	467
-180	826	466
-180	490	490
-177	841	463
-177	521	490
-177	517	489
-177	814	459
-175	807	464
-175	402	487
-175	383	488
-175	382	488
-173	768	464
-173	743	463
-173	763	462
-173	763	463
-171	462	488
-171	479	489
-171	498	491
-171	728	460
-169	728	459
-169	717	456
-169	700	455
-169	682	458
-167	648	458
-167	601	458
-167	604	460
-167	624	460
-164	642	459
-164	448	491
-164	662	457
-164	672	458
-162	491	492
-162	687	456
-162	519	494
-162	713	459
-160	500	490
-160	656	453
-160	420	490
-160	589	457
-158	388	493
-158	579	461
-158	414	492
-158	613	456
-156	446	492
-156	647	460
-156	475	494
-156	668	461
-154	502	492
-154	691	463
-154	515	492
-154	665	457
-151	441	457
-151	405	491
-151	572	456
-151	381	461
-149	397	492
-149	593	462
-149	429	462
-149	447	493
-147	637	462
-147	651	466
-147	664	468
-147	680	471
-145	696	469
-145	496	490
-145	642	460
-145	418	488
-143	580	463
-143	565	464
-143	568	466
-143	398	493
-141	600	464
-141	429	490
-141	631	465
-141	458	491
-138	651	472
-138	484	489
-138	686	475
-138	506	476
-136	480	490
-136	633	471
-136	403	468
-136	376	488
-134	564	470
-134	380	472
-134	591	473
-134	411	491
-132	620	474
-132	441	488
-132	642	477
-132	468	480
-130	482	491
-130	689	483
-130	494	483
-130	460	489
-128	622	473
-128	385	477
-128	365	488
-128	562	477
-126	381	478
-126	397	488
-126	606	478
-126	425	479
-123	439	488
-123	452	487
-123	465	487
-123	673	486
-121	687	488
-121	472	485
-121	639	482
-121	399	489
-119	569	483
-119	356	488
-119	556	486
-119	379	485
-117	394	486
-117	597	487
-117	422	487
-117	436	487
-115	640	490
-115	655	492
-115	668	493
-115	682	491
-113	659	490
-113	412	486
-113	573	488
-113	553	489
-110	351	488
-110	552	492
-110	377	485
-110	578	491
-108	404	486
-108	607	495
-108	431	488
-108	637	495
-106	455	496
-106	466	485
-106	676	496
-106	435	495
-104	397	484
-104	558	494
-104	352	495
-104	352	484
-102	549	494
-102	377	496
-102	390	484
-102	591	496
-100	413	497
-100	426	483
-100	639	497
-100	449	498
-97	459	482
-97	667	499
-97	418	497
-97	383	481
-95	546	497
-95	531	499
-95	536	499
-95	550	499
-93	565	499
-93	582	499
-93	596	500
-93	610	500
-91	624	501
-91	640	502
-91	654	502
-91	666	501
-89	645	500
-89	404	478
-89	372	477
-89	352	478
-87	528	501
-87	542	502
-87	558	503
-87	383	478
-84	394	479
-84	408	478
-84	618	502
-84	630	503
-82	642	502
-82	441	477
-82	441	476
-82	417	478
-80	592	503
-80	559	503
-80	540	504
-80	539	503
-78	551	504
-78	569	505
-78	585	504
-78	597	504
-76	608	504
-76	624	504
-76	636	505
-76	645	505
-74	654	504
-74	653	505
-74	624	504
-74	586	505
-71	554	505
-71	549	505
-71	560	505
-71	573	505
-69	583	505
-69	599	506
-69	613	506
-69	621	505
-67	630	505
-67	640	506
-67	662	474
-67	664	472
-65	644	472
-65	605	505
-65	577	506
-65	555	506
-63	646	478
-63	738	476
-63	754	474
-63	589	506
-61	597	506
-61	613	507
-61	867	471
-61	879	470
-58	882	469
-58	657	507
-58	667	506
-58	647	507
-56	619	507
-56	596	506
-56	587	507
-56	585	507
-54	589	506
-54	607	507
-54	621	507
-54	627	507
-52	629	507
-52	645	506
-52	659	507
-52	663	507
-50	666	507
-50	676	507
-50	675	507
-50	649	507
-48	614	508
-48	629	508
-48	702	508
-48	746	507
-45	761	508
-45	783	509
-45	927	508
-45	664	488
-43	690	487
-43	764	490
-43	1016	508
-43	998	508
-41	977	508
-41	780	499
-41	771	500
-41	756	500
-39	896	508
-39	861	509
-39	814	508
-39	746	507
-37	682	506
-37	624	508
-37	560	509
-37	495	509
-35	437	508
-35	382	509
-35	335	508
-35	298	509
-32	272	509
-32	259	509
-32	258	509
-32	270	508
-30	293	509
-30	326	508
-30	366	509
-30	412	509
-28	462	509
-28	512	509
-28	561	509
-28	604	509
-26	643	508
-26	675	509
-26	697	508
-26	708	509
-24	711	509
-24	704	509
-24	687	509
-24	661	509
-22	631	509
-22	594	509
-22	555	509
-22	514	508
-20	475	509
-20	439	509
-20	409	509
-20	384	508
0	366	509
0	354	508
0	350	509
0	352	509
20	360	508
20	377	509
20	399	508
20	426	509
22	455	509
22	488	509
22	520	509
22	550	508
24	578	509
24	602	509
24	620	509
24	632	508
26	638	510
26	641	509
26	631	509
26	622	508
28	605	509
28	580	509
28	563	508
28	532	509
30	511	509
30	481	509
30	457	509
30	440	508
32	424	508
32	413	509
32	408	509
32	408	508
35	412	509
35	424	509
35	436	508
35	452	508
37	474	508
37	491	508
37	526	509
37	532	509
39	549	509
39	579	509
39	576	509
39	599	509
41	588	509
41	605	509
41	586	509
41	596	509
43	587	509
43	560	509
43	560	509
43	547	509
45	534	510
45	516	509
45	550	512
45	515	509
48	550	509
48	646	515
48	556	510
48	623	509
50	616	516
50	590	510
50	568	509
50	559	518
52	614	509
52	523	509
52	508	519
52	631	510
54	505	510
54	484	522
54	631	511
54	471	510
56	483	521
56	617	510
56	543	510
56	557	524
58	610	511
58	745	510
58	527	522
58	583	511
61	739	511
61	947	531
61	727	512
61	1011	511
63	1002	525
63	709	511
63	922	511
63	906	527
65	663	511
65	834	512
65	842	532
65	677	512
67	834	512
67	760	531
67	648	511
67	738	512
69	726	533
69	612	512
69	635	513
69	624	538
71	579	512
71	551	513
71	545	538
71	576	514
74	567	513
74	528	536
74	622	513
74	526	513
76	511	534
76	589	514
76	476	513
76	462	536
78	556	514
78	440	513
78	431	537
78	531	514
80	408	514
80	416	540
80	557	515
80	471	515
82	487	538
82	593	515
82	479	515
82	465	536
84	557	515
84	443	515
84	432	534
84	528	515
87	406	515
87	406	531
87	508	515
87	394	516
89	414	538
89	557	518
89	480	516
89	490	537
91	578	517
91	472	518
91	458	535
91	545	517
93	430	517
93	424	532
93	515	518
93	400	518
95	389	530
95	493	518
95	394	519
95	427	535
97	559	519
97	485	520
97	490	533
97	570	521
100	461	520
100	454	533
100	539	522
100	427	521
102	413	534
102	506	522
102	392	522
102	377	532
104	485	522
104	406	524
104	443	530
104	567	524
106	488	524
106	488	531
106	565	525
106	457	525
108	442	533
108	533	526
108	419	526
108	405	530
110	493	525
110	378	525
110	364	531
110	485	528
113	418	529
113	462	532
113	574	531
113	496	532
115	483	530
115	562	531
115	455	532
115	441	527
117	527	530
117	412	530
117	397	530
117	490	531
119	366	529
119	361	532
119	498	536
119	438	539
121	471	531
121	576	536
121	495	537
121	478	529
123	556	535
123	450	538
123	435	526
123	524	539
126	402	536
126	391	530
126	492	539
126	359	537
128	365	531
128	519	548
128	454	547
128	483	529
130	581	544
130	491	547
130	474	528
130	558	546
132	443	546
132	430	527
132	526	544
132	398	544
134	381	527
134	497	542
134	355	544
134	382	527
136	535	550
136	467	551
136	491	528
136	584	550
138	483	550
138	469	529
138	557	555
138	438	554
141	422	529
141	527	551
141	393	553
141	378	527
143	496	547
143	363	555
143	402	528
143	541	558
145	478	556
145	499	526
145	577	555
145	480	555
147	462	526
147	557	556
147	435	555
147	417	527
149	521	556
149	387	556
149	371	528
149	495	554
151	377	560
151	425	527
151	554	560
151	490	558
154	500	525
154	603	557
154	477	557
154	460	526
156	574	559
156	578	559
156	540	558
156	524	557
158	517	556
158	512	558
158	504	561
158	558	565
160	677	563
160	746	561
160	754	561
160	745	558
162	735	559
162	471	527
162	455	526
162	439	526
164	691	559
164	686	559
164	630	559
164	577	560
167	534	562
167	675	561
167	420	528
167	461	528
169	491	527
169	974	553
169	961	552
169	952	552
171	465	527
171	452	526
171	436	526
171	886	553
173	830	556
173	819	555
173	758	556
173	750	559
175	882	556
175	802	558
175	826	557
175	843	556
177	842	555
177	758	554
177	740	556
177	723	556
180	720	555
180	663	555
180	706	555
180	760	554
182	810	554
182	794	554
182	746	558
182	630	559
184	610	558
184	613	557
184	624	555
184	613	554
186	595	554
186	473	526
186	457	527
186	441	526
188	542	555
188	527	555
188	549	555
188	379	525
190	370	526
190	405	528
190	536	556
190	572	556
193	593	555
193	516	527
193	502	528
193	485	527
195	545	553
195	530	552
195	514	553
195	497	553
197	483	554
197	468	554
197	459	554
197	467	557
199	505	556
199	548	552
199	581	553
199	596	551
201	589	550
201	571	550
201	554	549
201	537	550
203	520	549
203	504	550
203	488	550
203	473	551
206	457	552
206	457	553
206	489	552
206	531	551
208	566	551
208	589	549
208	553	535
208	540	534
210	523	535
210	544	547
210	527	547
210	510	548
212	458	534
212	443	534
212	424	533
212	447	550
214	458	552
214	500	550
214	543	548
214	576	548
216	593	546
216	591	545
216	572	545
216	554	544
219	538	545
219	522	544
219	505	545
219	470	537
221	449	536
221	434	535
221	447	548
221	475	548
223	519	546
223	559	545
223	584	545
223	594	543
225	581	543
225	562	543
225	544	543
225	526	543
227	509	543
227	493	543
227	477	543
227	461	543
229	445	544
229	452	546
229	491	545
229	535	545
232	567	544
232	588	544
232	588	543
232	569	543
255	549	544
255	535	543
255	519	543
255	505	543
232	489	543
232	473	543
232	457	544
232	443	543
229	453	545
229	494	546
229	535	545
229	568	545
227	586	544
227	581	543
227	563	543
227	545	544
225	527	543
225	510	543
225	493	544
225	476	544
223	460	544
223	442	546
223	435	550
223	453	542
221	510	545
221	545	544
221	577	545
221	586	544
219	573	544
219	546	541
219	528	542
219	510	541
216	501	545
216	482	547
216	465	548
216	416	535
214	395	534
214	398	535
214	481	551
214	525	549
212	560	549
212	578	549
212	578	548
212	562	548
210	542	548
210	524	549
210	507	549
210	489	549
208	472	550
208	455	552
208	439	553
208	425	554
206	452	554
206	499	554
206	538	552
206	569	551
203	585	551
203	570	550
203	551	551
203	533	551
201	516	550
201	498	552
201	481	553
201	465	553
199	375	528
199	354	528
199	353	528
199	478	557
197	522	554
197	558	555
197	506	532
197	511	531
195	497	530
195	542	553
195	525	553
195	508	554
193	413	527
193	394	527
193	376	527
193	478	557
190	501	558
190	530	561
190	504	559
190	536	558
188	569	557
188	585	557
188	578	555
188	559	555
186	542	556
186	532	556
186	530	556
186	537	557
184	565	558
184	672	557
184	736	557
184	754	559
182	643	561
182	600	560
182	614	559
182	634	558
180	637	556
180	663	557
180	645	557
180	629	557
177	633	558
177	405	527
177	389	526
177	372	524
175	850	555
175	740	559
175	806	560
175	389	528
173	437	528
173	465	528
173	890	557
173	883	556
171	866	555
171	448	528
171	432	526
171	415	524
169	872	555
169	762	559
169	699	560
169	638	561
167	608	565
167	677	564
167	840	561
167	906	559
164	920	558
164	842	558
164	830	557
164	820	559
162	811	559
162	736	560
162	682	561
162	626	560
160	568	560
160	498	560
160	490	562
160	485	566
158	580	566
158	672	564
158	693	564
158	699	562
156	692	559
156	634	559
156	443	527
156	613	562
154	411	528
154	391	528
154	374	528
154	358	528
151	488	560
151	474	561
151	475	564
151	394	529
149	438	530
149	462	529
149	557	562
149	556	560
147	547	560
147	431	528
147	415	529
147	397	528
145	503	559
145	491	557
145	483	554
145	476	552
143	475	554
143	481	557
143	509	560
143	534	562
141	547	560
141	550	557
141	546	557
141	536	555
138	529	555
138	518	554
138	504	556
138	494	555
136	480	549
136	470	544
136	470	545
136	469	549
134	491	555
134	527	558
134	545	557
134	557	552
132	556	551
132	541	546
132	423	529
132	408	527
130	391	527
130	490	544
130	477	543
130	465	540
128	321	528
128	310	532
128	343	533
128	504	551
126	530	550
126	546	547
126	460	531
126	447	531
123	430	531
123	517	543
123	503	541
123	487	540
121	474	536
121	459	534
121	455	533
121	451	532
119	453	538
119	467	540
119	508	542
119	533	541
117	546	539
117	542	534
117	531	534
117	519	534
115	507	535
115	488	532
115	472	532
115	456	531
113	454	529
113	447	527
113	443	527
113	453	532
110	479	534
110	511	531
110	533	531
110	442	533
108	432	533
108	410	534
108	503	528
108	490	527
106	472	527
106	345	532
106	328	533
106	314	533
104	441	523
104	437	524
104	457	526
104	487	526
102	408	537
102	425	535
102	530	525
102	518	524
100	396	536
100	489	523
100	476	523
100	347	536
97	457	522
97	444	520
97	436	521
97	291	536
95	303	538
95	332	540
95	485	521
95	513	520
93	526	520
93	515	520
93	500	520
93	488	520
91	477	519
91	465	519
91	457	519
91	450	519
89	443	518
89	432	518
89	428	518
89	447	518
87	472	519
87	493	518
87	510	518
87	515	517
84	504	516
84	486	517
84	476	516
84	467	516
82	459	516
82	447	516
82	438	516
82	432	516
80	297	537
80	303	541
80	328	543
80	474	516
78	498	516
78	506	514
78	378	541
78	368	541
76	360	541
76	469	515
76	458	515
76	450	515
74	335	540
74	364	542
74	357	545
74	416	515
71	427	515
71	444	515
71	468	514
71	491	514
69	500	514
69	488	514
69	475	514
69	465	514
67	457	514
67	439	513
67	433	513
67	423	513
65	421	513
65	413	513
65	405	513
65	204	514
63	196	513
63	201	513
63	208	514
63	235	516
61	236	513
61	240	512
61	244	513
61	253	513
58	261	512
58	346	522
58	396	585
58	398	522
56	308	512
56	289	511
56	282	512
56	276	524
54	289	523
54	206	520
54	309	511
54	328	513
52	352	511
52	182	536
52	191	517
52	192	517
50	360	512
50	363	512
50	363	511
50	390	512
48	381	511
48	384	511
48	390	510
48	397	510
45	403	511
45	408	510
45	403	511
45	426	512
43	416	510
43	416	510
43	419	511
43	422	510
41	424	510
41	433	510
41	430	510
41	450	511
39	440	510
39	468	511
39	435	511
39	411	510
37	394	511
37	382	510
37	370	511
37	370	511
35	375	512
35	390	511
35	403	510
35	421	510
32	444	511
32	468	511
32	494	510
32	514	510
30	539	510
30	559	511
30	584	510
30	598	511
28	607	510
28	605	510
28	606	511
28	601	511
26	592	511
26	580	511
26	564	511
26	547	510
24	527	510
24	508	511
24	490	510
24	473	511
22	458	510
22	447	510
22	439	510
22	434	511
20	434	510
20	437	511
20	444	510
20	452	511
0	466	511
0	480	510
0	492	510
0	506	510
-20	520	510
-20	535	511
-20	547	511
-20	557	510
-22	565	510
-22	573	511
-22	571	510
-22	570	510
-24	565	511
-24	558	510
-24	549	511
-24	538	511
-26	527	510
-26	514	511
-26	502	510
-26	491	510
-28	481	510
-28	473	511
-28	467	510
-28	468	511
-30	466	511
-30	469	511
-30	466	511
-30	472	511
-32	479	510
-32	494	510
-32	504	510
-32	514	510
-35	516	510
-35	523	511
-35	531	511
-35	540	511
-37	545	510
-37	548	510
-37	546	510
-37	544	511
-39	542	511
-39	537	510
-39	530	509
-39	524	510
-41	516	511
-41	509	511
-41	498	510
-41	489	510
-43	482	510
-43	472	510
-43	460	510
-43	451	510
-45	447	510
-45	441	510
-45	430	510
-45	425	510
-48	425	511
-48	419	510
-48	403	509
-48	397	509
-50	397	510
-50	399	510
-50	399	510
-50	409	510
-52	458	495
-52	609	480
-52	425	491
-52	239	509
-54	246	508
-54	260	509
-54	406	493
-54	433	491
-56	462	488
-56	329	508
-56	342	508
-56	358	508
-58	598	483
-58	676	483
-58	675	483
-58	370	508
-61	383	508
-61	389	508
-61	397	508
-61	409	508
-63	423	507
-63	431	508
-63	439	507
-63	450	507
-65	463	508
-65	469	507
-65	471	507
-65	457	507
-67	439	507
-67	424	507
-67	425	508
-67	438	507
-69	451	507
-69	460	507
-69	469	506
-69	481	507
-71	494	506
-71	499	507
-71	507	506
-71	517	506
-74	523	507
-74	332	479
-74	304	478
-74	290	477
-76	445	505
-76	453	505
-76	464	506
-76	315	480
-78	325	480
-78	332	481
-78	506	505
-78	519	505
-80	530	505
-80	365	483
-80	370	486
-80	358	482
-82	507	504
-82	476	504
-82	459	504
-82	462	504
-84	476	504
-84	487	503
-84	499	504
-84	511	504
-87	524	503
-87	532	502
-87	541	502
-87	554	504
-89	566	503
-89	561	502
-89	531	502
-89	499	502
-91	478	502
-91	468	501
-91	480	501
-91	495	501
-93	509	502
-93	520	500
-93	532	501
-93	545	501
-95	557	501
-95	570	500
-95	400	485
-95	401	482
-97	381	482
-97	529	498
-97	499	499
-97	483	499
-100	321	486
-100	331	488
-100	343	489
-100	527	499
-102	540	498
-102	553	498
-102	391	488
-102	403	490
-104	415	488
-104	605	498
-104	598	497
-104	562	495
-106	527	494
-106	503	494
-106	493	495
-106	504	495
-108	520	496
-108	534	495
-108	547	494
-108	562	494
-110	575	495
-110	588	494
-110	604	494
-110	615	496
-113	624	495
-113	598	490
-113	558	490
-113	526	490
-115	507	490
-115	507	490
-115	523	488
-115	539	489
-117	554	488
-117	569	490
-117	583	490
-117	418	488
-119	431	489
-119	443	491
-119	636	491
-119	627	489
-121	590	488
-121	366	490
-121	343	492
-121	336	491
-123	527	486
-123	544	486
-123	559	484
-123	394	492
-126	408	490
-126	421	490
-126	616	484
-126	629	484
-128	642	484
-128	651	484
-128	625	480
-128	588	478
-130	554	478
-130	535	479
-130	530	477
-130	546	478
-132	562	476
-132	577	476
-132	591	476
-132	605	478
-134	618	479
-134	631	478
-134	642	481
-134	656	481
-136	649	477
-136	612	468
-136	573	467
-136	546	468
-138	531	471
-138	539	470
-138	556	471
-138	572	471
-141	410	491
-141	426	491
-141	439	493
-141	625	472
-143	639	475
-143	651	474
-143	480	490
-143	450	491
-145	410	494
-145	557	463
-145	534	465
-145	530	468
-147	378	494
-147	394	494
-147	409	493
-147	591	467
-149	605	467
-149	618	467
-149	633	465
-149	648	464
-151	663	465
-151	654	461
-151	618	460
-151	582	460
-154	551	462
-154	537	462
-154	543	463
-154	560	460
-156	577	460
-156	592	460
-156	607	462
-156	623	462
-158	637	463
-158	651	464
-158	662	464
-158	672	461
-160	653	458
-160	614	456
-160	577	456
-160	551	458
-162	543	460
-162	389	493
-162	405	493
-162	421	496
-164	618	460
-164	635	461
-164	646	463
-164	480	495
-167	494	495
-167	507	494
-167	682	457
-167	663	459
-169	629	459
-169	381	491
-169	367	491
-169	377	491
-171	616	464
-171	673	464
-171	691	463
-171	689	463
-173	677	463
-173	696	463
-173	698	462
-173	697	462
-175	715	460
-175	740	460
-175	798	462
-175	773	463
-177	740	464
-177	702	469
-177	715	469
-177	732	469
-180	749	469
-180	676	468
-180	733	467
-180	794	468
-182	847	466
-182	859	466
-182	846	465
-182	873	464
-184	738	465
-184	555	463
-184	390	488
-184	373	489
-186	382	492
-186	484	466
-186	502	466
-186	518	466
-188	447	492
-188	465	491
-188	478	491
-188	667	467
-190	732	467
-190	723	465
-190	486	489
-190	446	488
-193	410	488
-193	426	464
-193	417	467
-193	431	467
-195	449	466
-195	465	467
-195	481	467
-195	498	466
-197	515	466
-197	529	466
-197	550	466
-197	576	465
-199	564	463
-199	512	463
-199	472	464
-199	437	465
-201	420	465
-201	424	467
-201	441	468
-201	459	468
-203	476	468
-203	491	468
-203	508	468
-203	524	468
-206	540	467
-206	553	468
-206	563	465
-206	500	489
-208	464	486
-208	430	486
-208	429	468
-208	419	469
-210	432	470
-210	428	487
-210	445	486
-210	461	486
-212	500	470
-212	517	471
-212	532	469
-212	519	488
-214	532	489
-214	531	486
-214	522	468
-214	480	470
-216	445	470
-216	426	472
-216	426	472
-216	444	473
-219	462	473
-219	478	473
-219	495	474
-219	512	473
-221	528	472
-221	543	473
-221	557	471
-221	571	470
-223	548	470
-223	505	472
-223	465	473
-223	435	474
-225	424	474
-225	435	476
-225	454	476
-225	471	476
-227	488	476
-227	506	475
-227	522	476
-227	538	475
-229	543	482
-229	558	482
-229	557	480
-229	531	473
-232	488	474
-232	452	475
-232	432	475
-232	431	477
-255	448	476
-255	464	476
-255	480	476
-255	496	476
-232	511	476
-232	527	477
-232	542	477
-232	555	478
-229	568	480
-229	559	479
-229	528	475
-229	488	475
-227	453	475
-227	430	477
-227	432	477
-227	450	478
-225	468	477
-225	488	476
-225	505	474
-225	522	474
-223	529	481
-223	539	483
-223	552	485
-223	582	470
-221	559	469
-221	515	470
-221	464	480
-221	436	480
-219	422	481
-219	443	472
-219	462	473
-219	480	473
-216	497	472
-216	514	471
-216	531	470
-216	547	469
-214	562	469
-214	578	468
-214	578	465
-214	541	466
-212	496	468
-212	459	468
-212	437	469
-212	434	470
-210	451	471
-210	470	469
-210	487	469
-210	504	469
-208	521	468
-208	538	467
-208	553	466
-208	568	465
-206	581	465
-206	561	462
-206	518	464
-206	446	485
-203	417	487
-203	398	490
-203	440	466
-203	458	467
-201	476	467
-201	459	490
-201	474	490
-201	490	489
-199	542	465
-199	558	464
-199	579	465
-199	588	463
-197	544	461
-197	459	490
-197	462	463
-197	437	464
-195	431	465
-195	445	465
-195	464	465
-195	443	489
-193	498	465
-193	519	465
-193	543	464
-193	504	491
-190	518	491
-190	530	491
-190	729	461
-190	576	460
-188	492	461
-188	473	462
-188	455	463
-188	457	464
-186	473	465
-186	517	464
-186	534	465
-186	569	465
-184	620	464
-184	748	466
-184	819	466
-184	884	465
-182	526	490
-182	898	462
-182	459	487
-182	618	462
-180	590	463
-180	636	465
-180	394	489
-180	659	467
-177	428	490
-177	444	489
-177	835	464
-177	825	462
-175	800	463
-175	737	461
-175	736	459
-175	526	490
-173	760	457
-173	442	488
-173	750	460
-173	721	461
-171	381	489
-171	398	490
-171	695	462
-171	713	461
-169	717	461
-169	682	460
-169	691	458
-169	706	457
-167	706	459
-167	708	460
-167	708	455
-167	696	453
-164	664	456
-164	407	492
-164	599	458
-164	394	491
-162	612	457
-162	619	460
-162	444	493
-162	648	457
-160	655	458
-160	490	491
-160	680	459
-160	516	494
-158	704	458
-158	499	490
-158	650	454
-158	421	493
-156	581	457
-156	384	491
-156	570	458
-156	412	493
-154	604	458
-154	444	491
-154	636	460
-154	473	494
-151	657	461
-151	500	491
-151	687	464
-151	517	491
-149	664	459
-149	446	458
-149	406	490
-149	566	457
-147	380	460
-147	568	461
-147	586	462
-147	429	491
-145	442	491
-145	635	462
-145	471	492
-145	658	469
-143	499	491
-143	692	471
-143	503	488
-143	649	465
-141	426	463
-141	393	492
-141	565	464
-141	381	466
-138	396	490
-138	597	464
-138	427	465
-138	442	491
-136	638	473
-136	469	474
-136	482	491
-136	681	477
-134	506	476
-134	486	487
-134	637	468
-134	407	466
-132	378	489
-132	563	474
-132	378	474
-132	395	489
-130	601	472
-130	425	474
-130	439	490
-130	638	480
-128	653	480
-128	479	488
-128	684	482
-128	495	481
-126	464	486
-126	618	478
-126	387	479
-126	366	490
-123	555	478
-123	379	483
-123	394	488
-123	599	480
-121	423	482
-121	436	487
-121	636	486
-121	463	487
-119	475	489
-119	680	492
-119	478	489
-119	443	486
-117	596	484
-117	374	485
-117	357	486
-117	549	487
-115	377	486
-115	392	489
-115	406	488
-115	420	488
-113	434	488
-113	634	492
-113	650	494
-113	471	489
-110	481	488
-110	663	493
-110	418	482
-110	574	489
-108	360	485
-108	538	493
-108	361	487
-108	560	492
-106	389	485
-106	587	495
-106	415	494
-106	429	488
-104	632	497
-104	453	498
-104	464	483
-104	670	496
-102	435	495
-102	401	481
-102	558	495
-102	354	495
-100	352	487
-100	544	497
-100	376	497
-100	388	487
-97	587	498
-97	414	498
-97	425	482
-97	635	499
-95	447	499
-95	664	501
-95	666	499
-95	626	499
-93	580	497
-93	547	499
-93	529	500
-93	532	500
-91	545	500
-91	563	501
-91	578	500
-91	592	500
-89	410	483
-89	422	481
-89	431	480
-89	648	503
-87	660	502
-87	649	501
-87	409	481
-87	375	481
-84	354	481
-84	532	503
-84	544	503
-84	558	503
-82	386	479
-82	399	481
-82	409	482
-82	614	503
-80	626	503
-80	642	503
-80	654	504
-80	659	503
-78	632	503
-78	597	504
-78	562	504
-78	540	503
-76	538	504
-76	555	505
-76	571	504
-76	583	505
-74	595	504
-74	611	505
-74	624	505
-74	633	505
-71	640	504
-71	657	506
-71	660	505
-71	630	505
-69	594	505
-69	567	506
-69	553	506
-69	558	505
-67	569	506
-67	587	472
-67	600	472
-67	610	472
-65	611	506
-65	625	506
-65	637	505
-65	731	472
-63	738	473
-63	811	475
-63	615	507
-63	581	506
-61	557	506
-61	814	478
-61	819	475
-61	826	472
-58	588	506
-58	607	507
-58	627	507
-58	633	507
-56	637	507
-56	653	507
-56	663	507
-56	665	506
-54	648	507
-54	629	507
-54	768	508
-54	850	507
-52	862	507
-52	867	507
-52	862	507
-52	844	506
-50	826	508
-50	813	508
-50	806	508
