V2_mean	Isense_mean	dt
509	510	500
PWM	V2_read	Isense_read
0	509	510
0	509	510
39	509	512
39	511	510
40	510	510
40	511	510
42	511	511
42	513	511
44	515	511
44	522	510
46	530	510
46	547	511
48	562	510
48	583	511
50	602	511
50	622	511
52	644	510
52	664	511
54	683	511
54	701	511
55	716	512
55	720	511
57	718	511
57	711	510
59	705	511
59	693	512
61	679	511
61	725	511
63	765	511
63	759	512
65	753	511
65	741	512
67	733	512
67	817	531
69	717	512
69	705	512
71	692	512
71	681	513
72	669	512
72	657	513
74	644	514
74	636	513
76	625	513
76	616	513
78	607	514
78	608	514
80	622	513
80	639	514
82	646	514
82	638	515
84	627	515
84	617	515
86	606	515
86	598	516
88	588	516
88	580	516
89	570	516
89	560	516
91	550	516
91	550	517
93	568	518
93	593	518
95	612	518
95	621	518
97	611	519
97	509	532
99	590	519
99	582	520
101	472	529
101	564	520
103	553	521
103	545	522
105	533	522
105	526	521
106	532	523
106	561	525
108	583	524
108	606	526
110	610	525
110	602	526
112	590	526
112	485	529
114	570	528
114	563	530
116	447	530
116	434	527
118	419	530
118	520	531
120	509	529
120	527	535
122	560	535
122	583	538
123	599	538
123	605	536
125	595	537
125	588	539
127	578	538
127	462	526
129	447	529
129	434	526
131	539	540
131	532	540
133	521	538
133	517	543
135	534	547
135	571	552
137	589	547
137	601	553
139	605	548
139	594	550
140	583	552
140	575	549
142	567	552
142	440	526
144	546	554
144	540	549
146	531	554
146	525	550
148	516	554
148	538	558
150	567	558
150	580	559
152	591	555
152	595	558
154	586	556
154	596	556
156	589	557
156	614	555
157	576	559
157	422	527
159	406	525
159	393	527
161	378	525
161	386	528
163	426	526
163	468	527
165	497	526
165	514	526
167	866	553
167	906	553
169	896	553
169	936	551
171	911	551
171	912	551
173	859	554
173	407	526
174	391	526
174	377	526
176	396	527
176	437	528
178	473	528
178	505	527
180	515	528
180	510	525
182	493	528
182	479	525
184	460	528
184	451	527
186	578	554
186	562	554
188	591	554
188	392	527
190	380	527
190	406	527
191	448	529
191	485	529
193	508	529
193	522	552
195	592	552
195	576	551
197	559	551
197	544	550
199	528	550
199	513	551
201	434	529
201	420	530
203	393	526
203	462	553
205	493	553
205	537	550
207	572	550
207	596	549
208	604	547
208	589	547
210	571	547
210	555	546
212	539	546
212	523	546
214	506	546
214	492	546
216	442	535
216	428	534
218	424	536
218	474	540
220	530	542
220	571	543
222	592	542
222	598	542
224	582	542
224	566	541
255	547	542
255	535	542
255	521	542
255	507	543
255	494	542
255	480	542
255	468	543
255	456	543
255	465	544
255	497	545
255	533	545
255	561	545
255	586	544
255	594	544
255	591	542
255	575	543
255	559	543
255	544	543
255	529	543
255	515	543
255	499	544
255	488	543
255	475	544
255	462	543
255	449	543
255	455	545
255	484	545
255	519	546
255	552	545
255	576	546
255	590	544
255	588	543
255	573	543
255	557	544
255	542	543
255	527	544
255	513	543
255	499	544
255	485	544
255	471	544
255	458	543
255	446	543
255	444	544
255	471	546
255	507	546
255	540	546
255	569	545
255	585	545
255	586	544
255	572	544
255	556	543
255	541	543
255	526	545
255	511	543
255	497	544
255	482	543
255	470	543
255	458	544
255	446	543
255	438	545
255	463	546
255	500	546
255	534	546
255	563	546
255	581	545
255	585	544
255	573	544
255	556	544
255	542	544
255	526	544
255	511	543
255	499	543
255	483	544
255	470	543
255	457	543
255	444	544
255	437	545
255	459	546
255	491	546
255	529	546
255	559	546
255	578	545
255	585	544
255	574	544
255	558	544
255	542	543
255	528	544
255	513	544
255	499	544
255	485	544
255	471	544
255	459	543
255	446	544
255	436	544
255	455	546
255	490	546
255	526	546
255	556	546
255	576	545
255	585	545
255	576	544
255	559	545
255	544	544
255	529	544
255	514	544
255	500	544
255	486	544
255	472	544
255	459	545
255	446	543
255	435	545
255	448	546
255	481	546
255	519	547
255	549	546
255	573	544
255	583	545
255	579	544
255	563	544
255	547	544
255	532	544
255	517	545
255	503	545
255	489	544
255	475	544
255	462	544
255	448	544
255	437	544
255	442	546
255	476	547
255	513	546
255	546	546
255	569	545
255	582	545
255	579	544
255	564	544
255	548	543
255	533	544
255	518	544
255	504	543
255	490	544
255	477	544
255	462	544
255	449	543
255	437	544
255	437	545
255	466	546
255	504	546
255	537	545
255	565	545
255	581	545
255	581	544
255	568	544
255	551	544
255	536	544
255	521	544
255	506	544
255	492	544
255	479	544
255	465	544
255	452	544
255	440	544
255	436	545
255	461	546
255	499	546
255	533	546
255	562	545
255	579	545
255	582	545
255	568	543
255	553	544
255	537	544
255	523	544
255	508	543
255	494	544
255	479	544
255	466	544
255	453	544
255	441	543
255	436	545
255	456	546
255	487	548
255	529	546
255	558	546
255	578	545
255	584	544
255	573	544
255	556	543
255	541	544
255	526	544
255	511	544
255	497	543
255	483	544
255	469	544
255	456	544
255	444	544
255	434	544
255	452	546
255	488	546
255	523	546
255	556	545
255	575	545
255	584	545
255	575	544
255	558	544
255	543	544
255	528	544
255	513	544
255	498	544
255	485	544
255	471	544
255	454	543
255	444	544
255	434	545
255	450	546
255	482	546
255	520	546
255	550	546
255	574	545
255	582	545
255	576	544
255	561	544
255	545	544
255	530	544
255	515	544
255	500	544
255	487	544
255	473	544
255	459	544
255	446	544
255	435	544
255	445	546
255	477	547
255	513	546
255	547	546
255	570	546
255	583	545
255	578	545
255	564	544
255	548	544
255	532	544
255	518	544
255	503	544
255	489	544
255	475	544
255	461	543
255	448	544
255	436	544
255	440	545
255	470	546
255	507	546
255	538	546
255	569	546
255	581	545
255	581	544
255	566	544
255	550	544
255	534	544
255	520	544
255	505	544
255	491	544
255	478	544
255	464	544
255	452	544
255	439	543
255	439	545
255	466	546
255	503	546
255	536	547
255	564	545
255	581	545
255	582	545
255	569	544
255	552	544
255	537	544
255	522	543
255	507	544
255	493	544
255	479	544
255	465	544
255	452	544
255	441	544
255	434	545
255	458	547
255	493	547
255	530	546
255	560	547
255	578	545
255	583	544
255	571	545
255	555	544
255	540	543
255	525	544
255	510	545
255	496	545
255	482	544
255	468	544
255	456	543
255	443	544
255	434	545
255	453	547
255	490	547
255	525	546
255	556	546
255	576	545
255	584	545
255	574	544
255	557	544
255	541	545
255	526	544
255	511	544
255	497	544
255	483	544
255	470	545
255	457	544
255	444	544
255	433	544
255	447	546
255	481	546
255	520	545
255	551	546
255	573	545
255	583	545
255	576	544
255	560	544
255	547	544
255	529	544
255	514	544
255	500	544
255	486	544
255	473	545
255	460	544
255	447	544
255	435	545
255	444	546
255	477	546
255	514	546
255	548	546
255	570	545
255	583	544
255	578	544
255	562	544
255	546	544
255	531	544
255	516	544
255	501	544
255	488	544
255	474	544
255	461	544
255	447	544
255	436	544
255	440	546
255	470	546
255	508	546
255	539	546
255	568	545
255	581	545
255	580	543
255	566	544
255	549	544
255	534	545
255	519	544
255	505	544
255	491	544
255	477	544
255	463	544
255	451	544
255	438	544
255	438	546
255	466	547
255	503	546
255	538	546
255	565	545
255	581	545
255	582	544
255	569	544
255	552	544
255	537	544
255	522	544
255	508	544
255	493	544
255	477	543
255	466	544
255	453	544
255	440	544
255	435	545
255	461	546
255	495	547
255	531	546
255	561	545
255	578	545
255	583	544
255	570	544
255	554	544
255	539	544
255	524	544
255	509	544
255	495	544
255	481	544
255	468	544
255	455	544
255	442	543
224	437	545
224	462	548
222	504	546
222	547	547
220	571	546
220	576	543
218	571	545
218	551	546
216	522	542
216	515	547
214	497	548
214	451	538
212	463	549
212	401	535
210	430	552
210	368	533
208	464	554
208	467	538
207	547	552
207	571	551
205	577	551
205	512	536
203	543	550
203	525	551
201	507	552
201	491	553
199	410	530
199	457	556
197	442	556
197	339	527
195	444	560
195	473	560
193	517	557
193	551	557
191	571	557
191	575	556
190	558	555
190	541	555
188	524	556
188	514	557
186	507	557
186	551	558
184	592	558
184	712	557
182	768	557
182	800	560
180	678	562
180	636	559
178	665	559
178	733	559
176	734	558
176	779	558
174	761	558
174	810	557
173	831	557
173	890	556
171	862	556
171	747	561
169	688	560
169	584	564
167	646	564
167	758	563
165	891	560
165	859	561
163	868	560
163	810	560
161	798	560
161	740	562
159	726	560
159	632	563
157	579	560
157	509	562
156	499	560
156	491	561
154	483	560
154	478	565
152	499	564
152	543	567
150	560	562
150	556	565
148	555	559
148	551	561
146	543	559
146	536	559
144	517	558
144	501	557
142	493	554
142	480	553
140	470	551
140	472	547
139	470	555
139	490	559
137	523	558
137	544	555
135	556	558
135	555	551
133	545	557
133	532	549
131	521	552
131	501	547
129	489	546
129	471	543
127	461	542
127	457	538
125	454	537
125	457	542
123	476	544
123	512	545
122	534	542
122	543	544
120	540	540
120	526	541
118	515	537
118	499	538
116	482	535
116	463	533
114	455	532
114	448	529
112	443	528
112	436	527
110	447	531
110	464	531
108	504	531
108	523	529
106	533	528
106	522	527
105	508	527
105	494	527
103	358	535
103	463	525
101	453	524
101	443	523
99	435	523
99	425	521
97	420	521
97	435	522
95	462	523
95	482	522
93	506	521
93	511	520
91	502	520
91	484	519
89	473	519
89	461	519
88	452	518
88	442	519
86	436	518
86	424	518
84	416	517
84	403	517
82	419	517
82	445	516
80	471	517
80	489	517
78	492	516
78	482	515
76	469	516
76	454	516
74	442	515
74	428	515
72	418	515
72	407	515
71	400	515
71	391	515
69	389	514
69	398	509
67	174	514
67	163	514
65	177	515
65	192	514
63	203	513
63	210	513
61	217	514
61	224	512
59	231	513
59	238	512
57	376	526
57	239	512
55	235	511
55	151	517
54	246	512
54	254	511
52	266	511
52	274	511
50	282	512
50	282	512
48	288	511
48	291	511
46	288	511
46	291	511
44	286	511
44	292	512
42	183	527
42	250	510
40	244	511
40	200	516
39	185	511
39	162	511
0	152	511
0	147	510
0	146	511
0	157	510
0	180	511
0	214	511
0	256	511
0	306	511
0	362	510
0	422	511
0	484	511
0	544	510
0	602	511
0	655	510
0	702	511
0	740	511
0	770	511
0	789	511
0	799	511
0	798	510
0	787	510
0	767	511
0	739	511
0	703	511
0	661	510
0	616	510
0	566	510
0	518	511
0	469	511
0	425	511
0	384	510
0	348	510
0	320	511
0	297	510
0	284	511
0	279	511
0	283	510
0	293	511
0	311	511
0	336	510
0	367	510
0	401	510
0	438	511
0	477	511
0	516	511
0	554	510
0	589	511
0	621	510
0	648	510
0	669	511
0	684	510
0	692	510
0	695	510
0	690	511
0	679	511
0	662	511
0	641	510
0	615	511
0	587	511
0	556	511
0	525	510
0	494	511
0	465	511
0	438	510
0	413	510
0	394	511
0	379	510
0	369	510
0	364	511
0	364	510
0	370	511
0	380	510
0	395	510
0	413	511
0	434	511
0	457	511
0	482	510
0	504	510
0	532	510
0	555	511
0	576	510
0	594	511
0	608	511
0	619	511
0	625	510
0	627	511
0	625	510
0	619	510
0	609	511
0	596	510
0	581	511
0	563	511
0	544	510
0	524	511
0	507	510
0	486	510
0	467	511
0	451	511
0	438	511
0	428	510
0	421	511
0	417	511
0	417	511
0	420	510
0	426	511
0	434	510
0	446	510
0	459	510
0	474	510
0	489	511
0	506	510
0	521	510
0	536	511
0	550	511
0	561	510
0	571	510
0	578	510
0	583	511
0	583	510
0	584	510
0	580	511
0	574	510
0	566	511
0	557	511
0	546	511
0	534	511
0	521	511
0	507	510
0	495	511
0	484	511
0	472	510
0	465	510
0	458	510
0	453	511
0	451	510
0	450	511
0	452	511
0	456	510
0	461	510
0	468	510
0	477	511
0	486	509
0	496	510
0	506	511
0	516	510
0	526	511
0	534	511
0	542	511
0	548	510
0	553	510
0	556	510
0	558	510
0	557	510
0	556	510
0	552	511
0	547	511
0	540	511
0	533	511
0	526	510
0	518	511
0	509	511
0	501	511
0	494	511
0	487	511
0	481	510
0	477	511
0	474	511
0	472	510
0	472	511
0	473	510
0	475	511
0	478	511
0	483	511
0	489	511
0	494	510
0	500	511
0	507	511
0	514	511
0	520	510
0	525	510
0	530	511
0	534	511
0	537	510
0	540	511
0	540	511
0	540	511
0	539	510
0	537	511
0	533	510
0	529	511
0	523	511
0	520	511
0	515	511
0	509	511
0	505	510
0	500	511
0	496	511
0	492	510
0	489	510
0	486	511
0	486	511
0	486	510
0	486	511
0	488	510
0	490	511
0	493	509
0	496	511
0	500	511
0	504	511
0	508	511
0	514	511
0	516	511
0	519	511
0	523	510
0	525	511
0	527	510
0	528	511
0	529	511
0	529	511
0	528	510
0	527	511
0	525	511
0	522	510
0	519	510
0	516	511
0	509	511
0	510	510
0	506	511
0	503	510
0	501	510
0	499	511
0	497	510
0	495	511
0	494	510
0	493	511
0	493	511
0	496	510
0	497	511
0	499	510
0	502	510
0	504	510
0	506	510
0	509	510
0	511	511
0	514	511
0	516	510
0	518	511
0	520	511
0	523	511
0	522	511
0	521	511
0	522	511
0	521	510
0	521	510
0	519	511
0	518	511
0	516	511
0	514	510
0	512	510
0	509	510
0	507	511
0	506	510
0	504	511
0	503	510
0	502	511
0	500	511
0	500	510
0	500	510
0	500	510
0	501	510
0	502	511
0	503	511
0	504	511
0	507	510
0	508	510
0	509	511
0	511	511
0	512	510
0	514	510
0	514	510
0	516	511
0	517	511
0	517	511
0	517	511
0	518	511
0	517	511
0	517	511
0	516	511
0	515	511
0	514	511
0	511	511
0	511	511
0	510	511
0	508	510
0	507	511
0	506	511
0	506	510
0	505	511
0	504	512
0	504	510
0	504	511
0	504	511
0	505	511
0	505	511
0	506	511
0	507	510
0	508	510
0	509	511
0	510	510
0	511	510
0	512	510
0	512	511
0	513	510
0	514	511
0	514	510
0	514	510
0	514	512
0	515	511
0	514	511
0	514	510
0	513	511
0	513	511
0	511	511
0	511	510
0	511	511
0	509	511
0	509	511
0	511	511
0	508	511
0	507	510
0	508	511
0	506	511
0	507	510
0	506	511
0	506	511
0	506	510
0	507	510
0	508	511
0	507	511
0	508	511
0	510	510
0	510	511
0	510	511
0	511	511
0	512	511
0	512	510
0	512	511
0	512	510
0	512	510
0	513	510
0	513	511
0	513	510
0	512	511
0	512	511
0	512	510
0	511	510
0	510	510
0	510	510
0	510	510
0	509	511
0	509	511
0	509	511
0	508	510
0	508	510
0	508	511
0	508	511
0	508	510
0	508	510
0	505	511
0	508	511
0	509	511
0	509	511
0	509	510
0	509	510
0	510	510
0	509	510
0	511	511
0	511	511
0	511	511
0	511	510
0	511	510
0	511	510
0	511	511
0	512	511
0	511	511
0	511	511
0	510	511
0	510	510
0	510	511
0	510	510
0	510	510
0	510	511
0	510	511
0	508	511
0	509	511
0	509	510
0	509	511
0	509	511
0	509	510
0	509	511
0	509	510
0	509	510
0	509	510
0	509	511
0	509	510
0	509	511
0	509	511
0	510	510
0	510	510
0	510	511
0	511	511
0	510	511
0	511	511
0	511	510
0	511	511
0	511	510
0	511	510
0	511	511
0	510	510
0	510	511
0	510	511
0	510	510
0	510	511
0	510	511
0	510	510
0	510	511
0	509	511
0	510	511
0	509	510
0	509	511
0	509	511
0	510	510
0	510	510
0	509	511
0	510	510
0	509	510
0	510	510
0	510	511
0	510	511
0	510	510
0	510	510
0	510	511
0	510	510
0	510	510
0	510	511
0	510	511
0	510	510
0	510	511
0	510	511
0	511	510
0	510	510
0	511	511
0	511	510
0	510	510
0	511	510
0	510	510
0	510	511
0	510	510
0	510	512
0	510	510
0	510	510
0	510	511
0	510	511
0	510	511
0	510	511
0	510	511
0	510	510
0	510	511
0	510	511
0	510	511
0	510	510
0	510	510
0	510	511
0	510	511
0	510	510
0	510	511
0	510	510
0	510	511
0	510	511
0	510	511
0	510	511
0	510	511
0	510	511
0	510	511
0	509	511
0	510	510
0	510	511
0	510	510
0	510	511
0	510	510
0	510	510
0	510	510
0	510	511
0	510	511
0	510	511
0	510	510
0	510	510
0	510	511
0	510	511
0	510	511
0	510	511
0	510	510
0	510	510
0	510	511
0	510	510
0	510	511
0	510	510
0	510	511
0	510	510
0	510	511
0	510	510
0	511	511
0	510	510
0	510	511
0	510	510
0	510	511
0	510	510
0	510	510
0	509	510
0	510	510
0	510	510
0	510	510
0	510	511
0	510	511
0	510	511
0	510	510
0	510	511
0	510	511
0	510	511
0	511	511
0	510	510
0	510	510
0	510	511
0	510	511
0	511	511
0	510	511
0	510	510
0	510	510
0	511	510
0	510	511
0	510	511
0	509	511
0	509	511
0	509	511
0	510	511
0	509	510
0	510	510
0	510	511
0	509	511
0	509	511
0	510	510
0	510	510
0	510	510
0	509	510
0	509	511
0	509	510
0	510	511
0	510	511
0	510	511
0	510	511
0	510	511
0	510	510
0	511	511
0	510	510
0	511	511
0	512	510
0	510	511
0	511	511
0	511	511
0	510	511
0	510	511
0	510	511
0	510	510
0	510	511
0	510	511
0	513	511
0	510	510
0	510	510
0	510	511
0	510	510
0	510	511
0	509	511
0	509	510
0	510	510
0	509	511
0	509	511
0	510	510
0	509	511
0	509	510
0	510	510
0	510	511
0	511	510
0	510	511
0	510	511
0	510	510
0	511	510
0	510	511
0	510	510
0	510	511
0	510	511
0	510	510
0	510	511
0	511	511
0	510	510
0	507	510
0	510	511
0	510	511
0	510	511
0	510	511
0	510	511
0	510	511
0	510	510
0	509	511
0	510	510
0	510	511
0	509	511
0	509	510
0	509	511
0	509	511
0	509	510
0	509	511
0	509	510
0	510	511
0	510	510
0	506	511
0	510	510
0	509	511
0	510	511
0	510	511
0	511	511
0	511	511
0	510	510
0	510	511
0	511	511
0	511	510
0	510	511
0	510	511
0	510	510
0	511	511
0	510	510
0	509	511
0	510	511
0	510	511
0	510	511
0	510	510
0	510	511
0	510	510
0	510	510
0	509	511
0	510	511
0	509	511
0	509	510
0	509	510
0	509	511
0	509	511
0	510	511
0	509	511
0	509	511
0	509	510
0	510	511
0	510	510
0	511	511
0	510	510
0	510	511
0	510	511
0	510	511
0	511	511
0	510	510
0	510	512
0	510	510
0	511	511
0	510	511
0	510	510
0	510	510
0	507	510
0	510	511
0	512	510
0	510	510
0	510	511
0	510	510
0	510	511
0	510	510
0	509	511
0	510	511
0	505	510
0	508	510
0	506	511
0	509	511
0	509	510
0	510	510
0	510	510
0	510	511
0	510	510
0	510	511
0	510	510
0	509	510
0	510	511
0	510	511
0	510	510
0	510	510
0	510	511
0	510	510
0	510	511
0	510	511
0	512	511
0	510	511
0	510	511
0	510	511
0	511	511
0	511	510
0	510	511
0	510	510
0	510	511
0	509	511
0	510	510
0	510	510
0	509	510
0	509	510
0	509	511
0	509	510
0	509	511
0	509	510
0	509	511
0	509	511
0	509	511
0	510	510
0	510	511
0	510	510
0	510	511
0	510	510
0	510	510
0	511	510
0	511	510
0	510	510
0	510	511
0	510	510
0	510	510
0	510	511
0	510	510
0	510	510
0	510	510
0	510	510
0	510	510
0	510	511
0	507	511
0	510	511
0	510	510
0	510	511
0	510	511
0	509	511
0	510	510
0	509	511
0	509	510
0	510	510
0	509	510
0	509	511
0	510	510
0	510	510
0	510	511
0	511	510
0	509	510
0	510	510
0	510	511
0	510	510
0	510	510
0	510	511
0	510	511
0	510	511
0	510	510
0	510	511
0	511	511
0	510	510
0	510	510
0	512	511
0	510	511
0	510	510
0	511	510
0	510	510
0	510	510
0	510	511
0	510	512
0	510	511
0	509	511
0	510	511
0	510	510
0	513	511
0	509	510
0	510	510
0	510	510
0	509	510
0	509	511
0	510	511
0	510	510
0	509	511
0	509	511
0	510	510
0	510	510
0	510	510
0	510	511
0	511	510
0	510	511
0	512	510
0	510	510
0	510	511
0	510	510
0	510	510
0	511	510
0	510	511
0	510	511
0	510	511
0	510	510
0	511	510
0	510	511
0	510	511
0	510	510
0	510	510
0	510	511
0	510	511
0	510	510
0	510	511
0	509	511
0	509	510
0	509	511
0	509	511
0	508	510
0	509	510
0	509	510
0	510	511
0	509	510
0	509	511
0	510	510
0	510	510
0	510	511
0	509	510
0	510	511
0	510	510
0	511	511
0	510	510
0	510	511
0	510	511
0	510	510
0	510	511
0	511	511
0	510	511
0	510	511
0	510	511
0	510	510
0	510	510
0	510	510
0	510	511
0	510	511
0	509	510
0	509	511
0	509	511
0	509	510
0	509	510
0	509	510
0	509	511
0	509	509
0	509	511
0	509	511
0	510	511
0	510	511
0	510	511
0	510	510
0	510	511
0	509	511
0	510	510
0	510	511
0	510	510
0	510	511
0	510	510
0	511	511
0	510	510
0	510	511
0	510	510
0	511	511
0	510	511
0	510	511
0	510	510
0	510	511
0	510	511
0	510	511
0	510	510
0	510	510
0	510	510
0	509	510
0	509	510
0	509	510
0	509	510
0	509	511
0	509	511
0	509	511
0	510	511
0	509	510
0	509	511
0	508	510
0	509	511
0	510	510
0	510	510
0	511	510
0	510	511
0	511	510
0	510	510
0	510	511
0	510	511
0	511	511
0	511	511
0	511	511
0	510	510
0	511	511
0	510	511
0	510	511
0	510	511
0	510	511
0	510	510
0	510	510
0	510	511
0	510	511
0	510	511
0	510	511
0	510	511
0	509	510
0	510	510
0	509	510
0	510	510
0	509	511
0	510	511
0	509	511
0	509	510
0	509	510
0	509	510
0	510	511
0	510	511
0	510	510
0	510	511
0	510	511
0	511	510
0	511	510
0	510	510
0	510	510
0	510	511
0	511	511
0	510	511
0	511	510
0	510	511
0	510	510
0	510	510
0	510	511
0	509	511
0	510	511
0	510	511
0	510	511
0	510	510
0	510	511
0	510	511
0	510	510
0	510	510
0	509	510
0	509	511
0	509	510
0	509	511
0	509	511
0	510	511
0	512	510
0	510	511
0	509	511
0	510	511
0	510	511
0	510	511
0	511	510
0	510	510
0	511	510
0	510	510
0	510	510
0	510	510
0	511	511
0	510	510
0	510	510
0	511	511
0	511	511
0	510	511
0	510	511
0	510	510
0	510	511
0	510	511
0	510	511
0	510	510
0	510	511
0	510	510
0	509	510
0	510	511
0	509	510
0	509	510
0	509	511
0	509	511
0	510	510
0	510	510
0	510	510
0	510	510
0	509	511
0	510	511
0	510	511
0	510	510
0	510	511
0	510	511
0	510	510
0	510	510
0	510	510
0	510	510
0	510	510
0	511	510
0	510	510
0	510	510
0	510	511
0	510	511
0	510	511
0	510	510
0	510	510
0	510	511
0	510	511
0	510	510
0	510	510
0	509	510
0	509	510
0	509	511
0	509	510
0	510	511
0	510	510
0	510	511
0	509	510
0	509	510
0	509	510
0	509	510
0	510	510
0	510	511
0	510	512
0	510	510
0	510	510
0	510	511
0	510	511
0	510	511
0	510	511
0	511	511
0	511	510
0	510	510
0	511	510
0	511	511
0	510	511
0	510	510
0	510	510
0	510	511
0	510	510
0	510	511
0	510	511
0	510	511
0	511	511
0	510	511
0	509	510
0	509	511
0	510	511
0	510	510
0	510	511
0	509	510
0	510	510
0	509	510
0	509	511
0	512	510
0	510	510
0	510	510
0	510	511
0	510	510
0	510	511
0	510	511
0	510	510
0	510	510
0	510	510
0	510	511
0	511	510
0	511	511
0	510	510
0	510	510
0	510	510
0	510	510
0	510	511
0	510	511
0	510	510
0	510	511
0	510	510
0	510	511
0	509	510
0	509	510
0	509	511
0	509	511
0	509	510
0	510	510
0	510	511
0	509	510
0	509	510
0	510	511
0	510	511
0	509	511
0	510	511
0	509	511
0	510	511
0	510	511
0	510	510
0	510	511
0	510	510
0	510	511
0	511	510
0	510	511
0	510	511
0	510	511
0	511	510
0	510	510
0	510	510
0	510	510
0	511	511
0	510	511
0	511	511
0	510	510
0	510	510
0	510	511
0	510	510
0	510	510
0	510	510
0	510	510
0	510	510
0	510	511
0	509	511
0	509	510
0	509	510
0	509	510
0	510	511
0	509	511
0	509	510
0	510	511
0	510	511
0	510	510
0	510	510
0	510	511
0	510	510
0	512	510
0	511	510
0	511	510
0	510	510
0	511	511
0	511	510
0	510	510
0	510	510
0	510	511
0	510	511
0	510	510
0	510	510
0	510	510
0	510	511
0	510	511
0	510	511
0	510	510
0	510	510
0	511	510
0	510	510
0	510	510
0	509	511
0	511	510
0	509	511
0	509	510
0	509	510
0	510	511
0	509	511
0	510	510
0	510	511
0	510	511
0	509	511
0	510	510
0	511	511
0	510	510
0	510	511
0	510	511
0	511	511
0	510	511
0	510	511
0	510	510
0	510	511
0	510	511
0	510	510
0	511	510
0	510	510
0	510	510
0	510	511
0	510	511
0	510	511
0	510	511
0	510	511
0	510	510
0	510	511
0	509	510
0	509	510
0	509	511
0	510	511
0	509	511
0	509	511
0	509	511
0	509	511
0	510	510
0	509	511
0	510	510
0	510	511
0	510	510
0	511	510
0	510	511
0	510	510
0	510	511
0	514	510
0	510	511
0	510	510
0	511	511
0	511	510
0	510	510
0	510	510
0	510	510
0	510	511
0	510	510
0	510	511
0	510	510
0	510	511
0	510	511
0	510	510
0	510	511
0	509	510
0	510	511
0	510	510
0	509	510
0	510	510
0	510	511
0	509	510
0	509	511
0	510	511
0	509	511
0	509	510
0	510	511
0	510	511
0	510	511
0	510	511
0	510	511
0	510	511
0	510	511
0	510	511
0	510	511
0	510	510
0	510	511
0	510	511
0	510	510
0	510	511
0	510	511
0	510	510
0	510	511
0	510	510
0	509	511
0	510	510
0	510	511
0	510	510
0	510	511
0	509	511
0	509	510
0	510	511
0	510	510
0	509	510
0	509	511
0	509	510
0	509	510
0	509	511
0	509	510
0	510	511
0	510	510
0	509	511
0	510	510
0	510	511
0	510	511
0	510	510
0	510	511
0	510	510
0	509	510
0	510	512
0	510	510
0	510	510
0	511	510
0	510	510
0	510	510
0	510	511
0	510	511
0	510	510
0	510	510
0	510	510
0	510	511
0	509	511
0	509	511
0	509	511
0	509	511
0	509	510
0	509	511
0	509	511
0	509	509
0	509	511
0	509	511
0	510	511
0	510	511
0	510	511
0	509	510
0	510	511
0	510	510
0	510	510
0	509	510
0	510	510
0	510	511
0	511	510
0	510	510
0	510	510
0	511	511
0	511	511
0	510	511
0	510	510
0	512	510
0	511	511
0	510	511
0	510	510
0	510	510
0	510	511
0	510	511
0	509	510
0	510	511
0	509	511
0	509	511
0	509	510
0	509	511
0	509	510
0	510	511
0	509	511
0	509	511
0	509	511
0	510	510
0	509	511
0	510	511
0	510	511
0	510	511
0	506	511
0	510	510
0	511	510
0	510	511
0	510	511
0	510	511
0	510	511
0	510	511
0	511	510
0	511	511
0	511	510
0	510	510
0	510	511
0	511	510
0	510	510
0	510	510
0	510	511
0	510	511
0	510	510
0	510	511
0	510	510
0	509	511
0	510	510
0	509	510
0	510	510
0	510	510
0	509	510
0	509	510
0	509	510
0	509	510
0	509	511
0	510	511
0	510	511
0	510	511
0	510	510
0	511	511
0	510	510
0	510	510
0	510	511
0	511	511
0	510	511
0	510	510
0	511	510
0	511	511
0	511	511
0	510	511
0	511	510
0	510	510
0	511	510
0	510	510
0	510	511
0	510	510
0	510	510
0	510	510
0	509	510
0	510	511
0	509	510
0	510	511
0	509	511
0	509	510
0	509	510
0	509	510
0	509	511
0	510	510
0	510	511
0	510	511
0	510	511
0	509	511
0	510	511
0	510	511
0	510	511
0	510	511
0	510	510
0	510	511
0	511	511
0	511	511
0	510	511
0	511	510
0	511	510
0	510	511
0	510	511
0	510	511
0	510	510
0	510	510
0	510	511
0	510	511
0	510	511
0	508	510
0	512	510
0	509	511
0	510	511
0	510	510
0	509	510
0	509	511
0	510	511
0	510	510
0	509	511
0	509	510
0	509	510
0	509	511
0	509	511
0	510	511
0	510	511
0	510	511
0	510	510
0	511	511
0	511	511
0	510	511
0	510	510
0	511	511
0	510	510
0	510	511
0	511	511
0	510	510
0	510	510
0	507	511
0	510	510
0	510	510
0	510	510
0	510	511
0	510	511
0	510	510
0	510	510
0	510	511
0	510	510
0	509	511
0	510	511
0	509	511
0	509	511
0	509	510
0	511	510
0	509	510
0	509	511
0	509	510
0	510	510
0	510	511
0	510	510
0	510	511
0	511	510
0	511	510
0	510	511
0	510	511
0	510	510
0	510	511
0	510	510
0	510	510
0	511	510
0	510	511
0	510	510
0	510	510
0	510	511
0	511	511
0	510	511
0	510	510
0	510	511
0	510	510
0	510	511
0	510	511
0	510	511
0	510	510
0	509	511
0	510	511
0	510	511
0	509	511
0	510	510
0	509	511
0	509	510
0	510	511
0	509	511
0	510	511
0	509	511
0	510	511
0	510	511
0	510	511
0	510	510
0	510	510
0	510	511
0	510	511
0	510	510
0	510	510
0	510	510
0	510	511
0	511	510
0	510	511
0	510	511
0	508	510
0	510	510
0	510	510
0	510	511
0	510	510
0	510	510
0	509	511
0	510	511
0	510	511
0	510	510
0	509	510
0	509	510
0	509	511
0	509	511
0	509	510
0	510	511
0	510	510
0	510	511
0	510	510
0	510	511
0	510	511
0	510	511
0	510	510
0	508	511
0	510	511
0	510	510
0	510	511
0	510	510
0	511	510
0	511	511
0	510	511
0	510	510
0	510	510
0	510	511
0	510	511
0	510	510
0	510	511
0	510	511
0	510	511
0	510	511
0	510	510
0	509	510
0	509	510
0	509	511
0	509	511
0	509	510
0	508	510
0	510	511
0	509	510
0	509	511
0	509	511
0	510	511
0	510	510
0	510	510
0	510	511
0	511	511
0	510	510
0	510	511
0	510	511
0	510	511
0	510	510
0	510	510
0	510	511
0	510	511
0	511	511
0	511	510
0	510	511
0	510	510
0	511	511
0	510	511
0	509	510
0	510	510
0	510	510
0	510	512
0	510	510
0	509	510
0	509	511
0	510	510
0	510	511
0	509	510
0	509	511
0	509	511
0	510	511
0	509	511
0	509	511
0	510	511
0	510	511
0	510	510
0	510	510
0	510	510
0	510	510
0	510	510
0	510	511
0	510	511
0	510	511
0	510	510
0	510	510
0	510	510
0	510	511
0	511	511
0	510	510
0	510	511
0	511	510
0	512	510
0	510	511
0	510	510
0	510	510
0	510	511
0	509	510
0	509	511
0	509	510
0	509	511
0	509	510
0	510	510
0	509	511
0	509	511
0	509	510
0	510	511
0	510	511
0	510	511
0	510	511
0	509	510
0	510	511
0	510	511
0	510	511
0	510	510
0	510	511
0	510	511
0	510	510
0	510	511
0	511	511
0	510	510
0	510	511
0	511	511
0	511	510
0	510	511
0	510	510
0	510	510
0	510	510
0	510	511
0	510	511
0	509	510
0	510	511
0	509	510
0	510	511
0	510	510
0	509	510
0	511	510
0	510	511
0	509	511
0	509	510
0	509	510
0	509	510
0	509	511
0	509	511
0	510	511
0	510	510
0	510	510
0	510	511
0	510	511
0	510	511
0	511	511
0	510	510
0	510	511
0	511	511
0	510	511
0	511	511
0	511	510
0	510	511
0	510	511
0	510	511
0	510	510
0	510	511
0	508	510
0	510	511
0	510	511
0	510	510
0	509	511
0	510	511
0	510	510
0	508	511
0	509	510
0	508	511
0	508	511
0	509	510
0	509	511
0	509	510
0	509	511
0	509	510
0	510	511
0	510	510
0	510	510
0	510	509
0	510	511
0	511	511
0	510	512
0	511	510
0	511	510
0	510	511
0	510	511
0	511	511
0	510	510
0	510	511
0	511	511
0	510	511
0	510	510
0	510	510
0	510	510
0	510	511
0	510	510
0	510	511
0	511	510
0	509	510
0	509	510
0	509	511
0	510	510
0	509	510
0	510	511
0	509	510
0	509	511
0	509	510
0	509	511
0	510	511
0	510	510
0	509	510
0	510	511
0	510	510
0	510	510
0	510	511
0	511	511
0	511	511
0	510	510
0	511	511
0	509	510
0	510	510
0	511	511
0	510	511
0	510	510
0	510	511
0	510	511
0	510	511
0	510	511
0	510	511
0	510	511
0	510	511
0	510	510
0	510	510
0	510	510
0	510	511
0	510	510
0	509	511
0	509	511
0	509	510
0	509	511
0	509	511
0	509	511
0	509	510
0	510	511
0	510	510
0	510	510
0	510	510
0	512	510
0	510	510
0	511	511
0	510	511
0	510	511
0	510	511
0	510	511
0	510	511
0	510	511
0	511	511
0	510	512
0	510	511
0	510	511
0	510	512
0	510	510
0	510	511
0	510	510
0	510	511
0	510	510
0	510	511
0	510	511
0	508	510
0	509	511
0	509	511
0	510	510
0	509	510
0	509	510
0	509	511
0	509	511
0	509	511
0	509	510
0	510	510
0	510	511
0	510	510
0	509	510
0	510	511
0	510	511
0	510	511
0	510	510
0	510	511
0	510	511
0	511	511
0	510	511
0	511	511
0	511	511
0	510	510
0	510	511
0	511	511
0	510	510
0	510	510
0	510	511
0	510	511
0	510	511
0	510	512
0	510	511
0	509	511
0	509	511
0	509	511
0	509	510
0	509	511
0	509	510
0	509	511
0	509	511
0	510	511
0	509	510
0	510	510
0	510	511
0	510	510
0	510	511
0	510	510
0	511	510
0	510	510
0	510	511
0	510	511
0	510	510
0	510	511
0	510	511
0	514	511
0	511	511
0	510	511
0	510	511
0	510	510
0	510	511
0	510	511
0	510	510
0	510	511
0	510	511
0	510	510
0	509	510
0	509	511
0	510	510
0	509	510
0	509	510
0	509	511
0	509	511
0	509	511
0	509	511
0	509	510
0	510	510
0	509	511
0	510	511
0	510	510
0	510	510
0	510	510
0	510	510
0	510	511
0	510	511
0	510	510
0	510	511
0	510	510
0	511	511
0	511	511
0	512	511
0	510	511
0	511	511
0	510	510
0	510	511
0	510	511
0	510	510
0	510	511
0	510	510
0	510	511
0	510	510
0	510	511
0	510	511
0	510	511
0	509	509
0	510	510
0	509	511
0	509	511
0	509	511
0	509	511
0	509	511
0	510	511
0	510	510
0	510	511
0	511	510
0	509	511
0	510	510
0	510	510
0	510	510
0	509	510
0	511	511
0	510	511
0	510	510
0	511	511
0	510	511
0	510	510
0	510	511
0	511	510
0	510	511
0	510	511
0	509	511
0	510	511
0	510	510
0	510	510
0	510	510
0	510	510
0	510	511
0	510	511
0	510	510
0	509	510
0	509	511
0	509	511
0	509	511
0	509	511
0	510	511
0	510	511
0	510	510
0	509	511
0	510	510
0	510	511
0	510	510
0	510	510
0	511	510
0	510	511
0	510	510
0	510	511
0	510	511
0	511	510
0	511	510
0	510	510
0	510	510
0	510	511
0	510	511
0	510	510
0	510	511
0	509	511
0	510	510
0	510	511
0	510	510
0	510	510
0	510	510
0	510	510
0	510	511
0	510	511
0	509	511
0	510	510
0	509	511
0	509	510
0	509	510
0	509	511
0	509	511
0	510	510
0	510	511
0	510	510
0	510	511
0	510	510
0	511	511
0	511	511
0	510	511
39	510	511
39	511	511
40	511	510
40	511	511
42	512	510
42	514	511
44	515	511
44	521	510
46	529	511
46	546	510
48	561	511
48	581	511
50	599	511
50	620	511
52	640	512
52	659	511
54	678	510
54	695	511
55	710	511
55	715	510
57	712	510
57	707	511
59	701	511
59	687	512
61	672	512
61	725	512
63	759	511
63	757	512
65	753	512
65	741	512
67	725	512
67	715	512
69	708	512
69	710	513
71	707	513
71	698	513
72	685	513
72	672	513
74	659	513
74	649	513
76	636	514
76	629	514
78	618	513
78	610	513
80	600	514
80	594	514
82	603	514
82	622	515
84	637	515
84	641	515
86	631	515
86	622	515
88	609	516
88	602	516
89	591	516
89	581	516
91	569	517
91	563	517
93	551	517
93	546	517
95	549	519
95	575	519
97	599	519
97	524	533
99	529	531
99	519	530
101	505	530
101	589	521
103	577	520
103	568	522
105	558	522
105	550	522
106	539	523
106	529	524
108	518	523
108	535	526
110	565	526
110	591	527
112	605	527
112	522	527
114	507	530
114	495	527
116	481	530
116	470	527
118	456	530
118	550	534
120	537	530
120	528	532
122	515	531
122	513	536
123	538	537
123	568	539
125	588	539
125	602	539
127	603	538
127	500	529
129	484	526
129	578	542
131	457	526
131	559	543
133	546	543
133	538	542
135	528	542
135	521	542
137	516	548
137	541	551
139	569	553
139	586	553
140	597	553
140	597	550
142	587	553
142	479	527
144	571	554
144	566	552
146	552	554
146	544	552
148	535	552
148	528	551
150	519	554
150	523	557
152	548	560
152	570	559
154	583	558
154	617	556
156	610	556
156	641	557
157	631	556
157	462	525
159	447	527
159	433	526
161	417	526
161	403	526
163	388	526
163	376	526
165	395	528
165	439	527
167	476	527
167	503	526
169	515	527
169	505	525
171	950	550
171	922	552
173	911	553
173	448	525
174	432	526
174	417	524
176	401	526
176	389	525
178	375	527
178	404	556
180	718	558
180	679	556
182	702	555
182	662	553
184	645	554
184	601	553
186	477	528
186	556	552
188	548	553
188	433	527
190	417	526
190	403	528
191	388	526
191	382	528
193	414	526
193	459	555
195	577	554
195	600	552
197	602	550
197	587	550
199	570	550
199	557	549
201	483	531
201	471	530
203	452	531
203	493	550
205	479	551
205	464	551
207	468	553
207	504	552
208	545	549
208	579	548
210	598	548
210	599	546
212	582	546
212	566	545
214	549	546
214	533	545
216	493	536
216	479	536
218	460	536
218	445	536
220	425	535
220	442	539
222	492	542
222	546	543
224	578	542
224	598	544
255	596	542
255	582	542
255	566	543
255	551	542
255	536	542
255	522	542
255	509	542
255	495	543
255	485	543
255	469	542
255	456	543
255	458	544
255	486	545
255	522	545
255	555	545
255	579	545
255	593	544
255	591	543
255	576	542
255	561	543
255	545	543
255	531	544
255	517	543
255	503	543
255	489	543
255	479	543
255	463	543
255	450	543
255	448	545
255	474	546
255	511	546
255	544	545
255	572	546
255	588	545
255	589	544
255	576	544
255	560	544
255	544	543
255	528	543
255	515	544
255	501	543
255	487	543
255	474	543
255	461	543
255	449	543
255	442	544
255	466	546
255	503	546
255	536	546
255	566	545
255	583	545
255	587	544
255	575	543
255	558	544
255	543	543
255	528	544
255	514	544
255	500	544
255	486	543
255	473	543
255	459	544
255	446	543
255	438	545
255	459	546
255	493	547
255	530	546
255	559	545
255	579	545
255	586	544
255	576	543
255	560	543
255	545	544
255	530	544
255	515	545
255	500	544
255	487	544
255	474	544
255	460	544
255	447	543
255	437	544
255	452	546
255	487	546
255	523	546
255	554	546
255	575	544
255	585	544
255	576	544
255	560	543
255	545	544
255	529	544
255	515	544
255	500	544
255	487	544
255	473	544
255	460	543
255	447	544
255	435	544
255	447	546
255	480	546
255	518	546
255	548	546
255	573	546
255	584	545
255	580	544
255	563	544
255	548	544
255	532	544
255	518	544
255	502	544
255	489	544
255	476	544
255	464	544
255	450	544
255	437	543
255	443	546
255	473	546
255	511	546
255	545	547
255	568	546
255	584	545
255	580	544
255	565	543
255	549	544
255	534	544
255	519	544
255	505	544
255	491	544
255	477	544
255	463	544
255	451	544
255	438	543
255	439	545
255	468	547
255	506	547
255	538	547
255	566	545
255	582	545
255	582	544
255	568	544
255	551	544
255	536	544
255	521	544
255	507	544
255	493	544
255	479	544
255	466	544
255	453	544
255	440	543
255	438	545
255	463	546
255	499	546
255	534	547
255	563	545
255	580	545
255	583	544
255	570	544
255	554	543
255	538	544
255	523	544
255	509	543
255	494	544
255	480	544
255	467	544
255	454	543
255	441	544
255	434	544
255	457	546
255	491	547
255	529	545
255	559	546
255	578	546
255	584	544
255	573	544
255	556	544
255	542	544
255	526	544
255	511	544
255	497	545
255	483	544
255	470	544
255	457	544
255	444	543
255	434	544
255	451	546
255	487	546
255	524	547
255	555	546
255	576	545
255	585	545
255	575	544
255	559	544
255	543	544
255	528	544
255	513	545
255	499	544
255	485	544
255	472	544
255	459	544
255	445	544
255	434	545
255	448	546
255	480	546
255	517	547
255	548	546
255	571	545
255	582	545
255	577	544
255	561	544
255	545	544
255	530	544
255	515	545
255	501	544
255	487	544
255	473	544
255	460	544
255	447	544
255	435	545
255	443	545
255	474	546
255	510	546
255	545	546
255	569	545
255	583	544
255	578	544
255	563	543
255	548	544
255	533	544
255	517	544
255	502	545
255	489	544
255	475	544
255	462	544
255	448	544
255	437	544
255	442	546
255	473	545
255	509	546
255	539	546
255	568	546
255	582	544
255	582	544
255	567	543
255	550	544
255	539	545
255	520	544
255	506	544
255	492	544
255	478	544
255	464	544
255	452	544
255	439	544
255	439	546
255	467	546
255	504	546
255	537	547
255	565	546
255	581	545
255	583	544
255	570	543
255	553	544
255	537	544
255	523	545
255	508	544
255	494	543
255	480	544
255	467	544
255	454	544
255	441	544
255	434	545
255	457	546
255	492	546
255	529	546
255	559	546
255	578	545
255	583	544
255	571	544
255	555	543
255	540	544
255	525	544
255	510	544
255	495	544
255	482	544
255	468	544
255	455	544
255	443	543
255	434	545
255	452	546
255	489	547
255	524	546
255	556	546
255	576	545
255	583	545
255	574	544
255	557	545
255	541	544
255	527	543
255	512	544
255	498	543
255	484	544
255	470	544
255	456	544
255	445	544
255	434	545
255	452	546
255	484	546
255	522	547
255	552	546
255	574	546
255	583	545
255	576	544
255	560	544
255	545	544
255	530	545
255	514	543
255	500	544
255	486	544
255	473	544
255	459	544
255	446	544
255	435	544
255	445	546
255	476	547
255	515	546
255	547	547
255	570	546
255	583	545
255	577	543
255	562	544
255	547	544
255	530	544
255	516	544
255	502	544
255	489	545
255	474	544
255	461	544
255	447	545
255	435	543
255	440	546
255	470	546
255	507	547
255	540	546
255	567	545
255	581	544
255	580	544
255	565	544
255	549	544
255	533	545
255	519	544
255	505	544
255	490	544
255	477	544
255	463	544
255	450	544
255	438	543
255	438	546
255	466	546
255	503	546
255	538	546
255	566	545
255	581	546
255	582	544
255	568	544
255	551	544
255	536	544
255	522	544
255	507	544
255	492	544
255	478	544
255	465	544
255	452	544
255	439	544
255	435	546
255	461	546
255	496	547
255	532	546
255	561	546
255	579	545
255	583	544
255	571	544
255	554	544
255	539	544
255	524	544
255	509	544
255	495	544
255	481	544
255	468	544
255	455	543
255	442	543
255	434	545
255	454	546
255	490	547
255	526	546
255	555	546
255	576	546
255	583	544
255	573	544
255	556	544
255	541	544
255	526	544
255	511	544
255	497	545
255	481	544
224	469	543
224	449	546
222	412	538
222	433	550
220	470	548
220	507	545
218	550	547
218	574	548
216	569	542
216	564	546
214	545	547
214	504	539
212	510	547
212	461	537
210	474	550
210	412	533
208	441	552
208	364	531
207	435	555
207	472	555
205	520	553
205	502	537
203	574	552
203	572	551
201	556	551
201	537	551
199	520	551
199	502	553
197	484	554
197	468	556
195	454	556
195	456	557
193	470	558
193	483	560
191	485	560
191	525	558
190	559	558
190	575	557
188	573	555
188	559	556
186	542	556
186	532	557
184	526	557
184	572	557
182	612	558
182	733	558
180	786	557
180	842	556
178	843	560
178	783	561
176	697	561
176	790	560
174	806	559
174	856	556
173	835	556
173	850	557
171	835	556
171	912	555
169	864	556
169	751	560
167	690	561
167	584	563
165	540	562
165	582	566
163	742	564
163	798	564
161	814	563
161	768	562
159	758	560
159	698	560
157	688	562
157	625	563
156	577	561
156	517	563
154	505	560
154	495	560
152	485	558
152	476	560
150	479	564
150	507	563
148	534	565
148	548	561
146	557	563
146	556	558
144	548	561
144	535	558
142	524	559
142	507	557
140	499	554
140	486	551
139	474	552
139	470	547
137	471	551
137	467	551
135	496	555
135	529	559
133	547	552
133	553	554
131	551	549
131	536	551
129	527	550
129	512	545
127	498	546
127	478	542
125	464	542
125	456	536
123	454	538
123	448	535
122	457	540
122	479	542
120	517	543
120	534	542
118	543	538
118	534	538
116	522	536
116	509	536
114	493	534
114	472	532
112	458	530
112	450	529
110	445	527
110	437	527
108	435	527
108	444	528
106	471	530
106	503	528
105	524	529
105	529	525
103	405	537
103	503	525
101	490	525
101	472	525
99	461	523
99	449	522
97	441	523
97	430	520
95	423	521
95	418	521
93	439	522
93	462	520
91	485	520
91	501	518
89	507	520
89	491	519
88	478	518
88	468	518
86	460	517
86	446	518
84	440	518
84	428	517
82	419	517
82	404	516
80	401	517
80	416	516
78	446	517
78	468	516
76	485	516
76	485	515
74	475	516
74	459	515
72	448	514
72	433	514
71	423	514
71	415	515
69	409	514
69	397	514
67	389	514
67	347	513
65	151	514
65	161	514
63	180	514
63	186	513
61	195	513
61	200	513
59	208	512
59	214	513
57	337	530
57	214	512
55	211	512
55	216	512
54	222	512
54	234	512
52	242	512
52	246	512
50	253	512
50	258	512
48	257	512
48	256	511
46	261	510
46	263	510
44	272	511
44	283	511
42	258	511
42	245	510
40	240	511
40	225	511
39	200	511
39	182	510
0	169	510
0	160	510
0	155	510
0	162	510
0	180	511
0	210	510
0	250	510
0	296	510
0	349	511
0	406	510
0	465	511
0	525	511
0	583	510
0	637	511
0	684	510
0	724	511
0	755	511
0	778	511
0	789	511
0	792	511
0	784	511
0	767	510
0	742	511
0	709	510
0	670	511
0	627	511
0	580	510
0	532	510
0	485	510
0	439	510
0	399	511
0	363	510
0	332	510
0	309	510
0	294	511
0	287	511
0	287	510
0	296	510
0	311	511
0	334	510
0	362	511
0	394	511
0	428	511
0	467	510
0	505	511
0	542	510
0	577	510
0	609	511
0	637	510
0	659	510
0	676	511
0	685	510
0	689	510
0	686	510
0	678	511
0	663	510
0	643	511
0	620	511
0	593	510
0	564	510
0	534	510
0	503	511
0	474	511
0	447	510
0	423	510
0	402	510
0	387	510
0	376	511
0	369	511
0	368	510
0	372	509
0	381	511
0	394	511
0	410	511
0	430	510
0	453	510
0	477	511
0	501	511
0	525	510
0	548	511
0	568	512
0	586	511
0	601	511
0	613	511
0	620	510
0	623	511
0	622	511
0	617	511
0	610	511
0	598	511
0	583	510
0	566	511
0	548	511
0	529	510
0	509	511
0	491	511
0	473	510
0	458	510
0	444	510
0	433	511
0	425	511
0	421	511
0	420	511
0	422	511
0	427	510
0	435	511
0	445	510
0	457	510
0	470	510
0	483	511
0	501	510
0	517	510
0	532	511
0	545	511
0	557	510
0	567	510
0	575	511
0	580	511
0	582	511
0	582	510
0	579	511
0	574	511
0	567	511
0	558	511
0	547	511
0	536	511
0	523	510
0	511	511
0	499	511
0	488	510
0	477	510
0	469	510
0	462	510
0	457	511
0	454	511
0	453	510
0	453	511
0	457	511
0	462	510
0	468	511
0	476	511
0	485	510
0	494	511
0	504	511
0	514	510
0	523	510
0	532	511
0	540	510
0	545	511
0	551	511
0	554	510
0	556	510
0	555	511
0	554	510
0	551	510
0	546	510
0	540	511
0	534	510
0	526	510
0	519	510
0	511	511
0	503	511
0	495	511
0	490	511
0	484	511
0	479	511
0	476	510
0	474	511
0	473	511
0	474	510
0	476	511
0	479	511
0	483	510
0	489	511
0	494	510
0	500	510
0	507	511
0	513	511
0	519	510
0	524	510
0	529	511
0	533	511
0	536	511
0	538	510
0	539	511
0	539	510
0	538	510
0	536	511
0	533	511
0	529	510
0	525	510
0	520	511
0	515	510
0	510	511
0	505	511
0	501	510
0	496	511
0	493	511
0	490	510
0	488	510
0	487	510
0	487	510
0	487	510
0	488	511
0	491	511
0	494	510
0	497	511
0	500	510
0	504	510
0	508	511
0	512	510
0	516	509
0	519	511
0	522	510
0	525	510
0	527	510
0	528	510
0	528	511
0	528	511
0	529	511
0	526	510
0	524	511
0	522	511
0	519	511
0	516	511
0	513	511
0	509	511
0	507	510
0	503	510
0	501	511
0	499	510
0	497	510
0	496	511
0	495	511
0	495	511
0	495	510
0	496	511
0	498	510
0	500	511
0	501	510
0	504	511
0	507	510
0	509	510
0	512	511
0	514	510
0	516	511
0	519	511
0	520	510
0	521	511
0	522	511
0	522	510
0	521	511
0	521	511
0	520	510
0	518	511
0	517	510
0	515	511
0	513	510
0	511	510
0	509	510
0	508	510
0	505	510
0	504	510
0	502	510
0	501	511
0	504	511
0	500	511
0	500	510
0	501	511
0	501	510
0	502	511
0	504	511
0	505	511
0	507	510
0	509	511
0	510	510
0	511	511
0	513	511
0	515	511
0	516	510
0	516	510
0	517	511
0	518	510
0	518	511
0	517	511
0	517	510
0	517	510
0	515	511
0	513	510
0	513	511
0	512	510
0	510	511
0	509	511
0	508	511
0	507	511
0	506	510
0	505	510
0	504	511
0	504	511
0	503	510
0	504	510
0	504	511
0	504	510
0	505	510
0	506	510
0	507	511
0	508	510
0	507	511
0	510	511
0	511	511
0	512	510
0	513	510
0	514	511
0	515	511
0	515	510
0	515	511
0	512	511
0	515	510
0	513	511
0	514	511
0	514	511
0	512	510
0	511	511
0	511	510
0	510	510
0	509	511
0	509	510
0	508	511
0	507	510
0	506	511
0	506	510
0	506	510
0	506	511
0	506	511
0	506	510
0	507	510
0	507	511
0	509	510
0	508	510
0	509	510
0	510	510
0	511	510
0	511	511
0	512	511
0	512	510
0	513	510
0	513	510
0	513	511
0	513	511
0	513	511
0	513	510
0	513	511
0	513	511
0	512	511
0	511	511
0	511	511
0	510	510
0	510	510
0	509	511
0	508	511
0	508	510
0	508	511
0	508	511
0	507	510
0	507	511
0	507	510
0	507	511
0	507	511
0	507	511
0	508	510
0	509	511
0	509	511
0	509	510
0	510	511
0	511	511
0	511	510
0	511	510
0	512	510
0	512	511
0	513	510
0	512	511
0	513	511
0	512	510
0	512	511
0	512	510
0	512	511
0	512	510
0	511	511
0	511	510
0	511	511
0	509	511
0	509	510
0	509	511
0	509	510
0	508	511
0	508	511
0	509	510
0	508	510
0	508	511
0	508	511
0	508	511
0	508	511
0	509	511
0	509	511
0	509	510
0	509	510
0	510	511
0	510	511
0	511	511
0	509	510
0	511	511
0	511	511
0	511	511
0	512	511
0	512	511
0	511	510
0	512	510
0	511	511
0	511	511
0	512	511
0	511	511
0	510	511
0	510	510
0	510	511
0	509	511
0	509	511
0	508	511
0	508	511
0	509	511
0	508	511
0	508	511
0	509	511
0	508	511
0	509	511
0	509	510
0	509	511
0	511	510
0	509	511
0	510	510
0	510	511
0	511	511
0	510	510
0	511	511
0	510	510
0	511	510
0	511	510
0	511	511
0	512	511
0	511	510
0	511	511
0	511	510
0	511	511
0	511	510
0	511	511
0	510	511
0	510	511
0	510	511
0	510	511
0	509	510
0	509	511
0	507	511
0	509	510
0	510	511
0	511	510
0	509	511
0	509	510
0	509	511
0	509	511
0	509	511
0	509	511
0	509	510
0	510	511
0	510	510
0	510	511
0	511	511
0	511	511
0	511	511
0	511	510
0	511	511
0	511	511
0	511	511
0	510	510
0	510	510
0	511	510
0	511	511
0	511	510
0	510	510
0	511	511
0	510	510
0	510	511
0	510	510
0	510	510
0	510	511
0	508	510
0	509	510
0	509	511
0	508	511
0	509	510
0	509	510
0	510	511
0	509	511
0	510	511
0	509	510
0	509	510
0	510	510
0	510	511
0	510	511
0	510	510
0	510	511
0	510	510
0	511	511
0	510	510
0	511	511
0	511	511
0	511	511
0	511	511
0	511	511
0	510	510
0	511	510
0	511	511
0	510	511
0	510	510
0	510	511
0	510	510
0	510	511
0	510	511
0	510	511
0	510	510
0	509	510
0	509	510
0	509	511
0	509	510
0	510	510
0	509	511
0	509	511
0	509	511
0	510	510
0	509	510
0	510	510
0	510	511
0	510	511
0	510	511
0	510	511
0	509	511
0	510	510
0	510	511
0	510	511
0	511	511
0	510	510
0	510	510
0	511	510
0	510	511
0	510	511
0	510	511
0	510	510
0	511	510
0	510	511
0	510	510
0	510	510
0	510	511
0	510	510
0	509	511
0	509	510
0	509	510
0	509	510
0	509	511
0	509	511
0	509	510
0	509	510
0	509	510
0	509	511
0	510	511
0	510	510
0	509	511
0	510	511
0	510	510
0	510	511
0	510	511
0	510	511
0	510	511
0	510	511
0	510	510
0	511	510
0	510	511
0	511	512
0	510	511
0	511	511
0	510	511
0	510	510
0	510	511
0	510	511
0	510	511
0	510	511
0	510	509
0	510	511
0	510	511
0	510	511
0	510	511
0	510	510
0	510	510
0	510	510
0	510	511
0	510	510
0	509	510
0	510	511
0	510	511
0	510	510
0	510	511
0	509	510
0	510	511
0	511	510
0	510	511
0	510	511
0	511	511
0	511	511
0	510	510
0	511	511
0	510	510
0	510	511
0	510	511
0	510	510
0	510	511
0	510	511
0	510	511
0	510	511
0	511	511
0	510	510
0	510	511
0	510	512
0	510	511
0	510	511
0	509	510
0	510	511
0	510	511
0	510	511
0	509	510
0	509	511
0	510	511
0	509	511
0	509	511
0	510	510
0	510	511
0	510	510
0	510	511
0	510	510
0	510	511
0	510	511
0	510	511
0	510	510
0	510	510
0	510	511
0	511	511
0	510	510
0	510	510
0	509	511
0	511	510
0	510	510
0	509	511
0	510	510
0	510	510
0	510	510
0	510	511
0	510	510
0	510	510
0	510	511
0	510	511
0	512	511
0	509	511
0	510	511
0	509	510
0	509	511
0	510	510
0	509	511
0	509	511
0	509	510
0	510	510
0	509	511
0	510	510
0	510	510
0	510	511
0	510	510
0	510	510
0	510	510
0	511	511
0	510	511
0	510	510
0	511	511
0	511	511
0	510	511
0	511	511
0	510	511
0	510	510
0	510	512
0	511	510
0	510	511
0	510	511
0	510	510
0	510	510
0	510	510
0	510	510
0	510	511
0	510	511
0	510	510
0	509	511
0	510	511
0	509	511
0	509	511
0	509	510
0	509	510
0	510	510
0	509	511
0	510	511
0	510	511
0	510	510
0	510	511
0	510	511
0	510	510
0	510	510
0	511	510
0	510	510
0	510	511
0	510	510
0	510	511
0	510	510
0	510	510
0	510	510
0	510	510
0	510	511
0	510	511
0	510	510
0	510	511
0	510	510
0	510	510
0	510	510
0	510	510
0	510	511
0	509	511
0	509	510
0	509	511
0	510	511
0	509	511
0	509	511
0	509	511
0	510	511
0	510	511
0	510	510
0	510	511
0	510	511
0	510	511
0	510	511
0	510	510
0	510	511
0	511	511
0	511	511
0	511	511
0	510	510
0	511	511
0	511	511
0	510	510
0	511	510
0	511	511
0	510	511
0	510	511
0	510	511
0	510	511
0	510	510
0	510	511
0	510	511
0	510	511
0	510	511
0	510	511
0	511	511
0	510	511
0	509	510
0	509	511
0	509	511
0	509	510
0	510	511
0	509	511
0	509	511
0	510	510
0	510	511
0	510	510
0	510	511
0	510	511
0	510	512
0	510	510
0	510	511
0	510	511
0	510	510
0	510	511
0	510	510
0	510	511
0	510	510
0	510	511
0	510	511
0	510	510
0	510	510
0	510	511
0	510	510
0	509	510
0	510	511
0	512	510
0	510	510
0	510	511
0	510	510
0	510	510
0	509	511
0	509	511
0	509	510
0	509	511
0	508	510
0	509	511
0	509	510
0	509	511
0	510	511
0	509	510
0	510	511
0	510	511
0	510	511
0	510	510
0	511	511
0	510	511
0	510	510
