V2_mean	Isense_mean	dt
509	510	500
PWM	V2_read	Isense_read
0	510	511
39	509	510
40	510	510
42	525	510
44	512	511
46	541	514
48	540	511
50	635	518
52	605	510
54	510	521
55	695	511
57	494	510
59	612	519
61	801	511
63	1023	521
65	861	511
67	987	520
69	843	512
71	841	523
72	812	513
74	755	525
76	782	512
78	707	524
80	756	512
82	679	526
84	734	513
86	654	513
88	643	525
89	702	514
91	620	528
93	692	516
95	629	527
97	705	517
99	629	527
101	688	519
103	606	526
105	671	519
106	587	526
108	652	521
110	562	526
112	635	523
114	542	524
116	532	525
118	616	528
120	526	526
122	634	531
123	574	525
125	661	534
127	590	525
129	658	536
131	562	525
133	641	540
135	537	525
137	630	540
139	514	523
140	613	544
142	489	544
144	477	526
146	586	547
148	472	525
150	606	551
152	534	526
154	626	554
156	567	524
157	666	549
159	543	524
161	714	552
163	517	525
165	792	550
167	493	523
169	834	549
171	468	549
173	455	525
174	846	550
176	445	524
178	809	554
180	514	526
182	719	552
184	555	527
186	654	549
188	539	525
190	604	549
191	512	526
193	573	548
195	486	526
197	543	549
199	465	547
201	455	527
203	504	547
205	447	528
207	536	548
208	534	534
210	605	547
212	587	534
214	626	543
216	590	535
218	596	542
220	572	538
222	566	541
224	548	539
255	537	542
255	525	540
255	512	540
255	499	540
255	487	541
255	494	542
255	524	544
255	557	542
255	589	543
255	606	543
255	615	542
255	605	541
255	590	541
255	574	541
255	559	541
255	545	541
255	531	542
255	517	541
255	503	542
255	491	541
255	478	542
255	465	542
255	476	544
255	506	544
255	543	544
255	573	544
255	595	544
255	602	543
255	594	543
255	577	542
255	563	542
255	549	542
255	532	543
255	519	543
255	505	543
255	491	543
255	479	542
255	466	543
255	454	543
255	465	544
255	499	545
255	535	545
255	565	545
255	585	545
255	595	543
255	586	544
255	570	542
255	555	543
255	539	543
255	524	543
255	511	544
255	497	543
255	483	543
255	470	543
255	457	543
255	446	543
255	459	545
255	491	545
255	529	545
255	560	545
255	582	544
255	591	544
255	584	543
255	568	544
255	552	543
255	537	543
255	521	543
255	507	543
255	493	543
255	480	544
255	467	543
255	454	543
255	443	544
255	455	545
255	489	547
255	526	546
255	556	546
255	577	545
255	588	544
255	580	544
255	564	544
255	548	544
255	533	543
255	518	544
255	503	544
255	490	543
255	476	544
255	462	544
255	450	544
255	437	544
255	452	546
255	485	546
255	523	546
255	555	546
255	577	545
255	587	544
255	580	543
255	563	543
255	548	544
255	533	544
255	518	544
255	503	544
255	489	544
255	475	544
255	462	543
255	449	544
255	438	544
255	449	545
255	484	546
255	521	546
255	555	546
255	575	546
255	586	544
255	578	544
255	562	544
255	546	544
255	532	544
255	515	544
255	501	544
255	488	544
255	473	544
255	460	544
255	447	544
255	436	545
255	451	546
255	483	546
255	521	546
255	550	547
255	575	545
255	584	544
255	578	544
255	562	543
255	547	544
255	532	544
255	517	544
255	502	544
255	488	545
255	475	544
255	461	543
255	448	544
255	437	544
255	449	546
255	481	547
255	519	546
255	552	547
255	573	546
255	586	545
255	578	544
255	562	544
255	547	544
255	531	544
255	516	544
255	502	544
255	488	544
255	474	544
255	457	543
255	447	543
255	435	544
255	445	546
255	477	546
255	515	546
255	547	546
255	572	545
255	582	545
255	578	544
255	561	544
255	546	544
255	531	544
255	516	544
255	501	544
255	487	544
255	474	544
255	461	544
255	447	544
255	435	544
255	448	545
255	480	547
255	518	546
255	551	546
255	571	546
255	584	544
255	577	544
255	561	544
255	545	544
255	530	544
255	515	544
255	501	544
255	487	544
255	473	544
255	459	544
255	445	543
255	434	543
255	443	546
255	476	547
255	514	547
255	545	546
255	571	545
255	582	545
255	578	544
255	562	544
255	546	544
255	531	544
255	517	544
255	502	544
255	488	544
255	474	544
255	461	544
255	447	544
255	436	544
255	444	545
255	476	546
255	514	546
255	547	546
255	569	546
255	583	545
255	578	545
255	563	545
255	547	544
255	531	544
255	517	544
255	502	544
255	487	543
255	475	543
255	461	544
255	448	544
255	435	544
255	440	546
255	472	547
255	509	546
255	541	546
255	568	545
255	581	545
255	580	544
255	564	544
255	548	544
255	533	544
255	519	544
255	503	544
255	489	544
255	476	544
255	462	544
255	453	544
255	436	543
255	440	546
255	470	546
255	508	546
255	543	546
255	567	546
255	583	545
255	580	544
255	565	544
255	548	544
255	533	544
255	518	544
255	503	545
255	489	544
255	476	543
255	462	544
255	448	544
255	436	544
255	444	545
255	474	547
255	511	547
255	540	546
255	570	545
255	581	545
255	580	545
255	564	543
255	549	544
255	533	544
255	519	544
255	504	544
255	491	544
255	476	544
255	462	543
255	450	544
255	437	544
255	440	545
255	470	547
255	507	547
255	541	546
255	567	547
255	582	544
255	581	543
255	566	543
255	550	544
255	535	545
255	520	544
255	505	544
255	491	544
255	477	544
255	463	544
255	450	544
255	438	544
255	436	545
255	464	547
255	501	546
255	534	546
255	564	546
255	580	545
255	581	544
255	567	544
255	551	544
255	535	544
255	521	544
255	506	544
255	492	544
255	477	544
255	464	545
255	451	544
255	439	544
255	438	545
255	465	546
255	502	547
255	536	548
255	564	546
255	581	545
255	582	544
255	569	544
255	553	544
255	537	544
255	522	544
255	507	545
255	492	544
255	479	544
255	465	544
255	452	544
255	440	544
255	434	546
255	460	546
255	497	547
255	535	546
255	561	546
255	579	545
255	582	544
255	569	544
255	553	544
255	537	544
255	522	544
255	508	544
255	493	544
255	479	544
255	465	544
255	452	544
255	439	544
255	438	546
255	464	547
255	501	547
255	535	546
255	564	546
255	580	546
255	582	544
255	569	544
255	552	545
255	537	545
255	522	544
255	507	544
255	492	544
255	479	545
255	465	544
255	452	544
255	439	543
255	436	545
255	463	547
255	497	547
255	532	545
255	562	545
255	579	545
255	584	544
255	570	544
255	554	544
255	538	544
255	523	544
255	509	544
255	494	544
255	479	544
255	466	544
255	453	543
255	440	544
255	436	545
255	460	546
255	497	546
255	531	546
255	563	545
255	579	545
255	583	544
255	571	543
255	554	544
255	538	544
255	523	544
255	508	544
255	493	544
255	477	544
255	466	544
255	453	544
255	440	545
255	433	545
255	458	546
255	493	547
255	530	547
255	559	546
224	577	545
222	581	545
220	564	544
218	540	543
216	528	546
214	492	540
212	492	548
210	473	550
208	411	534
207	440	553
205	360	531
203	431	557
201	403	535
199	514	554
197	479	533
195	568	555
193	493	531
191	555	555
190	447	530
188	521	557
186	511	557
184	394	528
182	596	559
180	712	559
178	337	526
176	800	559
174	311	529
173	850	559
171	389	527
169	914	559
167	962	558
165	461	528
163	850	559
161	429	529
159	732	562
157	392	527
156	548	562
154	504	562
152	335	529
150	476	560
148	473	558
146	285	529
144	465	563
142	361	532
140	516	562
139	427	529
137	544	557
135	543	555
133	408	531
131	518	551
129	370	530
127	482	549
125	328	532
123	450	539
122	444	535
120	271	533
118	433	534
116	441	537
114	320	536
112	489	534
110	390	535
108	519	531
106	391	537
105	493	527
103	478	526
101	459	525
99	313	535
97	434	523
95	286	540
93	412	521
91	254	539
89	242	542
88	388	519
86	292	546
84	444	520
82	333	547
80	467	516
78	460	516
76	443	517
74	325	547
72	407	515
71	393	515
69	382	515
67	550	529
65	95	514
63	361	532
61	117	515
59	125	513
57	113	513
55	108	512
54	110	514
52	204	514
50	101	513
48	91	512
46	82	512
44	77	512
42	76	511
40	0	538
39	16	511
0	0	513
0	0	519
0	0	518
0	0	516
0	0	516
0	0	515
0	0	514
0	0	512
0	3	511
0	18	510
0	45	511
0	88	511
0	143	510
0	210	510
0	286	510
0	367	511
0	451	510
0	536	510
0	617	510
0	693	511
0	758	511
0	814	511
0	858	511
0	888	511
0	905	511
0	908	511
0	897	510
0	874	511
0	838	510
0	791	510
0	737	510
0	675	511
0	610	510
0	543	511
0	476	510
0	413	511
0	355	510
0	303	510
0	260	510
0	227	511
0	205	511
0	194	510
0	194	510
0	206	510
0	228	511
0	258	511
0	297	511
0	343	510
0	393	511
0	445	510
0	498	510
0	552	510
0	602	511
0	647	511
0	687	510
0	718	511
0	743	511
0	757	511
0	760	510
0	760	511
0	748	510
0	729	511
0	702	510
0	669	510
0	632	510
0	591	511
0	549	511
0	504	510
0	463	511
0	425	510
0	390	512
0	361	510
0	338	510
0	321	510
0	311	511
0	309	510
0	314	510
0	325	511
0	343	510
0	366	510
0	393	511
0	424	511
0	458	511
0	492	511
0	525	509
0	559	510
0	588	511
0	614	511
0	636	511
0	653	511
0	665	510
0	670	510
0	672	511
0	666	511
0	653	511
0	637	510
0	617	511
0	594	511
0	567	511
0	542	510
0	514	510
0	487	510
0	463	511
0	440	511
0	420	511
0	404	511
0	392	511
0	385	511
0	382	510
0	384	511
0	390	511
0	401	510
0	414	511
0	431	511
0	451	511
0	471	511
0	493	510
0	515	511
0	536	511
0	556	511
0	574	511
0	589	511
0	599	511
0	607	511
0	612	510
0	612	510
0	609	511
0	602	510
0	593	511
0	581	511
0	567	511
0	550	511
0	534	511
0	516	511
0	498	511
0	482	510
0	468	511
0	455	511
0	444	511
0	436	511
0	432	511
0	429	511
0	430	511
0	433	511
0	439	511
0	448	511
0	458	510
0	471	511
0	485	511
0	499	510
0	512	511
0	525	510
0	537	511
0	549	510
0	559	510
0	566	511
0	571	510
0	575	511
0	575	511
0	573	511
0	569	510
0	563	511
0	556	511
0	546	511
0	537	511
0	526	511
0	515	510
0	504	511
0	493	511
0	484	511
0	475	511
0	468	510
0	463	510
0	461	510
0	458	511
0	459	511
0	461	510
0	465	511
0	470	510
0	477	511
0	485	510
0	493	510
0	503	511
0	511	511
0	519	511
0	528	511
0	535	510
0	539	511
0	545	511
0	548	511
0	551	510
0	551	510
0	550	511
0	549	510
0	544	510
0	539	511
0	533	510
0	527	510
0	520	511
0	513	511
0	506	510
0	499	510
0	493	511
0	488	511
0	483	511
0	480	511
0	479	510
0	478	511
0	478	511
0	479	511
0	482	511
0	483	510
0	489	510
0	494	510
0	499	511
0	505	511
0	511	510
0	516	510
0	522	511
0	526	511
0	530	510
0	533	511
0	535	511
0	536	511
0	536	510
0	535	510
0	534	511
0	532	511
0	528	511
0	524	511
0	520	511
0	516	511
0	511	509
0	507	510
0	503	510
0	499	510
0	496	511
0	493	509
0	491	510
0	490	510
0	489	511
0	491	510
0	491	511
0	492	511
0	495	511
0	497	511
0	500	511
0	504	511
0	507	510
0	511	511
0	514	511
0	518	511
0	521	511
0	523	511
0	525	511
0	526	510
0	527	511
0	527	511
0	522	510
0	525	510
0	523	510
0	521	511
0	519	511
0	516	511
0	513	510
0	510	511
0	507	511
0	505	511
0	502	511
0	500	510
0	499	511
0	498	510
0	497	511
0	497	510
0	497	510
0	497	510
0	499	511
0	500	510
0	502	511
0	504	511
0	507	511
0	508	511
0	511	511
0	513	511
0	514	511
0	517	510
0	519	511
0	520	511
0	520	512
0	520	511
0	520	510
0	520	511
0	520	511
0	519	511
0	517	511
0	515	511
0	513	511
0	512	511
0	511	510
0	508	510
0	506	510
0	505	511
0	503	510
0	502	511
0	502	510
0	502	511
0	501	510
0	501	511
0	502	510
0	503	510
0	504	510
0	506	511
0	507	510
0	508	511
0	510	511
0	511	510
0	512	511
0	514	511
0	515	510
0	516	510
0	517	511
0	517	511
0	517	510
0	517	511
0	517	510
0	516	510
0	515	510
0	513	510
0	513	511
0	511	510
0	510	511
0	509	511
0	508	511
0	507	510
0	506	511
0	505	511
0	505	510
0	508	511
0	504	510
0	504	511
0	504	511
0	505	511
0	506	511
0	507	511
0	507	510
0	508	511
0	509	510
0	510	511
0	511	511
0	514	511
0	513	511
0	513	510
0	514	511
0	514	511
0	515	511
0	515	510
0	515	511
0	515	511
0	514	511
0	513	511
0	512	510
0	511	511
0	511	510
0	510	510
0	509	511
0	509	510
0	508	511
0	507	511
0	507	511
0	506	511
0	506	510
0	506	511
0	506	511
0	506	511
0	507	511
0	507	511
0	508	511
0	508	510
0	509	510
0	509	511
0	510	511
0	511	510
0	512	510
0	512	511
0	513	511
0	513	511
0	513	511
0	513	510
0	513	511
0	513	511
0	513	511
0	512	510
0	512	510
0	511	510
0	511	511
0	510	511
0	510	511
0	509	510
0	509	511
0	508	510
0	508	511
0	507	511
0	508	511
0	507	511
0	507	511
0	507	511
0	507	510
0	508	511
0	506	510
0	509	510
0	509	510
0	510	511
0	510	511
0	511	510
0	511	510
0	511	511
0	511	511
0	512	510
0	512	510
0	512	510
0	512	511
0	512	511
0	512	511
0	512	511
0	512	511
0	511	511
0	511	511
0	511	510
0	510	510
0	510	511
0	509	511
0	509	511
0	509	511
0	509	511
0	508	510
0	508	511
0	508	511
0	507	511
0	508	511
0	508	511
0	508	510
0	509	511
0	508	511
0	509	510
0	509	511
0	511	511
0	510	511
0	511	511
0	511	511
0	511	510
0	511	511
0	511	511
0	511	510
0	511	510
0	512	510
0	512	511
0	512	510
0	511	510
0	511	511
0	511	511
0	510	510
0	510	511
0	510	511
0	509	511
0	507	510
0	509	511
0	509	511
0	509	511
0	509	511
0	508	511
0	509	510
0	508	511
0	509	511
0	509	510
0	509	511
0	509	511
0	509	511
0	509	511
0	510	511
0	510	510
0	510	510
0	511	510
0	510	511
0	511	511
0	511	511
0	511	511
0	511	510
0	511	510
0	511	511
0	511	511
0	511	511
0	511	510
0	510	510
0	511	511
0	510	511
0	510	511
0	509	510
0	509	511
0	509	510
0	509	511
0	511	510
0	509	511
0	509	511
0	509	511
0	509	511
0	509	510
0	509	511
0	509	510
0	509	510
0	509	510
0	510	511
0	510	510
0	510	511
0	510	511
0	510	511
0	513	510
0	511	510
0	511	510
0	511	510
0	511	510
0	511	510
0	511	511
0	511	510
0	511	511
0	511	511
0	510	510
0	510	511
0	510	511
0	510	511
0	510	511
0	509	510
0	509	510
0	509	511
0	509	511
0	509	510
0	509	511
0	509	510
0	510	511
0	509	510
0	509	511
0	509	511
0	509	510
0	509	511
0	509	510
0	509	510
0	510	511
0	510	511
0	509	510
0	511	511
0	510	511
0	511	510
0	511	511
0	511	511
0	511	511
0	511	511
0	511	511
0	510	511
0	511	511
0	511	511
0	510	510
0	510	511
0	510	511
0	510	510
0	510	510
0	510	511
0	509	511
0	509	511
0	509	511
0	509	511
0	510	511
0	509	510
0	509	511
0	509	511
0	509	511
0	509	510
0	510	510
0	510	510
0	510	511
0	510	510
0	510	511
0	509	511
0	510	511
0	510	511
0	510	510
0	511	511
0	510	511
0	510	510
0	510	511
0	510	510
0	511	510
0	512	511
0	511	511
0	510	510
0	510	511
0	510	510
0	510	511
0	510	511
0	510	511
0	510	510
0	511	510
0	509	511
0	509	510
0	509	511
0	509	511
0	510	511
0	510	511
0	509	511
0	509	511
0	509	511
0	509	510
0	509	511
0	510	510
0	510	511
0	510	511
0	510	511
0	510	511
0	510	511
0	510	509
0	510	511
0	510	511
0	510	511
0	510	511
0	509	511
0	510	511
0	510	510
0	511	511
0	510	511
0	510	510
0	510	511
0	510	511
0	510	510
0	510	511
0	510	511
0	509	511
0	510	512
0	509	511
0	510	511
0	510	510
0	510	511
0	510	510
0	510	511
0	509	510
0	509	511
0	510	510
0	510	510
0	509	510
0	509	511
0	510	511
0	510	511
0	510	511
0	510	511
0	510	510
0	510	510
0	510	511
0	510	510
0	510	511
0	510	511
0	510	511
0	510	511
0	510	510
0	511	511
0	510	511
0	510	511
0	510	511
0	510	510
0	510	510
0	510	511
0	510	511
0	510	511
0	510	511
0	509	511
0	510	511
0	509	510
0	509	511
0	509	511
0	510	511
0	509	511
0	509	510
0	509	511
0	510	511
0	510	511
0	510	510
0	510	510
0	510	510
0	510	511
0	510	511
0	510	510
0	510	511
0	511	511
0	510	511
0	511	511
0	510	511
0	510	510
0	511	511
0	510	511
0	511	511
0	510	511
0	509	511
0	510	510
0	511	511
0	510	511
0	510	511
0	510	511
0	510	511
0	510	511
0	510	511
0	510	511
0	510	511
0	510	511
0	509	511
0	510	511
0	509	510
0	509	511
0	510	511
0	509	511
0	510	511
0	510	510
0	510	511
0	510	511
0	510	510
0	510	511
0	510	510
0	510	511
0	510	511
0	511	511
0	511	511
0	510	510
0	514	511
0	511	510
0	510	511
0	510	511
0	510	511
0	510	510
0	510	511
0	510	511
0	510	511
0	510	511
0	510	511
0	510	511
0	510	510
0	509	510
0	509	511
0	509	510
0	509	510
0	508	511
0	509	511
0	509	510
0	509	511
0	509	511
0	510	510
0	510	511
0	510	510
0	509	510
0	508	511
0	510	510
0	510	511
0	510	511
0	510	511
0	510	510
0	510	510
0	510	510
0	510	511
0	510	511
0	511	510
0	510	510
0	510	511
0	510	510
0	510	511
0	510	511
0	510	511
0	510	511
0	510	511
0	510	511
0	509	511
0	510	510
0	510	511
0	510	510
0	510	511
0	509	511
0	510	511
0	510	511
0	509	510
0	509	511
0	510	511
0	510	510
0	510	511
0	509	511
0	511	511
0	511	511
0	510	510
0	510	511
0	511	510
0	510	511
0	511	510
0	511	511
0	510	511
0	510	510
0	510	510
0	510	511
0	510	511
0	510	511
0	510	511
0	510	510
0	510	511
0	510	511
0	509	510
0	510	511
0	510	510
0	510	511
0	510	511
0	510	510
0	510	511
0	509	511
0	509	510
0	510	511
0	509	512
0	510	511
0	509	511
0	509	510
0	510	511
0	510	511
0	510	511
0	510	510
0	510	511
0	511	510
0	510	511
0	511	510
0	511	510
0	511	511
0	510	511
0	511	511
0	511	510
0	511	510
0	510	511
0	510	510
0	510	511
0	510	511
0	510	511
0	510	511
0	510	510
0	510	510
0	510	511
0	510	511
0	509	511
0	510	511
0	510	511
0	509	510
0	509	511
0	510	510
0	509	511
0	510	511
0	509	511
0	509	510
0	510	510
0	510	510
0	510	510
0	510	511
0	510	511
0	510	510
0	510	510
0	510	511
0	510	511
0	511	510
0	510	511
0	510	510
0	510	510
0	510	511
0	510	511
0	510	511
0	510	511
0	511	510
0	510	511
0	510	510
0	509	510
0	509	511
0	510	510
0	510	511
0	508	510
0	509	511
0	510	510
0	510	511
0	509	510
0	509	511
0	509	511
0	509	510
0	509	510
0	509	511
0	509	510
0	510	511
0	510	510
0	508	511
0	510	511
0	510	511
0	510	511
0	510	510
0	514	511
0	510	510
0	511	510
0	510	511
0	511	511
0	511	511
0	510	510
0	510	510
0	510	511
0	508	511
0	510	511
0	510	510
0	510	510
0	510	511
0	510	510
0	510	511
0	510	511
0	510	511
0	509	510
0	509	511
0	510	511
0	509	511
0	509	510
0	509	511
0	509	510
0	510	511
0	510	510
0	509	511
0	510	511
0	510	511
0	510	511
0	509	511
0	510	510
0	511	511
0	511	510
0	512	511
0	510	511
0	511	511
0	511	511
0	510	511
0	511	511
0	510	511
0	510	511
0	510	511
0	511	510
0	510	510
0	510	511
0	510	511
0	510	511
0	510	510
0	510	511
0	510	511
0	510	511
0	509	511
0	509	511
0	509	510
0	509	511
0	509	510
0	509	511
0	510	510
0	509	511
0	509	511
0	510	510
0	510	511
0	510	510
0	510	511
0	510	510
0	510	510
0	510	510
0	510	511
0	510	511
0	510	511
0	511	511
0	510	511
0	510	511
0	510	511
0	510	511
0	510	511
0	510	511
0	510	510
0	510	511
0	510	511
0	510	511
0	509	511
0	509	511
0	509	510
0	509	511
0	509	511
0	509	511
0	507	510
0	509	511
0	509	510
0	509	511
0	510	511
0	510	510
0	509	510
0	510	511
0	510	510
0	509	511
0	510	510
0	510	510
0	510	511
0	511	511
0	510	511
0	510	510
0	510	510
0	510	510
0	510	511
0	511	511
0	510	510
0	510	511
0	510	510
0	510	510
0	510	511
0	510	511
0	510	510
0	510	510
0	510	512
0	510	510
0	509	510
0	509	511
0	509	510
0	509	510
0	509	511
0	509	510
0	509	511
0	509	511
0	509	510
0	510	510
0	510	511
0	509	511
0	509	510
0	510	511
0	510	510
0	510	511
0	510	511
0	511	511
0	510	511
0	512	511
0	510	511
0	510	511
0	510	511
0	510	511
0	510	510
0	510	510
0	510	511
0	510	511
0	510	511
0	510	511
0	510	511
0	509	510
0	510	511
0	510	510
0	510	510
0	510	510
0	510	511
0	510	511
0	509	510
0	509	510
0	509	510
0	509	511
0	510	510
0	510	511
0	510	510
0	511	511
0	510	510
0	510	511
0	510	511
0	510	510
0	510	511
0	510	511
0	510	511
0	510	510
0	510	510
0	510	510
0	511	510
0	510	511
0	510	511
0	510	510
0	511	511
0	510	511
0	510	511
0	510	511
0	510	511
0	510	511
0	510	511
0	510	511
0	509	510
0	510	511
0	509	511
0	510	510
0	509	511
0	508	510
0	509	511
0	510	511
0	509	511
0	509	511
0	509	511
0	511	510
0	510	511
0	510	511
0	510	511
0	510	511
0	511	511
0	511	510
0	511	511
0	510	510
0	510	510
0	510	510
0	510	511
0	510	510
0	511	511
0	510	510
0	510	511
0	510	510
0	511	511
0	510	511
0	510	511
0	510	510
0	510	510
0	510	510
0	510	511
0	510	511
0	510	511
0	510	510
0	509	511
0	509	511
0	509	511
0	509	511
0	509	511
0	509	510
0	510	511
0	510	510
0	510	511
0	510	511
0	510	510
0	510	511
0	511	511
0	510	511
0	510	511
0	510	511
0	510	511
0	510	510
0	510	511
0	510	511
0	510	510
0	511	511
0	510	511
0	510	511
0	510	511
0	510	511
0	511	510
0	512	511
0	510	511
0	509	511
0	509	511
0	510	511
0	509	511
0	510	510
0	510	511
0	509	511
0	509	511
0	510	511
0	510	510
0	509	510
0	510	511
0	510	511
0	510	510
0	510	511
0	510	510
0	510	511
0	510	511
0	510	510
0	510	511
0	510	512
0	510	511
0	510	511
0	510	510
0	510	511
0	510	511
0	511	511
0	510	511
0	510	511
0	510	511
0	510	510
0	510	511
0	510	511
0	509	510
0	509	511
0	510	510
0	509	510
0	509	511
0	509	511
0	510	510
0	511	511
0	509	510
0	510	510
0	509	511
0	509	510
0	510	511
0	509	510
0	510	511
0	510	510
0	510	510
0	510	510
0	510	510
0	510	511
0	510	511
0	510	511
0	510	511
0	510	511
0	510	510
0	510	511
0	511	511
0	510	511
0	511	511
0	510	510
0	510	510
0	510	511
0	510	511
0	510	510
0	509	510
0	510	511
0	509	510
0	509	511
0	509	510
0	510	511
0	509	510
0	509	510
0	510	511
0	509	511
0	509	511
0	509	510
0	510	511
0	510	511
0	511	511
0	510	511
0	510	511
0	510	511
0	510	511
0	510	511
0	510	511
0	510	510
0	510	511
0	510	511
0	510	510
0	510	511
0	511	511
0	511	511
0	510	510
0	510	511
0	511	511
0	511	511
0	511	510
0	510	511
0	510	511
0	510	511
0	510	511
0	509	511
0	510	510
0	509	511
0	509	510
0	509	511
0	509	511
0	509	510
0	510	510
0	510	511
0	509	511
0	510	510
0	510	511
0	509	510
0	510	510
0	510	511
0	510	511
0	510	511
0	508	511
0	510	511
0	510	511
0	510	511
0	510	511
0	510	510
0	511	510
0	511	511
0	510	511
0	510	510
0	510	510
0	510	511
0	510	511
0	510	511
0	510	510
0	510	511
0	510	511
0	510	511
0	509	510
0	509	511
0	509	511
0	509	511
0	509	511
0	509	511
0	509	511
0	509	510
0	509	511
0	510	510
0	509	510
0	510	510
0	510	511
0	510	510
0	510	511
0	510	511
0	510	511
0	510	511
0	510	511
0	510	510
0	510	511
0	511	511
0	512	510
0	509	510
0	510	511
0	510	511
0	511	510
0	510	511
0	511	511
0	510	511
0	510	510
0	510	511
0	510	510
0	510	511
0	511	511
0	510	510
0	509	510
0	509	511
0	510	511
0	510	511
0	509	510
0	510	511
0	509	511
0	510	511
0	509	510
0	510	510
0	510	510
0	510	511
0	510	511
0	510	511
0	510	510
0	510	511
0	510	511
0	511	511
0	510	510
0	510	510
0	510	511
0	510	510
0	510	510
0	511	510
0	510	510
0	510	510
0	510	511
0	509	510
0	510	510
0	510	511
0	510	510
0	510	510
0	510	510
0	510	510
0	510	510
0	509	510
0	509	510
0	510	511
0	509	511
0	509	511
0	509	511
0	510	510
0	510	511
0	510	511
0	509	511
0	510	510
0	510	511
0	510	511
0	510	511
0	510	512
0	510	510
0	510	511
0	510	510
0	511	511
0	510	510
0	510	511
0	510	510
0	510	510
0	510	511
0	510	511
0	510	511
0	510	511
0	511	511
0	510	510
0	510	511
0	509	511
0	510	511
0	509	511
0	510	510
0	510	511
0	509	510
0	509	511
0	510	510
0	509	511
0	509	511
0	509	511
0	507	511
0	509	511
0	509	511
0	510	510
0	510	510
0	510	510
0	510	511
0	510	511
0	511	510
0	510	511
0	511	511
0	511	511
0	510	510
0	511	511
0	511	511
0	510	511
0	510	510
0	510	510
0	510	510
0	510	510
0	510	510
0	510	511
0	510	510
0	510	511
0	510	511
0	509	511
0	510	510
0	510	511
0	510	511
0	510	510
0	511	511
0	509	511
0	510	511
0	509	511
0	509	511
0	509	510
0	510	512
0	510	511
0	510	510
0	509	510
0	510	510
0	510	510
0	510	511
0	510	511
0	510	510
0	510	511
0	511	510
0	510	510
0	510	511
0	510	511
0	511	510
0	511	511
0	508	510
0	511	511
0	510	511
0	510	510
0	510	510
0	510	510
0	510	511
0	510	510
0	510	511
0	510	511
0	509	510
0	509	510
0	510	511
0	509	511
0	509	511
0	510	511
0	507	511
0	510	511
0	510	511
0	509	511
0	510	511
0	510	511
0	510	511
0	510	510
0	510	511
0	510	511
0	510	511
0	511	511
0	510	510
0	511	511
0	510	511
0	510	510
0	510	511
0	511	511
0	510	510
0	510	511
0	511	511
0	510	511
0	510	510
0	510	511
0	509	511
0	509	511
0	509	510
0	509	511
0	510	511
0	509	511
0	509	510
0	510	511
0	509	511
0	509	511
0	509	510
0	510	511
0	510	511
0	510	510
0	510	510
0	510	510
0	510	511
0	510	511
0	510	511
0	510	510
0	510	510
0	510	511
0	510	510
0	511	511
0	510	511
0	511	511
0	510	511
0	510	510
0	510	510
0	510	510
0	510	510
0	510	511
0	510	510
0	510	511
0	510	511
0	510	510
0	510	511
0	509	511
0	509	510
0	510	511
0	509	511
0	509	511
0	510	510
0	509	511
0	509	510
0	509	510
0	509	510
0	510	510
0	510	511
0	510	511
0	510	511
0	510	511
0	510	511
0	510	510
0	510	510
0	510	510
0	511	511
0	510	510
0	510	511
0	510	510
0	510	512
0	510	510
0	509	510
0	510	511
0	511	510
0	510	511
0	510	511
0	509	511
0	510	511
0	511	511
0	509	510
0	510	510
0	509	511
0	510	512
0	510	511
0	509	511
0	509	511
0	510	511
0	510	511
0	509	511
0	510	511
0	512	510
0	510	511
0	510	510
0	509	511
0	510	511
0	510	510
0	511	511
0	511	510
0	511	511
0	510	511
0	511	511
0	511	511
0	511	511
0	510	511
0	511	511
0	511	511
0	510	510
0	512	511
0	510	511
0	510	511
0	510	511
0	510	511
0	510	511
0	508	510
0	509	511
0	509	510
0	510	510
0	509	510
0	510	510
0	509	510
0	509	511
0	509	511
0	509	510
0	510	511
0	509	511
0	509	511
0	509	511
0	510	511
0	510	511
0	510	511
0	509	510
0	510	511
0	511	511
0	510	511
0	510	510
0	510	511
0	511	511
0	510	511
0	510	511
0	514	511
0	510	511
0	510	511
0	510	511
0	510	510
0	510	511
0	510	511
0	509	511
0	510	510
0	510	511
0	510	511
0	510	511
0	509	511
0	509	510
0	510	510
0	510	510
0	509	510
0	509	511
0	510	511
0	509	511
0	509	511
0	510	511
0	510	511
0	510	511
0	510	511
0	510	511
0	510	511
0	510	511
0	511	510
0	511	510
0	510	511
0	511	510
0	511	511
0	511	511
0	510	510
0	510	510
0	511	511
0	510	511
0	510	511
0	510	510
0	509	510
0	510	511
0	510	511
0	510	511
0	510	511
0	510	510
0	510	511
0	510	512
0	509	510
0	510	510
0	510	511
0	510	510
0	509	511
0	509	511
0	510	511
0	510	511
0	510	510
0	508	511
0	510	510
0	511	511
0	510	510
0	510	511
0	511	511
0	511	510
0	511	511
0	511	510
0	510	510
0	510	511
0	511	510
0	510	510
0	511	511
0	510	511
0	510	510
0	510	511
0	510	511
0	510	511
0	510	510
0	509	511
0	509	511
0	509	510
0	509	511
0	510	511
0	509	511
0	509	510
0	509	511
0	510	511
0	510	511
0	510	511
0	510	511
0	510	510
0	509	510
0	510	511
0	510	511
0	510	511
0	510	510
0	510	511
0	510	511
0	510	510
0	510	511
0	511	511
0	511	510
0	510	511
0	510	510
0	510	511
0	510	511
0	510	511
0	510	510
0	511	511
0	510	511
0	510	511
0	513	511
0	510	511
0	509	511
0	510	511
0	509	511
0	509	511
0	509	511
0	509	510
0	509	510
0	510	511
0	512	511
0	510	511
0	510	510
0	509	510
0	510	511
0	510	511
0	510	511
0	510	510
0	511	511
0	510	511
0	510	511
0	511	511
0	511	511
0	510	510
0	510	511
0	511	511
0	511	511
0	510	511
0	510	511
0	510	511
0	510	511
0	510	511
0	510	510
0	510	510
0	510	510
0	509	511
0	510	510
0	510	511
0	510	510
0	510	510
0	509	511
0	509	510
0	509	511
0	509	510
0	509	511
0	509	511
0	510	511
0	510	511
0	510	511
0	510	510
0	510	510
0	510	510
0	510	510
0	510	511
0	510	511
0	510	511
0	510	510
0	510	511
0	510	511
0	511	511
0	511	510
0	510	510
0	510	511
0	510	510
0	511	510
0	510	511
0	510	510
0	510	511
0	510	511
0	510	510
0	510	510
0	510	511
0	510	510
0	510	511
0	510	511
0	509	511
0	509	510
0	510	511
0	510	511
0	509	511
0	510	510
0	511	511
0	510	511
0	510	511
0	510	510
0	510	510
0	510	510
0	510	511
0	510	511
0	510	510
0	510	510
0	510	510
0	510	511
0	510	510
0	511	511
0	510	510
0	510	511
0	512	510
0	510	511
0	510	511
0	510	510
0	510	511
0	510	510
0	510	511
0	510	510
0	510	511
0	510	511
0	510	511
0	509	510
0	510	511
0	509	510
0	509	511
0	510	511
0	510	511
0	509	511
0	510	511
0	509	511
0	510	510
0	510	510
0	510	511
0	510	511
0	510	511
0	510	510
0	511	510
0	511	511
0	510	511
0	510	510
0	510	511
0	510	511
0	510	510
0	510	511
0	510	510
0	510	511
0	510	510
0	510	510
0	510	511
0	510	510
0	510	511
0	510	510
0	510	511
0	510	510
0	510	511
0	509	511
0	509	510
0	509	511
0	509	511
0	509	510
0	510	511
0	509	510
0	509	511
0	510	510
0	511	510
0	510	510
0	510	511
0	510	511
0	510	510
0	510	511
0	510	510
0	511	511
0	511	510
0	510	510
0	511	511
0	511	511
0	510	511
0	510	510
0	510	510
0	511	510
0	510	511
0	510	511
0	510	510
0	510	510
0	510	510
0	509	511
0	510	511
0	510	511
0	510	511
0	510	511
0	510	510
0	509	510
0	509	511
0	509	511
0	509	511
0	509	511
0	510	511
0	511	510
0	510	511
0	510	511
0	510	510
0	510	511
0	511	510
0	510	511
0	511	510
0	510	511
0	511	510
0	510	510
0	510	511
0	510	511
0	510	510
0	510	510
0	510	511
0	511	511
0	510	510
0	511	511
0	510	511
0	510	511
0	510	511
0	510	511
0	509	511
0	510	511
0	509	510
0	510	510
0	510	510
0	509	511
0	509	510
0	509	511
0	510	511
0	509	511
0	510	510
0	510	511
0	510	511
0	510	510
0	510	511
0	510	511
0	510	511
0	509	511
0	510	511
0	510	510
0	510	511
0	511	511
0	511	510
0	511	511
0	510	511
0	510	510
0	510	510
0	510	511
0	510	511
0	510	511
0	510	510
0	510	511
0	510	510
0	510	510
0	510	511
0	510	510
0	510	511
0	510	511
0	510	510
0	510	510
0	509	510
0	509	511
0	509	511
0	510	511
0	510	510
0	509	511
0	509	510
0	510	510
0	510	510
0	509	509
0	510	510
0	510	510
0	510	511
0	510	510
0	510	510
0	511	510
0	511	510
0	510	510
0	510	511
0	510	510
0	510	511
0	510	510
0	507	511
39	510	511
40	525	511
42	511	511
44	529	511
46	519	511
48	600	513
50	568	510
52	582	521
54	644	510
55	431	522
57	734	511
59	600	521
61	791	511
63	1023	520
65	853	511
67	982	520
69	837	512
71	834	522
72	806	512
74	750	522
76	778	512
78	704	526
80	753	513
82	676	525
84	730	514
86	725	515
88	660	524
89	730	514
91	654	527
93	708	515
95	629	524
97	689	517
99	608	526
101	671	518
103	587	525
105	654	518
106	568	519
108	557	524
110	631	522
112	544	528
114	643	526
116	586	525
118	672	527
120	602	526
122	664	531
123	577	525
125	647	531
127	550	524
129	635	535
131	527	526
133	621	540
135	505	542
137	492	524
139	598	539
140	485	526
142	609	549
144	543	525
146	637	549
148	573	525
150	644	550
152	550	523
154	623	550
156	524	525
157	640	550
159	498	522
161	656	551
163	473	551
165	461	524
167	664	552
169	452	524
171	920	550
173	516	524
174	928	550
176	557	526
178	841	549
180	541	525
182	695	549
184	515	527
186	602	549
188	490	525
190	559	549
191	464	549
193	451	524
195	518	550
197	434	527
199	540	551
201	519	530
203	610	547
205	576	532
207	629	545
208	577	532
210	599	544
212	555	534
214	569	543
216	535	535
218	541	542
220	509	543
222	496	536
224	499	542
255	475	538
255	511	543
255	543	543
255	574	543
255	601	542
255	618	542
255	618	541
255	604	541
255	588	541
255	575	540
255	559	541
255	545	541
255	531	541
255	518	541
255	503	542
255	491	541
255	480	541
255	471	543
255	492	544
255	527	544
255	559	544
255	587	544
255	602	543
255	605	542
255	591	542
255	574	542
255	559	542
255	544	542
255	530	542
255	516	542
255	502	543
255	489	543
255	476	542
255	463	542
255	455	544
255	481	544
255	514	545
255	548	545
255	578	544
255	594	544
255	597	543
255	583	543
255	567	543
255	552	542
255	537	543
255	523	543
255	509	543
255	495	543
255	481	543
255	468	543
255	456	543
255	449	544
255	472	545
255	508	546
255	542	546
255	571	545
255	589	545
255	591	543
255	577	543
255	561	543
255	545	543
255	530	543
255	515	543
255	501	544
255	487	543
255	473	543
255	460	544
255	448	543
255	444	544
255	469	545
255	504	546
255	538	546
255	568	545
255	585	545
255	588	544
255	575	543
255	558	544
255	543	544
255	529	543
255	514	543
255	500	544
255	486	543
255	472	543
255	458	543
255	448	544
255	439	544
255	464	546
255	501	546
255	536	547
255	564	545
255	582	545
255	585	544
255	572	543
255	556	543
255	540	543
255	525	544
255	511	543
255	497	543
255	483	543
255	469	544
255	456	544
255	443	543
255	438	545
255	462	546
255	497	545
255	533	546
255	562	545
255	581	545
255	585	544
255	573	543
255	556	544
255	541	544
255	525	543
255	511	544
255	497	544
255	483	544
255	469	544
255	456	544
255	443	544
255	437	545
255	462	546
255	498	546
255	533	547
255	563	546
255	580	546
255	584	544
255	572	543
255	555	544
255	540	544
255	524	544
255	509	544
255	495	543
255	481	544
255	467	544
255	454	543
255	441	544
255	435	545
255	460	546
255	495	547
255	531	546
255	561	545
255	580	545
255	584	544
255	572	544
255	555	544
255	540	544
255	525	544
255	510	544
255	496	544
255	482	544
255	468	543
255	455	543
255	442	544
255	436	545
255	459	546
255	496	546
255	532	547
255	564	545
255	579	545
255	584	545
255	572	544
255	555	544
255	539	544
255	524	544
255	509	543
255	495	544
255	481	544
255	467	544
255	453	544
255	441	543
255	436	545
255	462	546
255	496	547
255	531	546
255	562	546
255	579	545
255	584	544
255	571	544
255	555	544
255	539	544
255	525	544
255	510	544
255	495	543
255	481	545
255	468	545
255	455	544
255	442	543
255	436	545
255	458	546
255	494	546
255	528	547
255	560	545
255	577	545
255	584	544
255	573	544
255	556	544
255	542	545
255	526	544
255	511	544
255	497	544
255	482	544
255	469	544
255	456	544
255	442	544
255	434	545
255	454	546
255	488	546
255	526	546
255	558	546
255	577	546
255	584	545
255	573	544
255	556	544
255	541	545
255	526	544
255	510	544
255	497	543
255	482	544
255	469	544
255	455	544
255	443	543
255	434	544
255	452	546
255	490	546
255	525	546
255	556	545
255	576	545
255	582	544
255	573	544
255	556	544
255	540	544
255	525	544
255	510	544
255	496	543
255	482	544
255	469	544
255	455	543
255	442	543
255	434	545
255	456	545
255	489	546
255	527	547
255	556	546
255	576	545
255	583	545
255	574	544
255	557	545
255	542	544
255	527	544
255	512	544
255	499	544
255	484	544
255	470	544
255	457	544
255	444	544
255	434	545
255	453	545
255	487	546
255	523	546
255	557	545
255	576	546
255	585	545
255	572	544
255	559	544
255	543	544
255	528	545
255	512	544
255	498	544
255	485	544
255	471	543
255	457	544
255	444	544
255	433	544
255	451	546
255	485	545
255	522	546
255	553	546
255	575	546
255	583	545
255	575	544
255	558	544
255	543	544
255	526	544
255	512	544
255	498	544
255	484	544
255	470	544
255	457	544
255	444	544
255	435	545
255	449	546
255	484	546
255	521	546
255	554	546
255	574	545
255	584	545
255	574	544
255	559	544
255	544	544
255	528	544
255	513	544
255	498	544
255	485	544
255	471	543
255	458	545
255	444	544
255	433	544
255	446	546
255	480	546
255	518	546
255	549	546
255	573	545
255	582	545
255	576	544
255	561	544
255	545	544
255	530	544
255	514	544
255	501	544
255	486	544
255	473	544
255	459	544
255	446	544
255	435	544
255	446	546
255	479	547
255	517	547
255	550	546
255	571	546
255	583	544
255	575	545
255	560	544
255	544	544
255	527	545
255	514	544
255	499	543
255	485	544
255	471	544
255	458	544
255	445	544
255	433	544
255	445	546
255	479	546
255	517	547
255	549	546
255	572	546
255	583	544
255	577	543
255	561	544
255	545	544
255	530	544
255	515	544
255	501	543
255	487	544
255	474	544
255	460	544
255	447	543
255	436	544
255	447	545
255	482	546
255	516	547
255	548	546
255	570	545
255	583	545
255	576	544
255	560	544
255	544	544
255	529	544
255	515	544
255	500	544
255	486	543
255	472	544
255	459	544
255	448	544
255	434	544
255	442	546
255	475	546
255	513	546
255	545	546
255	570	545
255	582	545
255	579	544
255	563	544
255	547	543
255	531	544
255	517	544
255	505	544
255	488	544
255	475	544
255	461	543
255	448	543
255	436	544
255	443	545
255	474	546
255	512	546
255	546	546
255	569	547
255	583	545
255	576	544
255	562	545
255	546	544
224	531	544
222	513	544
220	496	545
218	478	546
216	460	548
214	407	536
212	427	552
210	431	554
208	420	537
207	513	552
205	500	537
203	570	552
201	518	552
199	500	534
197	540	553
195	456	532
193	506	555
191	401	529
190	482	557
188	497	557
186	345	527
184	698	558
182	320	529
180	725	563
178	399	529
176	707	561
174	795	560
173	465	529
171	872	557
169	437	527
167	930	556
165	399	528
163	738	561
161	629	562
159	341	528
157	488	564
156	481	561
154	295	528
152	479	565
150	373	531
148	529	565
146	437	529
144	548	564
142	543	562
140	416	530
139	521	557
137	379	530
135	494	556
133	338	528
131	462	547
129	454	543
127	280	533
125	444	540
123	449	542
122	331	532
120	499	543
118	405	535
116	528	537
114	406	532
112	506	536
110	490	533
108	345	536
106	450	528
105	306	534
103	430	526
101	420	524
99	262	539
97	248	540
95	408	522
93	432	522
91	321	542
89	470	521
88	477	520
86	472	518
84	459	517
82	445	517
80	307	543
78	413	516
76	291	550
74	384	515
72	370	515
71	356	515
69	344	515
67	329	529
65	334	536
63	127	515
61	146	514
59	350	530
57	137	514
55	110	513
54	106	513
52	107	513
50	118	513
48	110	512
46	95	512
44	85	513
42	75	511
40	66	511
39	27	512
0	0	511
0	0	519
0	0	517
0	0	517
0	0	515
0	0	514
0	0	513
0	0	511
0	4	511
0	20	510
0	49	510
0	94	511
0	151	511
0	220	511
0	297	510
0	379	511
0	464	510
0	548	511
0	629	511
0	704	510
0	768	510
0	823	511
0	865	510
0	894	511
0	909	511
0	909	511
0	896	511
0	871	511
0	833	511
0	785	511
0	728	511
0	666	511
0	599	511
0	531	511
0	465	511
0	403	510
0	346	511
0	295	511
0	253	510
0	222	511
0	202	511
0	192	511
0	194	510
0	207	510
0	230	511
0	263	512
0	303	511
0	350	510
0	400	510
0	453	510
0	507	511
0	559	510
0	609	511
0	654	511
0	693	511
0	724	511
0	746	511
0	760	510
0	764	511
0	760	511
0	747	511
0	725	511
0	699	511
0	665	511
0	626	511
0	585	511
0	542	510
0	499	511
0	458	511
0	419	510
0	385	511
0	357	511
0	334	510
0	318	510
0	310	510
0	308	510
0	314	511
0	326	510
0	345	510
0	368	510
0	397	511
0	428	511
0	462	510
0	496	511
0	531	511
0	563	511
0	592	511
0	618	511
0	639	511
0	657	510
0	667	511
0	672	510
0	671	511
0	664	510
0	653	510
0	636	511
0	615	510
0	591	511
0	565	511
0	538	510
0	511	511
0	484	510
0	459	511
0	436	511
0	417	511
0	401	510
0	390	511
0	383	511
0	381	511
0	383	511
0	390	511
0	401	510
0	416	510
0	433	511
0	452	511
0	474	511
0	495	510
0	518	511
0	539	511
0	558	511
0	576	511
0	590	511
0	601	510
0	608	511
0	613	511
0	613	511
0	609	511
0	603	511
0	593	510
0	580	510
0	565	510
0	549	511
0	531	511
0	514	511
0	497	510
0	480	511
0	466	511
0	450	510
0	442	511
0	435	511
0	430	511
0	428	511
0	429	511
0	432	511
0	439	510
0	448	511
0	459	510
0	471	510
0	485	511
0	499	511
0	513	511
0	527	511
0	540	511
0	550	512
0	559	511
0	567	511
0	573	511
0	575	511
0	576	510
0	574	511
0	570	511
0	564	510
0	555	511
0	546	510
0	536	510
0	525	511
0	513	511
0	502	510
0	491	511
0	482	511
0	474	511
0	467	511
0	462	510
0	459	511
0	458	510
0	458	510
0	460	511
0	465	510
0	470	511
0	477	510
0	484	510
0	493	511
0	502	510
0	512	511
0	520	511
0	527	510
0	535	511
0	541	511
0	546	511
0	549	510
0	551	510
0	552	510
0	551	511
0	548	511
0	544	511
0	539	511
0	534	511
0	527	511
0	520	510
0	513	511
0	505	511
0	499	511
0	493	510
0	487	511
0	481	510
0	480	510
0	478	511
0	476	511
0	477	511
0	478	510
0	481	511
0	484	511
0	489	511
0	494	511
0	499	510
0	505	511
0	511	511
0	516	510
0	521	510
0	526	510
0	530	511
0	536	511
0	535	510
0	536	511
0	537	510
0	534	511
0	534	510
0	532	511
0	529	510
0	525	511
0	521	510
0	516	511
0	512	510
0	507	511
0	502	511
0	499	511
0	495	510
0	493	511
0	490	511
0	489	511
0	488	510
0	488	511
0	490	511
0	492	511
0	494	511
0	496	511
0	500	511
0	503	511
0	507	510
0	510	510
0	514	512
0	517	510
0	520	511
0	522	511
0	524	511
0	526	511
0	527	511
0	527	510
0	527	511
0	526	511
0	524	511
0	522	511
0	519	510
0	517	511
0	514	510
0	511	510
0	507	510
0	505	510
0	503	511
0	501	510
0	499	510
0	498	511
0	497	511
0	496	511
0	496	511
0	497	510
0	498	510
0	500	511
0	501	511
0	504	511
0	506	510
0	507	511
0	510	511
0	512	511
0	515	510
0	517	510
0	518	510
0	520	511
0	520	510
0	521	511
0	521	510
0	521	511
0	520	511
0	519	510
0	517	511
0	516	511
0	514	511
0	512	511
0	510	511
0	509	511
0	507	511
0	506	511
0	504	511
0	503	512
0	502	511
0	502	511
0	502	511
0	502	511
0	502	511
0	502	511
0	503	511
0	505	510
0	506	511
0	507	511
0	507	511
0	511	511
0	512	510
0	512	511
0	514	511
0	515	511
0	516	510
0	516	511
0	517	511
0	518	511
0	517	511
0	516	510
0	515	510
0	515	510
0	514	511
0	512	511
0	511	511
0	510	509
0	509	510
0	508	511
0	507	511
0	506	510
0	506	511
0	505	511
0	505	511
0	504	511
0	504	511
0	505	510
0	505	511
0	506	511
0	507	511
0	508	511
0	508	511
0	509	511
0	510	511
0	511	511
0	512	511
0	511	511
0	513	511
0	513	511
0	513	511
0	514	511
0	515	511
0	514	511
0	514	511
0	514	510
0	513	510
0	512	511
0	512	511
0	511	511
0	510	510
0	509	510
0	509	511
0	508	510
0	507	510
0	507	511
0	507	511
0	507	510
0	507	511
0	507	511
0	507	511
0	507	510
0	507	511
0	508	511
0	508	511
0	509	512
0	509	510
0	510	510
0	511	511
0	511	510
0	512	511
0	512	510
0	512	511
0	512	511
0	512	511
0	513	512
0	512	511
0	512	511
0	511	510
0	512	510
0	511	511
0	512	511
0	511	510
0	510	511
0	510	511
0	509	511
0	509	511
0	508	511
0	508	510
0	508	511
0	508	510
0	508	511
0	508	511
0	508	511
0	508	511
0	509	511
0	509	511
0	509	511
0	509	511
0	509	511
0	508	510
0	510	511
0	511	511
0	510	511
0	512	511
0	511	511
0	511	511
0	511	511
0	511	511
0	511	511
0	511	511
0	508	510
0	511	511
0	511	511
0	510	511
0	510	510
0	510	511
0	510	510
0	510	510
0	509	510
0	509	511
0	509	510
0	509	510
0	509	510
0	509	511
0	509	510
0	508	511
0	509	511
0	509	511
0	509	511
0	509	510
0	509	511
0	509	510
0	510	511
0	510	511
0	510	510
0	510	510
0	511	511
0	511	511
0	511	511
0	511	511
0	511	511
0	511	511
0	511	510
0	511	510
0	511	511
0	510	511
0	510	510
0	510	510
0	510	511
0	510	511
0	510	511
0	510	511
0	510	510
0	510	511
0	508	511
0	510	510
0	509	511
0	509	510
0	509	510
0	509	511
0	509	510
0	509	510
0	509	511
0	509	510
0	510	511
0	510	510
0	510	511
0	510	510
0	510	511
0	510	511
0	510	511
0	510	511
0	510	511
0	509	511
0	509	511
0	510	511
0	510	511
0	510	510
0	510	510
0	508	511
0	510	510
0	510	511
0	510	510
0	510	510
0	510	510
0	510	511
0	510	510
0	510	511
0	510	511
0	510	510
0	510	511
0	510	511
0	510	511
0	510	511
0	510	510
0	509	511
0	511	510
0	510	510
0	510	511
0	510	510
0	510	510
0	510	510
0	510	511
0	510	510
0	510	511
0	510	511
0	510	510
0	510	511
0	510	511
0	510	510
0	511	511
0	510	510
0	510	511
0	510	511
0	510	510
0	510	510
0	510	511
0	510	511
0	510	511
0	510	510
0	510	510
0	510	510
0	510	512
0	510	511
0	510	511
0	510	511
0	510	511
0	510	510
0	510	511
0	510	511
0	510	511
0	510	511
0	510	511
0	510	511
0	510	511
0	510	510
0	509	510
0	510	511
0	510	510
0	510	511
0	510	511
0	509	511
0	510	511
0	510	511
0	509	511
0	510	511
0	510	511
0	510	511
0	510	511
0	510	511
0	510	511
0	510	510
0	510	511
0	511	511
0	510	511
0	510	511
0	510	511
0	510	510
0	510	511
0	510	511
0	510	510
0	510	510
0	510	511
0	510	511
0	510	511
0	510	510
0	510	511
0	510	510
0	510	510
0	510	511
0	509	511
0	509	510
0	510	511
0	510	510
0	509	511
0	510	511
0	509	511
0	509	510
0	510	511
0	510	511
0	510	510
0	510	511
0	510	510
0	510	510
0	510	511
0	510	510
0	510	511
0	510	511
0	510	511
0	510	511
0	510	511
0	510	511
0	510	511
0	511	511
0	510	510
0	510	511
0	511	511
0	510	510
0	509	511
0	509	510
0	509	510
0	509	511
0	509	511
0	509	511
0	509	511
0	509	510
0	510	511
0	509	511
0	509	511
0	509	510
0	510	511
0	510	510
0	509	511
0	510	511
0	510	511
0	510	511
0	510	510
0	510	512
0	510	510
0	510	511
0	511	511
0	510	511
0	511	511
0	510	511
0	511	510
0	510	510
0	510	511
0	510	511
0	511	511
0	510	511
0	510	511
0	510	510
0	510	511
0	510	511
0	510	511
0	509	510
0	510	511
0	510	510
0	509	511
0	509	510
0	509	511
0	509	511
0	510	511
0	509	511
0	509	511
0	510	511
0	510	510
0	510	511
0	510	511
0	510	510
0	510	510
0	510	511
0	509	510
0	510	511
0	510	511
0	510	511
0	510	511
0	510	511
0	510	511
0	510	511
0	510	511
0	510	511
0	510	511
