V2_mean	Isense_mean	dt
509	510	500
PWM	V2_read	Isense_read
0	510	511
0	510	511
0	509	511
0	510	511
0	510	511
0	510	511
0	510	510
0	510	510
0	510	510
0	510	511
39	510	511
39	511	511
39	511	512
39	512	511
39	512	510
39	512	510
39	511	511
39	512	511
39	511	510
39	511	511
40	511	511
40	511	511
40	511	510
40	511	511
40	511	510
40	510	511
40	511	511
40	511	511
40	514	510
40	511	511
42	511	511
42	512	511
42	513	511
42	516	510
42	517	511
42	518	510
42	518	511
42	518	511
42	518	510
42	521	510
44	517	511
44	521	511
44	526	511
44	530	510
44	533	511
44	534	511
44	535	511
44	534	511
44	532	510
44	529	511
46	526	511
46	534	511
46	543	511
46	549	511
46	552	511
46	551	511
46	550	510
46	548	511
46	544	511
46	540	511
48	535	510
48	544	510
48	555	511
48	561	511
48	564	511
48	563	511
48	563	510
48	558	512
48	553	511
48	548	511
50	542	511
50	550	511
50	563	511
50	571	511
50	571	511
50	570	510
50	567	511
50	562	511
50	556	511
50	550	510
52	544	510
52	632	524
52	567	511
52	572	511
52	573	511
52	571	510
52	566	511
52	561	511
52	557	511
52	551	511
54	546	511
54	556	511
54	569	511
54	573	511
54	572	511
54	568	512
54	563	511
54	665	523
54	685	525
54	544	511
55	538	511
55	542	511
55	551	511
55	556	511
55	555	511
55	553	512
55	549	511
55	544	511
55	539	511
55	533	512
57	529	512
57	539	512
57	550	511
57	820	523
57	815	527
57	829	524
57	845	524
57	555	511
57	558	512
57	557	512
59	553	511
59	543	511
59	457	510
59	394	511
59	400	511
59	405	512
59	420	511
59	418	511
59	416	511
59	505	522
61	428	510
61	426	511
61	426	511
61	423	511
61	438	511
61	437	511
61	436	511
61	433	510
61	448	511
61	448	511
63	447	511
63	444	511
63	460	510
63	459	511
63	458	511
63	455	511
63	471	511
63	470	510
63	469	511
63	466	510
65	479	511
65	477	511
65	477	510
65	474	510
65	486	510
65	484	510
65	482	511
65	480	511
65	491	511
65	489	510
67	487	510
67	539	511
67	487	509
67	482	509
67	479	509
67	540	511
67	491	509
67	486	509
67	483	510
67	544	510
69	493	508
69	489	508
69	495	511
69	495	511
69	502	511
69	499	510
69	498	510
69	547	511
69	503	510
69	501	510
71	490	509
71	552	510
71	501	508
71	496	508
71	492	509
71	555	510
71	502	507
71	497	508
71	493	509
71	557	510
72	509	514
72	506	511
72	503	511
72	455	509
72	507	578
72	502	508
72	497	508
72	465	509
72	508	580
72	503	510
74	505	510
74	503	511
74	511	514
74	507	509
74	505	511
74	504	510
74	507	580
74	504	507
74	499	508
74	505	510
76	507	511
76	511	510
76	508	510
76	506	510
76	507	510
76	511	510
76	510	510
76	506	510
76	507	510
76	511	510
78	509	510
78	507	510
78	550	509
78	506	507
78	501	508
78	497	509
78	552	509
78	507	507
78	502	507
78	498	508
80	554	509
80	506	508
80	501	508
80	497	508
80	552	509
80	515	514
80	512	510
80	509	510
80	490	509
80	509	578
82	504	507
82	498	509
82	486	509
82	508	574
82	504	510
82	511	510
82	508	510
82	517	514
82	512	510
82	510	510
84	508	510
84	507	579
84	503	507
84	499	508
84	510	510
84	511	510
84	515	511
84	512	510
84	509	510
84	510	510
86	516	510
86	512	510
86	509	510
86	507	574
86	514	510
86	511	510
86	509	510
86	518	514
86	502	508
86	510	510
88	511	511
88	516	510
88	513	510
88	510	510
88	511	510
88	516	509
88	513	511
88	511	510
88	511	511
88	516	510
89	513	510
89	511	510
89	512	510
89	516	510
89	513	510
89	511	509
89	512	509
89	516	510
89	513	510
89	511	509
91	512	510
91	516	510
91	513	509
91	511	510
91	512	510
91	517	509
91	513	510
91	511	509
91	513	510
91	517	510
93	514	510
93	512	510
93	513	510
93	518	510
93	515	509
93	512	510
93	513	510
93	518	510
93	515	510
93	512	510
95	514	510
95	518	509
95	515	510
95	512	510
95	514	510
95	519	509
95	515	509
95	513	509
95	514	510
95	518	509
97	515	510
97	513	510
97	514	510
97	518	509
97	516	509
97	513	510
97	515	510
97	519	509
97	516	510
97	513	510
99	514	510
99	519	509
99	516	510
99	514	510
99	516	510
99	520	509
99	516	510
99	514	510
99	517	510
99	520	509
101	516	510
101	514	510
101	516	510
101	520	509
101	517	510
101	514	509
101	516	510
101	521	509
101	516	510
101	514	510
103	516	510
103	520	509
103	517	509
103	514	509
103	517	510
103	521	509
103	517	509
103	515	509
103	517	510
103	520	509
105	517	509
105	516	508
105	516	510
105	520	509
105	518	509
105	515	509
105	518	510
105	521	508
105	518	509
105	514	509
106	518	511
106	521	509
106	520	509
106	516	509
106	517	510
106	521	509
106	518	509
106	515	510
106	517	510
106	521	509
108	518	509
108	516	509
108	518	509
108	522	508
108	519	509
108	517	509
108	519	510
108	522	509
108	519	510
108	517	509
110	519	511
110	523	508
110	520	509
110	518	509
110	520	510
110	523	508
110	520	509
110	518	509
110	520	511
110	523	508
112	520	509
112	518	509
112	520	511
112	524	509
112	521	508
112	519	510
112	520	511
112	524	508
112	520	509
112	518	510
114	520	510
114	525	508
114	521	509
114	519	509
114	522	511
114	525	508
114	522	508
114	519	509
114	521	511
114	525	508
116	522	508
116	520	509
116	523	511
116	526	508
116	523	508
116	520	509
116	523	512
116	527	507
116	523	508
116	520	509
118	523	512
118	526	507
118	523	508
118	521	510
118	524	512
118	526	507
118	524	508
118	521	509
118	523	513
118	527	506
120	524	508
120	522	509
120	525	516
120	528	507
120	525	508
120	522	509
120	525	515
120	528	507
120	524	508
120	522	509
122	525	515
122	529	506
122	526	508
122	524	508
122	527	514
122	529	506
122	525	507
122	523	509
122	526	520
122	529	506
123	526	508
123	523	509
123	527	517
123	529	506
123	526	507
123	523	508
123	527	518
123	530	507
123	526	508
123	523	508
125	528	518
125	530	506
125	527	507
125	523	508
125	528	524
125	531	506
125	527	507
125	525	508
125	529	519
125	531	506
127	527	506
127	526	508
127	529	527
127	531	506
127	528	507
127	526	508
127	530	529
127	531	505
127	529	506
127	526	508
129	528	532
129	532	505
129	529	506
129	526	508
129	530	530
129	532	505
129	528	507
129	525	508
129	532	529
129	532	503
131	528	506
131	526	507
131	531	540
131	533	505
131	529	506
131	528	507
131	531	537
131	533	503
131	529	506
131	527	507
133	531	538
133	533	504
133	529	505
133	527	506
133	532	542
133	533	503
133	529	505
133	527	507
133	532	535
133	533	503
135	529	505
135	526	507
135	531	549
135	532	503
135	527	505
135	524	507
135	531	555
135	531	503
135	531	505
135	525	507
137	532	551
137	529	502
137	526	504
137	524	507
137	529	567
137	530	501
137	526	504
137	523	506
137	526	505
137	523	509
139	524	506
139	537	513
139	522	507
139	525	505
139	521	509
139	524	507
139	529	513
139	522	508
139	526	505
139	522	509
140	524	507
140	537	512
140	522	507
140	525	505
140	522	508
140	523	506
140	537	513
140	522	508
140	526	505
140	522	508
142	523	506
142	527	512
142	521	507
142	523	505
142	521	509
142	523	507
142	537	512
142	521	507
142	525	504
142	521	509
144	523	506
144	526	512
144	519	507
144	522	505
144	520	509
144	521	507
144	526	511
144	520	508
144	523	503
144	520	509
146	521	506
146	522	512
146	517	507
146	519	505
146	518	508
146	518	506
146	522	511
146	517	508
146	520	503
146	518	508
148	518	506
148	519	511
148	516	507
148	518	503
148	516	508
148	516	506
148	519	511
148	515	506
148	517	503
148	516	509
150	516	506
150	518	511
150	510	508
150	515	502
150	513	508
150	513	505
150	518	511
150	512	507
150	515	503
150	514	508
152	514	506
152	516	512
152	510	507
152	512	503
152	510	509
152	511	505
152	515	510
152	509	507
152	513	504
152	511	509
154	511	506
154	512	511
154	508	507
154	509	503
154	508	508
154	508	506
154	512	511
154	508	507
154	510	502
154	508	508
156	509	505
156	509	511
156	505	507
156	505	502
156	506	508
156	505	506
156	508	511
156	505	506
156	506	502
156	506	508
157	505	505
157	506	510
157	504	507
157	505	503
157	505	508
157	504	505
157	506	510
157	503	507
157	505	503
157	502	509
159	504	506
159	504	510
159	502	507
159	503	501
159	504	508
159	502	505
159	504	510
159	502	506
159	503	503
159	505	509
161	503	505
161	506	510
161	503	508
161	503	502
161	513	508
161	503	504
161	505	510
161	502	506
161	503	502
161	585	508
163	503	505
163	504	509
163	502	507
163	502	502
163	601	508
163	502	505
163	504	509
163	501	506
163	503	502
163	543	508
165	502	505
165	506	509
165	503	507
165	504	502
165	605	508
165	503	505
165	505	507
165	503	507
165	504	502
165	589	508
167	503	505
167	495	510
167	500	507
167	497	502
167	587	508
167	498	505
167	495	509
167	500	506
167	496	501
167	600	508
169	498	504
169	497	509
169	499	507
169	498	501
169	605	508
169	499	505
169	497	508
169	499	507
169	498	501
169	607	509
171	499	505
171	485	509
171	499	506
171	490	502
171	616	508
171	496	503
171	485	509
171	499	507
171	489	502
171	506	509
173	496	503
173	498	509
173	498	507
173	499	501
173	504	508
173	500	504
173	497	509
173	498	507
173	498	501
173	634	509
174	499	504
174	486	509
174	503	507
174	490	502
174	503	509
174	503	504
174	485	509
174	501	508
174	493	502
174	502	508
176	503	503
176	442	510
176	496	507
176	454	502
176	503	509
176	486	504
176	442	509
176	497	508
176	458	502
176	504	509
178	485	503
178	406	510
178	491	508
178	447	503
178	685	508
178	484	505
178	408	509
178	491	507
178	440	502
178	503	508
180	483	505
180	357	510
180	480	508
180	404	504
180	502	509
180	453	506
180	359	510
180	488	508
180	399	503
180	503	509
182	454	506
182	379	504
182	456	509
182	412	507
182	375	499
182	451	506
182	395	501
182	465	540
182	398	506
182	376	500
184	452	506
184	447	499
184	460	544
184	466	508
184	450	505
184	432	499
184	479	508
184	462	506
184	446	502
184	421	576
186	472	508
186	490	504
186	482	500
186	458	512
186	494	508
186	487	505
186	478	500
186	498	508
186	493	506
186	486	503
188	469	555
188	501	507
188	501	505
188	501	502
188	508	507
188	501	508
188	501	504
188	501	495
188	501	508
188	501	503
190	492	592
190	502	504
190	503	495
190	502	508
190	502	506
190	504	502
190	504	507
190	501	509
190	502	507
190	502	504
191	504	502
191	501	526
191	502	509
191	502	507
191	502	505
191	504	501
191	489	584
191	502	508
191	502	507
191	503	505
193	504	499
193	476	617
193	502	508
193	503	506
193	503	502
193	508	500
193	473	508
193	503	508
193	503	506
193	504	503
195	506	500
195	557	509
195	503	508
195	503	506
195	504	502
195	506	504
195	502	508
195	503	508
195	504	505
195	505	502
197	502	521
197	502	508
197	502	505
197	504	504
197	504	501
197	494	570
197	502	509
197	503	507
197	504	504
197	507	500
199	481	619
199	502	508
199	507	508
199	503	504
199	505	496
199	485	606
199	503	509
199	503	508
199	503	505
199	504	503
201	506	500
201	502	509
201	503	509
201	503	507
201	505	503
201	507	500
201	480	619
201	502	508
201	502	508
201	503	503
203	505	503
203	506	506
203	643	509
203	502	508
203	503	506
203	504	505
203	505	503
203	513	508
203	502	509
203	503	509
205	503	507
205	504	505
205	505	502
205	501	523
205	502	509
205	503	506
205	503	505
205	505	502
205	504	510
205	503	509
207	502	508
207	503	507
207	504	505
207	505	501
207	503	510
207	502	509
207	503	508
207	503	505
207	506	502
207	507	500
208	502	510
208	502	508
208	504	506
208	506	503
208	507	500
208	437	512
208	503	507
208	503	507
208	504	504
208	507	500
210	502	526
210	502	508
210	503	509
210	504	507
210	504	506
210	508	496
210	495	568
210	503	508
210	504	507
210	504	505
212	505	501
212	505	518
212	503	509
212	502	506
212	504	505
212	505	503
212	505	501
212	507	501
212	476	613
212	502	509
214	502	508
214	503	507
214	504	502
214	507	499
214	499	509
214	503	509
214	503	505
214	504	502
214	506	500
214	448	519
216	502	509
216	503	508
216	503	506
216	504	504
216	508	500
216	470	600
216	502	509
216	503	508
216	503	503
216	504	503
218	507	500
218	435	518
218	503	509
218	504	508
218	505	506
218	505	504
218	507	500
218	502	518
218	503	510
218	503	508
220	503	507
220	504	506
220	504	504
220	506	500
220	423	525
220	503	509
220	503	508
220	504	506
220	505	503
220	507	500
222	456	570
222	502	509
222	503	506
222	505	506
222	505	503
222	507	500
222	450	563
222	504	509
222	504	506
222	504	506
224	505	504
224	507	500
224	444	547
224	503	509
224	503	507
224	505	506
224	505	504
224	507	500
224	450	566
224	503	510
255	503	507
255	440	510
255	487	601
255	506	503
255	506	500
255	505	502
255	505	503
255	504	505
255	504	506
255	504	507
255	503	507
255	504	508
255	503	510
255	503	510
255	503	510
255	440	546
255	507	509
255	507	501
255	506	502
255	507	502
255	505	503
255	505	504
255	505	506
255	504	507
255	504	507
255	504	509
255	504	509
255	504	509
255	504	510
255	503	510
255	502	510
255	488	605
255	508	501
255	506	501
255	505	503
255	505	504
255	504	505
255	504	507
255	504	508
255	503	508
255	503	509
255	503	509
255	504	510
255	504	509
255	380	510
255	495	578
255	508	500
255	507	501
255	506	503
255	506	504
255	505	505
255	504	507
255	504	507
255	504	508
255	504	508
255	503	509
255	502	509
255	504	510
255	504	509
255	414	523
255	507	515
255	508	500
255	506	502
255	506	504
255	505	504
255	505	506
255	505	507
255	504	508
255	504	508
255	504	509
255	504	510
255	504	510
255	503	510
255	487	603
255	508	502
255	507	501
255	505	503
255	506	504
255	506	504
255	505	505
255	505	508
255	504	508
255	504	508
255	504	510
255	504	509
255	504	510
255	504	510
255	437	525
255	506	515
255	508	500
255	505	502
255	505	503
255	506	506
255	505	506
255	505	507
255	505	507
255	504	509
255	504	509
255	504	509
255	504	510
255	504	510
255	478	615
255	508	503
255	507	500
255	506	502
255	505	505
255	504	506
255	503	506
255	504	507
255	504	508
255	504	508
255	504	509
255	504	510
255	504	509
255	145	510
255	491	511
255	505	524
255	508	500
255	506	502
255	506	503
255	505	505
255	505	506
255	506	506
255	504	507
255	503	509
255	504	509
255	504	509
255	504	510
255	434	531
255	458	572
255	508	505
255	508	500
255	506	503
255	505	504
255	505	506
255	504	507
255	504	507
255	504	508
255	504	509
255	504	509
255	504	509
255	96	509
255	496	570
255	501	543
255	504	525
255	508	501
255	509	502
255	506	504
255	508	505
255	505	506
255	504	507
255	505	508
255	504	508
255	504	509
255	505	510
255	504	510
255	474	613
255	508	504
255	509	501
255	507	502
255	506	503
255	505	505
255	505	506
255	505	507
255	504	508
255	505	508
255	504	509
255	504	510
255	278	509
255	497	566
255	508	500
255	508	500
255	508	500
255	507	500
255	507	502
255	505	504
255	505	506
255	504	507
255	504	507
255	504	509
255	504	508
255	504	509
255	504	509
255	504	510
255	480	615
255	509	503
255	507	501
255	507	502
255	506	503
255	505	505
255	505	506
255	505	507
255	505	508
255	505	508
255	504	509
255	504	509
255	504	510
255	359	510
255	502	542
255	508	500
255	507	501
255	507	502
255	507	502
255	506	504
255	503	506
255	504	507
255	504	507
255	504	508
255	504	510
255	504	509
255	503	510
255	501	510
255	481	613
255	508	504
255	507	500
255	507	503
255	506	502
255	505	504
255	505	506
255	505	507
255	504	508
255	504	508
255	504	509
255	504	509
255	504	510
255	445	519
255	506	519
255	509	501
255	506	503
255	506	503
255	506	504
255	506	505
255	506	506
255	505	507
255	505	508
255	504	508
255	504	509
255	504	509
255	503	509
255	158	510
255	498	560
255	508	500
255	507	501
255	506	504
255	505	505
255	508	506
255	505	507
255	505	508
255	504	509
255	504	508
255	504	509
255	504	509
255	504	509
255	435	541
255	508	509
255	507	500
255	505	502
255	506	504
255	505	506
255	506	505
255	505	506
255	505	508
255	505	508
255	505	509
255	504	509
255	504	509
255	504	510
255	117	509
255	501	549
255	508	501
255	507	501
255	506	504
255	508	506
255	505	506
255	505	507
255	504	509
255	503	508
255	504	509
255	504	510
255	504	510
255	449	561
255	474	612
255	509	504
255	508	501
255	505	502
255	506	504
255	505	505
255	504	507
255	505	508
255	505	507
255	505	509
255	504	509
255	504	509
255	504	510
255	427	524
255	507	515
255	508	508
255	508	501
255	507	502
255	506	503
255	505	506
255	505	507
255	505	508
255	504	507
255	504	508
255	504	509
255	504	510
255	503	510
255	491	597
255	507	501
255	508	501
255	506	500
255	505	503
255	505	505
255	505	507
255	505	508
255	504	508
255	504	508
255	504	508
255	504	509
255	504	509
255	504	510
255	419	536
255	508	510
255	508	500
255	507	501
255	505	503
255	506	504
255	506	506
255	505	507
255	504	508
255	505	508
255	504	509
255	504	509
255	504	510
255	505	510
255	488	608
255	508	502
255	507	501
255	507	501
255	506	504
255	508	505
255	505	507
255	505	508
255	505	508
255	504	509
255	504	509
255	504	509
255	504	510
255	504	509
255	460	585
255	508	506
255	507	500
255	507	502
255	506	502
255	506	504
255	505	506
255	505	508
255	504	508
255	504	509
255	504	509
255	504	509
255	504	510
255	492	517
255	505	525
255	509	500
255	507	502
255	506	504
255	506	504
255	506	505
255	505	507
255	505	507
255	504	508
255	504	508
255	504	509
255	504	510
255	504	510
255	110	510
255	499	553
255	508	500
255	507	501
255	505	504
255	506	506
255	505	505
255	505	506
255	503	508
255	504	508
255	504	509
255	504	510
255	504	510
255	506	509
255	444	551
255	508	506
255	508	500
255	507	503
255	506	505
255	505	505
255	505	506
255	505	507
255	505	509
255	504	509
255	505	509
255	508	501
255	506	506
255	504	509
255	508	505
255	506	505
255	503	508
255	459	519
255	506	503
224	505	508
224	507	508
224	505	506
224	509	506
224	506	502
224	512	504
224	508	500
224	496	622
224	330	508
224	506	509
222	504	508
222	506	508
222	506	508
222	505	507
222	507	508
222	507	508
222	505	506
222	509	506
222	509	507
222	506	504
220	515	503
220	512	505
220	508	500
220	513	500
220	501	618
220	187	508
220	504	510
220	504	509
220	504	508
220	505	509
218	506	509
218	504	507
218	504	506
218	507	507
218	505	504
218	506	502
218	507	508
218	108	508
218	504	509
218	504	507
216	508	507
216	505	505
216	506	502
216	507	501
216	429	523
216	504	509
216	504	507
216	505	507
216	507	503
216	508	501
214	99	508
214	504	508
214	504	507
214	506	503
214	508	499
214	510	521
214	476	618
214	503	508
214	503	507
214	506	509
212	504	507
212	505	504
212	506	503
212	507	501
212	434	519
212	503	508
212	504	506
212	506	503
212	508	499
212	490	614
210	479	616
210	503	508
210	503	508
210	504	506
210	504	505
210	505	503
210	507	500
210	473	608
210	503	508
210	505	507
208	505	505
208	506	496
208	491	583
208	503	509
208	504	508
208	504	507
208	505	505
208	506	502
208	507	502
208	424	533
207	503	510
207	504	507
207	504	504
207	505	502
207	508	588
207	503	508
207	503	507
207	504	505
207	504	503
207	508	500
205	431	533
205	503	509
205	503	508
205	504	507
205	505	503
205	508	500
205	494	570
205	503	509
205	503	506
205	504	505
203	506	502
203	507	507
203	502	509
203	505	508
203	504	506
203	504	505
203	505	503
203	501	524
203	503	508
203	503	507
201	504	504
201	506	501
201	500	531
201	502	509
201	503	507
201	503	507
201	503	504
201	506	501
201	501	526
201	503	508
199	502	508
199	503	503
199	505	502
199	507	500
199	480	509
199	503	508
199	504	506
199	504	504
199	507	500
199	498	546
197	503	509
197	503	508
197	504	504
197	507	500
197	501	524
197	503	509
197	503	505
197	504	505
197	505	497
197	497	558
195	502	509
195	504	507
195	504	504
195	505	500
195	472	610
195	502	508
195	503	505
195	504	504
195	506	499
195	458	518
193	503	507
193	503	507
193	505	502
193	506	500
193	503	509
193	503	507
193	503	505
193	505	502
193	507	507
193	503	509
191	503	507
191	503	505
191	505	503
191	502	526
191	502	508
191	502	507
191	503	504
191	504	501
191	492	575
191	503	509
190	503	507
190	503	505
190	504	499
190	482	563
190	502	508
190	503	506
190	503	503
190	506	500
190	474	510
190	502	508
188	503	506
188	502	502
188	495	540
188	501	507
188	500	502
188	423	507
188	502	505
188	502	500
188	501	507
188	502	508
186	502	506
186	476	499
186	612	509
186	494	507
186	486	502
186	476	508
186	496	508
186	490	506
186	482	502
186	432	616
184	495	507
184	455	505
184	439	500
184	503	508
184	465	507
184	449	504
184	432	508
184	474	508
184	456	505
184	439	502
182	441	608
182	452	507
182	379	501
182	566	508
182	408	502
182	380	506
182	410	507
182	384	502
182	574	508
182	409	502
180	381	508
180	468	508
180	419	503
180	507	510
180	448	506
180	359	509
180	485	507
180	395	504
180	504	509
180	451	506
178	356	509
178	491	507
178	432	502
178	503	509
178	484	505
178	405	509
178	491	507
178	510	508
178	427	609
178	504	507
176	508	508
176	445	505
176	503	508
176	505	509
176	438	500
176	503	509
176	505	508
176	458	502
176	501	550
176	505	509
174	471	502
174	521	607
174	503	509
174	500	500
174	508	504
174	505	509
174	506	504
174	519	500
174	502	510
174	504	503
173	513	502
173	498	509
173	500	505
173	509	502
173	534	510
173	500	507
173	508	500
173	508	582
173	499	506
173	509	504
171	513	509
171	502	506
171	506	505
171	512	507
171	500	507
171	505	506
171	514	507
171	542	508
171	504	505
171	509	508
169	399	546
169	504	507
169	507	507
169	490	604
169	502	506
169	506	508
169	497	507
169	502	507
169	505	508
169	497	499
167	501	508
167	503	508
167	496	501
167	487	529
167	503	509
167	497	501
167	540	599
167	501	509
167	497	504
167	507	508
165	502	510
165	504	504
165	512	500
165	501	510
165	504	504
165	512	500
165	503	508
165	505	508
165	505	500
165	500	510
163	504	505
163	512	507
163	502	508
163	504	508
163	505	500
163	501	510
163	502	504
163	511	508
163	501	507
163	504	508
161	504	500
161	500	509
161	503	505
161	511	507
161	502	507
161	504	508
161	505	500
161	502	508
161	505	509
161	506	511
159	503	507
159	506	509
159	499	591
159	503	506
159	508	508
159	392	512
159	503	505
159	509	507
159	505	509
159	504	510
157	504	502
157	504	507
157	504	508
157	506	500
157	501	509
157	505	505
157	507	510
157	501	509
157	504	504
157	501	594
156	502	508
156	506	504
156	507	578
156	505	506
156	507	502
156	543	509
156	505	506
156	508	508
156	390	510
156	506	506
154	508	507
154	509	509
154	503	509
154	512	502
154	508	508
154	504	509
154	513	501
154	508	508
154	506	509
154	513	511
152	508	507
152	514	502
152	543	510
152	512	507
152	515	503
152	510	508
152	504	508
152	515	500
152	500	511
152	512	505
150	511	507
150	513	508
150	504	508
150	518	500
150	501	509
150	514	506
150	511	507
150	513	508
150	504	505
150	508	507
148	514	509
148	503	506
148	508	508
148	403	510
148	502	507
148	506	508
148	516	590
148	502	508
148	505	509
148	522	511
146	501	508
146	504	509
146	523	502
146	499	508
146	520	506
146	511	508
146	518	508
146	503	509
146	523	502
146	518	508
144	505	508
144	527	512
144	521	507
144	506	508
144	522	595
144	522	506
144	526	503
144	474	509
144	523	506
144	525	503
142	500	510
142	525	505
142	538	512
142	501	509
142	526	506
142	523	596
142	501	509
142	526	505
142	636	575
142	523	507
140	506	508
140	525	591
140	501	509
140	527	505
140	636	581
140	525	507
140	505	508
140	524	587
140	501	509
140	528	505
139	636	579
139	525	507
139	506	507
139	526	590
139	501	509
139	528	505
139	317	509
139	502	508
139	528	504
139	525	508
137	503	509
137	531	504
137	447	510
137	528	508
137	532	504
137	525	508
137	529	505
137	636	581
137	526	507
137	530	505
135	526	508
135	529	507
135	542	514
135	528	507
135	531	505
135	526	508
135	529	507
135	542	513
135	528	508
135	531	506
133	527	509
133	530	506
133	510	508
133	532	505
133	530	507
133	535	540
133	536	503
133	503	508
133	501	509
133	539	511
131	506	507
131	502	508
131	532	534
131	509	506
131	530	506
131	551	509
131	536	504
131	503	508
131	521	508
131	512	505
129	530	506
129	528	508
129	517	575
129	532	504
129	501	508
129	531	535
129	508	507
129	527	507
129	550	509
129	533	504
127	502	508
127	531	509
127	511	505
127	502	508
127	533	508
127	510	505
127	528	506
127	499	509
127	535	512
127	529	505
125	500	508
125	528	522
125	506	506
125	525	508
125	549	509
125	530	504
125	501	508
125	538	509
125	509	507
125	527	506
123	498	509
123	532	514
123	503	508
123	523	508
123	526	520
123	511	506
123	524	508
123	542	509
123	532	514
123	527	506
122	524	508
122	532	508
122	509	507
122	525	507
122	497	509
122	532	513
122	503	508
122	522	508
122	513	581
122	527	507
120	500	508
120	524	517
120	505	507
120	523	508
120	546	510
120	527	507
120	524	507
120	497	510
120	530	513
120	503	508
118	522	508
118	511	582
118	524	508
118	499	509
118	523	512
118	505	507
118	522	509
118	544	509
118	526	507
118	501	508
116	555	509
116	508	506
116	522	508
116	495	510
116	528	515
116	503	508
116	520	509
116	522	513
116	505	507
116	521	508
114	535	509
114	508	508
114	521	508
114	523	509
114	510	578
114	523	508
114	520	508
114	540	509
114	525	508
114	500	508
112	528	510
112	526	514
112	522	508
112	520	509
112	518	510
112	526	514
112	526	507
112	519	509
112	535	509
112	526	515
110	523	508
110	519	509
110	518	510
110	508	507
110	520	509
110	518	509
110	520	510
110	505	506
110	519	509
110	545	509
108	524	508
108	502	508
108	517	509
108	526	514
108	503	508
108	517	509
108	510	581
108	521	509
108	500	509
108	519	511
106	506	507
106	518	509
106	544	509
106	522	508
106	501	509
106	516	509
106	524	515
106	503	508
106	517	509
106	511	576
105	520	508
105	517	509
105	516	509
105	524	515
105	520	509
105	517	509
105	516	510
105	526	514
105	520	508
105	518	509
103	516	509
103	524	514
103	520	509
103	517	509
103	516	509
103	524	515
103	519	510
103	517	509
103	515	509
103	524	514
101	520	509
101	516	509
101	515	510
101	523	515
101	519	508
101	516	510
101	516	509
101	523	515
101	519	509
101	516	509
99	515	509
99	523	514
99	519	509
99	516	510
99	514	509
99	523	514
99	519	509
99	516	509
99	514	510
99	523	515
97	519	509
97	516	509
97	514	509
97	522	514
97	518	510
97	515	509
97	514	510
97	519	515
97	518	509
97	515	510
95	513	510
95	522	514
95	517	509
95	515	509
95	513	510
95	521	514
95	517	509
95	515	510
95	513	509
95	522	513
93	517	509
93	514	510
93	513	510
93	521	514
93	517	509
93	515	509
93	513	510
93	521	514
93	517	510
93	515	509
91	513	510
91	521	514
91	516	510
91	514	510
91	512	509
91	520	514
91	516	509
91	514	510
91	512	509
91	520	514
89	516	509
89	513	509
89	511	510
89	520	514
89	516	510
89	513	509
89	511	509
89	523	514
89	516	510
89	513	510
88	512	510
88	520	514
88	516	510
88	513	511
88	512	511
88	520	514
88	516	510
88	513	510
88	512	510
88	520	514
86	516	509
86	513	510
86	511	510
86	520	514
86	516	510
86	513	509
86	511	510
86	520	513
86	516	510
86	513	510
84	511	510
84	520	514
84	516	509
84	512	510
84	510	510
84	519	514
84	515	510
84	512	510
84	511	510
84	519	514
82	515	510
82	512	510
82	510	510
82	519	514
82	515	509
82	511	510
82	510	510
82	519	514
82	515	510
82	512	510
80	510	510
80	518	514
80	514	509
80	510	510
80	510	510
80	518	514
80	515	510
80	511	510
80	510	510
80	518	514
78	514	509
78	511	510
78	510	510
78	517	514
78	513	509
78	511	509
78	509	510
78	517	514
78	515	510
78	511	509
76	509	510
76	516	513
76	513	510
76	511	510
76	509	511
76	516	513
76	513	509
76	510	511
76	509	510
76	516	513
74	513	510
74	510	510
74	509	510
74	517	513
74	512	510
74	510	510
74	509	510
74	516	513
74	512	510
74	510	510
72	508	510
72	515	514
72	512	510
72	508	510
72	508	510
72	515	514
72	512	510
72	509	510
72	509	510
72	515	514
71	512	510
71	510	509
71	508	510
71	516	513
71	512	510
71	510	510
71	509	511
71	515	513
71	512	510
71	510	510
69	508	510
69	515	513
69	512	510
69	510	510
69	508	510
69	516	513
69	512	510
69	510	510
69	508	511
69	515	513
67	511	510
67	509	510
67	508	510
67	515	513
67	511	510
67	509	510
67	508	511
67	515	513
67	512	509
67	509	510
65	507	510
65	515	513
65	512	510
65	509	511
65	507	511
65	516	513
65	512	510
65	510	510
65	508	510
65	515	513
63	512	510
63	509	510
63	507	510
63	516	513
63	512	510
63	509	511
63	507	510
63	515	513
63	511	510
63	507	510
61	507	510
61	516	514
61	512	510
61	509	510
61	507	510
61	516	513
61	511	510
61	509	511
61	507	510
61	518	513
59	511	510
59	510	510
59	508	510
59	518	513
59	513	510
59	510	510
59	508	510
59	518	513
59	513	510
59	510	510
57	507	511
57	518	513
57	514	510
57	511	510
57	508	510
57	518	513
57	513	510
57	510	510
57	506	510
57	517	513
55	512	510
55	510	511
55	508	510
55	517	513
55	512	510
55	510	510
55	507	510
55	517	513
55	513	509
55	510	510
54	507	511
54	517	513
54	513	510
54	510	511
54	507	510
54	516	513
54	512	510
54	511	510
54	507	510
54	516	514
52	511	510
52	506	510
52	501	510
52	513	512
52	506	510
52	504	510
52	502	510
52	515	512
52	506	509
52	504	510
50	503	510
50	514	512
50	508	510
50	505	510
50	504	510
50	515	512
50	508	510
50	506	510
50	504	509
50	516	512
48	509	510
48	507	510
48	506	510
48	518	512
48	510	510
48	508	510
48	506	511
48	519	512
48	506	510
48	508	510
46	506	511
46	517	512
46	509	510
46	507	510
46	506	510
46	518	512
46	509	510
46	507	510
46	505	510
46	518	511
44	509	510
44	505	510
44	503	510
44	516	511
44	504	511
44	505	511
44	503	510
44	518	511
44	507	510
44	506	510
42	504	510
42	510	510
42	513	510
42	517	511
42	520	510
42	513	511
42	516	511
42	518	509
42	511	511
42	515	512
40	516	510
40	531	510
40	498	511
40	465	511
40	439	510
40	423	510
40	412	511
40	406	510
40	406	511
40	411	511
39	419	510
39	430	510
39	442	510
39	454	511
39	469	510
39	484	510
39	499	510
39	516	511
39	529	510
39	542	510
0	552	510
0	558	511
0	563	510
0	566	510
0	568	511
0	567	510
0	563	510
0	559	511
0	552	510
0	544	510
0	536	511
0	526	511
0	516	511
0	507	510
0	500	510
0	488	511
0	481	510
0	474	511
0	470	510
0	466	510
0	463	511
0	464	510
0	465	511
0	469	510
0	473	510
0	479	510
0	485	510
0	493	510
0	501	510
0	509	511
0	516	510
0	524	511
0	530	511
0	536	510
0	541	510
0	543	510
0	546	511
0	547	510
0	546	511
0	543	511
0	541	511
0	537	510
0	532	511
0	527	510
0	520	510
0	514	510
0	508	511
0	502	510
0	497	511
0	492	511
0	487	511
0	484	510
0	482	511
0	481	510
0	481	510
0	482	510
0	484	510
0	487	510
0	491	511
0	494	511
0	499	510
0	504	510
0	509	510
0	514	510
0	519	510
0	523	511
0	526	510
0	529	511
0	531	510
0	532	511
0	533	510
0	533	511
0	531	511
0	529	511
0	526	510
0	524	511
0	520	510
0	517	511
0	513	511
0	508	510
0	506	511
0	502	511
0	498	510
0	496	511
0	494	510
0	493	510
0	493	510
0	492	510
0	492	510
0	494	511
0	496	510
0	498	511
0	500	510
0	503	511
0	506	510
0	508	510
0	512	510
0	516	511
0	519	511
0	520	510
0	522	511
0	523	510
0	524	510
0	525	510
0	524	511
0	523	511
0	522	510
0	520	511
0	518	510
0	516	511
0	513	511
0	511	510
0	509	510
0	506	510
0	504	510
0	502	510
0	501	510
0	500	510
0	499	511
0	499	510
0	499	510
0	499	511
0	500	511
0	501	511
0	503	510
0	504	510
0	506	511
0	508	510
0	510	510
0	512	511
0	514	511
0	515	511
0	516	511
0	518	510
0	519	510
0	519	511
0	519	510
0	519	511
0	518	511
0	517	510
0	516	511
0	515	510
0	513	510
0	512	511
0	510	510
0	509	510
0	507	511
0	506	511
0	505	510
0	504	510
0	503	511
0	503	510
0	503	511
0	503	510
0	504	511
0	504	510
0	505	510
0	505	510
0	507	510
0	508	510
0	510	510
0	510	510
0	511	510
0	512	510
0	513	510
0	514	511
0	515	511
0	516	511
0	515	511
0	516	511
0	515	511
0	513	510
0	514	511
0	514	510
0	513	511
0	511	511
0	510	511
0	510	510
0	509	511
0	508	510
0	507	510
0	506	511
0	506	511
0	506	510
0	505	511
0	506	511
0	506	510
0	506	511
0	506	510
0	507	510
0	507	510
0	508	511
0	509	510
0	510	510
0	510	510
0	511	510
0	511	511
0	512	510
0	512	510
0	512	511
0	513	510
0	513	511
0	513	510
0	513	511
0	513	510
0	513	510
0	512	510
0	510	510
0	510	511
0	510	510
0	510	511
0	510	510
0	508	511
0	506	510
0	508	510
0	508	511
0	507	511
0	507	511
0	507	510
0	508	510
0	508	511
0	508	511
0	509	510
0	510	511
0	509	511
0	510	510
0	510	511
0	511	511
0	511	511
0	511	510
0	512	510
0	512	510
0	512	510
0	512	511
0	512	510
0	512	511
0	511	510
0	511	510
0	511	510
0	511	511
0	511	511
0	510	510
0	510	510
0	510	510
0	509	510
0	509	511
0	510	510
0	509	510
0	509	511
0	508	511
0	506	511
0	508	510
0	509	510
0	511	510
0	509	510
0	509	510
0	510	511
0	510	511
0	510	511
0	510	511
0	511	510
0	511	510
0	511	511
0	511	511
0	512	510
0	511	510
0	511	510
0	511	510
0	511	511
0	511	510
0	511	511
0	510	511
0	510	510
0	509	510
0	510	511
0	510	510
0	509	510
0	509	510
0	509	511
0	508	511
0	509	510
0	509	511
0	509	510
0	509	511
0	509	511
0	509	510
0	509	511
0	509	511
0	510	511
0	510	510
0	510	511
0	510	510
0	511	510
0	511	510
0	510	511
0	511	511
0	511	511
0	511	510
0	511	511
0	511	510
0	510	511
0	511	511
0	510	511
0	510	510
0	510	511
0	510	511
0	510	511
0	509	510
0	510	511
0	509	510
0	509	510
0	509	511
0	509	511
0	509	510
0	509	510
0	509	511
0	509	511
0	509	510
0	509	510
0	510	510
0	510	511
0	510	510
0	510	511
0	510	510
0	511	511
0	510	511
0	511	511
0	511	510
0	512	510
0	511	511
0	511	511
0	510	510
0	510	510
0	510	511
0	510	510
0	510	510
0	510	511
0	510	511
0	509	510
0	510	510
0	509	510
0	509	510
0	509	511
0	509	510
0	509	511
0	509	510
0	509	510
0	509	511
0	508	511
0	510	510
0	510	511
0	510	511
0	510	510
0	510	511
0	510	510
0	511	510
0	510	510
0	511	510
0	511	511
0	511	511
0	510	510
0	511	511
0	511	510
0	511	510
0	510	511
0	510	510
0	510	510
0	510	510
0	510	510
0	510	510
0	510	511
0	509	510
0	510	511
0	509	510
0	509	510
0	509	510
0	510	510
0	509	511
0	509	510
0	509	511
0	509	510
0	509	511
0	509	510
0	510	510
0	510	510
0	510	510
0	510	510
0	510	510
0	510	510
0	510	511
0	511	510
0	510	510
0	510	511
0	510	510
0	510	511
0	511	510
0	511	510
0	510	511
0	510	510
0	510	511
0	510	510
0	511	511
0	508	510
0	509	511
0	511	510
0	509	510
0	509	510
0	509	511
0	509	511
0	509	510
0	509	510
0	509	510
0	510	510
0	509	511
0	509	510
0	509	511
0	509	511
0	510	511
0	510	510
0	510	511
0	510	511
0	511	510
0	510	510
0	510	511
0	510	511
0	511	510
0	511	510
0	510	511
0	511	510
0	511	510
0	510	510
0	510	511
0	510	510
0	511	510
0	510	510
0	510	510
0	510	511
0	510	510
0	510	511
0	512	510
0	509	511
0	510	510
0	509	510
0	509	511
0	509	511
0	509	510
0	509	510
0	509	510
0	509	510
0	510	511
0	510	511
0	510	511
0	510	510
0	510	510
0	510	511
0	510	511
0	511	511
0	510	510
0	509	510
0	511	510
0	511	510
0	510	511
0	510	510
0	510	510
0	510	510
0	510	511
0	509	511
0	510	511
0	510	510
0	510	510
0	510	510
0	509	511
0	509	510
0	510	510
0	510	511
0	509	510
0	509	511
0	509	511
0	509	511
0	509	510
0	509	510
0	509	510
0	509	511
0	510	511
0	509	510
0	510	510
0	510	510
0	510	510
0	510	510
0	510	510
0	510	511
0	510	510
0	510	510
0	510	511
0	510	510
0	511	511
0	511	510
0	510	510
0	511	510
0	510	510
0	510	511
0	510	510
0	510	511
0	507	511
0	510	511
0	509	510
0	510	510
0	510	510
0	506	510
0	510	511
0	509	510
0	510	511
0	510	510
0	509	510
0	509	511
0	510	510
0	510	510
0	510	510
0	509	511
0	510	511
0	510	510
0	510	510
0	510	510
0	510	510
0	511	510
0	511	511
0	510	510
0	511	511
0	510	510
0	510	511
0	511	510
0	511	511
0	510	511
0	510	510
0	510	511
0	510	510
0	510	510
0	510	511
0	509	510
0	511	511
0	509	510
0	510	511
0	509	510
0	511	510
0	509	510
0	509	510
0	510	510
0	510	511
0	509	511
0	510	511
0	510	511
0	509	510
0	509	510
0	510	511
0	510	511
0	510	510
0	510	511
0	510	510
0	510	511
0	510	510
0	510	511
0	510	510
0	511	511
0	510	510
0	511	511
0	510	510
0	510	511
0	510	511
0	512	511
0	510	510
0	510	510
0	510	510
0	510	510
0	511	510
0	510	511
0	510	510
0	510	511
0	510	510
0	509	511
0	509	511
0	510	511
0	509	511
0	509	510
0	510	511
0	509	511
0	510	510
0	510	510
0	510	511
0	510	510
0	510	510
0	510	510
0	510	510
0	509	511
0	510	510
0	510	510
0	510	510
0	510	511
0	511	511
0	510	511
0	510	511
0	510	510
0	510	511
0	510	511
0	510	511
0	510	510
0	510	511
0	510	510
0	509	511
0	509	510
0	508	510
0	509	511
0	509	510
0	509	510
0	509	511
0	509	511
0	509	510
0	509	511
0	509	511
0	510	511
0	510	511
0	510	510
0	510	511
0	510	510
0	510	511
0	509	510
0	510	511
0	510	511
0	510	510
0	510	510
0	511	511
0	511	510
0	510	511
0	511	511
0	511	511
0	510	510
0	510	511
0	508	510
0	510	511
0	510	511
0	510	510
0	510	510
0	510	511
0	510	510
0	510	511
0	510	511
0	510	511
0	509	510
0	509	510
0	509	510
0	510	511
0	510	510
0	510	510
0	510	511
0	510	510
0	509	511
0	510	510
0	510	511
0	511	511
0	510	511
0	510	510
0	511	510
0	511	511
0	510	510
0	510	511
0	510	510
0	510	510
0	510	511
0	511	510
0	510	510
0	510	511
0	510	510
0	510	511
0	510	510
0	511	510
0	510	510
0	509	511
0	511	510
0	510	510
0	510	511
0	510	510
0	509	511
0	509	510
0	510	510
0	509	511
0	509	511
0	510	510
0	509	510
0	509	510
0	510	511
0	510	510
0	510	511
0	510	511
0	510	510
0	510	510
0	510	511
0	511	510
0	511	510
0	510	511
0	510	510
0	510	511
0	510	511
0	510	511
0	510	510
0	510	510
0	510	511
0	510	511
0	510	510
0	510	511
0	510	510
0	510	510
0	510	510
0	510	510
0	510	511
0	510	510
0	510	511
0	509	511
0	511	511
0	509	510
0	509	510
0	509	511
0	509	510
0	509	511
0	513	510
0	508	510
0	510	511
0	510	510
0	510	511
0	510	510
0	510	511
0	510	510
0	511	510
0	510	510
0	510	511
0	510	511
0	510	510
0	510	510
0	510	510
0	510	511
0	511	510
0	510	511
0	510	510
0	510	511
0	510	511
0	510	510
0	510	511
0	510	510
0	509	511
0	509	511
0	509	510
0	509	510
0	508	510
0	509	511
0	509	511
0	509	510
0	509	511
0	510	511
0	510	510
0	509	511
0	509	510
0	510	510
0	510	511
0	510	510
0	510	510
0	509	510
0	510	511
0	510	511
0	509	510
0	510	511
0	510	510
0	510	510
0	510	510
0	510	511
0	510	510
0	510	510
0	510	510
0	510	511
0	510	511
0	510	510
0	509	510
0	510	511
0	510	512
0	510	511
0	510	511
0	510	511
0	509	510
0	509	511
0	509	510
0	509	511
0	509	510
0	510	510
0	509	511
0	510	510
0	510	510
0	510	511
0	510	510
0	510	511
0	510	510
0	510	511
0	510	511
0	510	511
0	510	510
0	510	510
0	511	511
0	511	511
0	511	510
0	511	510
0	511	511
0	510	511
0	510	511
0	510	511
0	509	511
0	509	510
0	510	511
0	510	510
0	510	511
0	510	510
0	509	511
0	509	510
0	509	511
0	509	510
0	513	511
0	510	511
0	509	510
0	509	510
0	509	511
0	510	511
0	510	510
0	509	511
0	510	511
0	510	511
0	511	511
0	510	511
0	510	511
0	510	511
0	510	511
0	510	510
0	510	510
0	511	510
0	510	510
0	511	510
0	510	510
0	510	511
0	510	510
0	510	510
0	510	511
0	509	511
0	510	510
0	510	511
0	510	510
0	510	510
0	510	510
0	509	511
0	509	511
0	510	510
0	509	510
0	509	510
0	510	511
0	509	510
0	510	511
0	510	510
0	509	511
0	510	511
0	510	510
0	510	510
0	507	511
0	513	510
0	510	510
0	510	510
0	511	510
0	510	510
0	510	511
0	510	511
0	510	511
0	510	511
0	511	510
0	511	510
0	510	510
0	510	511
0	510	510
0	510	511
0	510	510
0	509	510
0	508	511
0	510	511
0	509	510
0	510	511
0	510	510
0	509	510
0	510	510
0	509	511
0	509	510
0	510	511
0	510	511
0	509	511
0	509	510
0	510	510
0	511	511
0	510	511
0	510	512
0	510	510
0	510	511
0	510	510
0	510	510
0	511	511
0	510	510
0	511	511
0	511	510
0	511	510
0	510	511
0	510	511
0	510	511
0	510	510
0	510	510
0	510	510
0	510	510
0	509	511
0	510	510
0	510	511
0	510	510
0	509	511
0	510	511
0	509	511
0	509	510
0	510	510
0	510	511
0	509	511
0	509	510
0	509	510
0	510	510
0	510	510
0	510	510
0	510	511
0	510	511
0	510	509
0	510	510
0	510	511
0	510	511
0	510	511
0	511	511
0	510	510
0	511	510
0	511	510
0	511	510
0	512	510
0	510	510
0	510	510
0	510	511
0	510	511
0	510	511
0	510	510
0	510	510
0	509	511
0	510	510
0	510	511
0	510	510
0	510	511
0	510	511
0	509	511
0	510	510
0	509	511
0	510	510
0	510	510
0	509	511
0	510	510
0	510	510
0	509	511
0	510	511
0	511	511
0	510	511
0	510	511
0	510	510
0	510	510
0	510	510
0	511	511
0	510	510
0	510	511
0	511	510
0	511	511
0	510	510
0	509	510
0	510	510
0	510	510
0	510	511
0	510	510
0	509	511
0	509	510
0	509	511
0	509	510
0	510	511
0	509	511
0	509	510
0	511	511
0	509	511
0	510	511
0	509	511
0	510	511
0	509	510
0	510	511
0	510	510
0	510	510
0	510	511
0	510	510
0	511	511
0	510	511
0	510	510
0	510	510
0	510	510
0	510	511
0	511	510
0	510	510
0	510	510
0	511	510
0	510	511
0	511	511
0	510	510
0	510	510
0	510	511
0	510	510
0	510	511
0	510	510
0	510	510
0	509	510
0	510	510
0	509	510
0	509	511
0	509	510
0	509	510
0	509	511
0	510	511
0	510	510
0	509	510
0	510	511
0	510	510
0	510	511
0	510	510
0	510	510
0	510	511
0	508	511
0	510	511
0	510	511
0	510	511
0	510	511
0	511	510
0	511	510
0	511	510
0	510	510
0	510	511
0	510	510
0	510	510
0	510	511
0	510	510
0	510	511
0	510	511
0	510	511
0	509	511
0	510	511
0	509	510
0	509	511
0	509	511
0	507	510
0	509	510
0	509	510
0	509	510
0	509	511
0	509	510
0	510	510
0	510	511
0	510	511
0	510	511
0	510	511
0	510	511
0	510	510
0	510	511
0	509	510
0	510	510
0	510	510
0	510	511
0	510	510
0	510	511
0	510	510
0	510	510
0	510	511
0	510	510
0	510	510
0	510	511
0	510	510
0	510	510
0	510	511
0	510	511
0	510	511
0	509	510
0	509	510
0	510	510
0	509	511
0	509	511
0	509	510
0	509	511
0	509	510
0	509	511
0	510	511
0	511	510
0	510	510
0	510	511
0	510	510
0	510	511
0	510	510
0	510	510
0	510	511
0	510	511
0	510	511
0	510	510
0	510	511
0	510	510
0	511	510
0	510	510
0	510	510
0	510	510
0	510	511
0	510	510
0	510	510
0	510	511
0	510	511
0	510	511
0	510	511
0	510	511
0	508	511
0	510	511
0	510	510
0	508	510
0	509	510
0	509	511
0	509	511
0	509	510
0	509	511
0	509	511
0	510	511
0	510	510
0	510	510
0	509	510
0	510	510
0	511	510
0	511	511
0	510	510
0	511	511
0	510	511
0	511	510
0	511	511
0	510	510
0	511	511
0	510	511
0	509	511
0	510	510
0	510	511
0	511	511
0	509	510
0	510	511
0	510	510
0	510	510
0	510	511
0	510	510
0	510	510
0	509	511
0	510	510
0	510	510
0	509	511
0	509	511
0	509	509
0	510	510
0	510	511
0	510	511
0	510	511
0	510	511
0	511	510
0	511	511
0	510	511
0	510	511
0	511	510
0	510	511
0	510	511
0	510	511
0	511	510
0	511	510
0	510	510
0	510	510
0	510	511
0	510	511
0	510	511
0	510	510
0	510	511
0	510	511
0	510	510
0	510	511
0	510	510
0	509	511
0	510	510
0	510	511
0	509	511
0	509	510
0	509	510
0	509	510
0	509	510
0	510	510
0	510	511
0	510	510
0	509	511
0	510	511
0	510	511
0	510	510
0	509	511
0	510	511
0	510	510
0	511	511
0	510	510
0	510	511
0	510	511
0	510	511
0	511	510
0	510	510
0	510	510
0	510	510
0	510	511
0	510	510
0	509	511
0	510	511
0	510	510
0	510	510
0	510	510
0	509	511
0	509	510
0	509	510
0	510	511
0	509	511
0	509	510
0	510	510
0	509	511
0	509	510
0	509	510
0	510	510
0	510	510
0	509	511
0	510	511
0	510	510
0	510	510
0	511	510
0	511	511
0	510	510
0	510	510
0	510	510
0	511	511
0	510	510
0	511	510
0	510	511
0	510	510
0	510	510
0	511	511
0	509	510
0	510	510
0	510	510
0	510	510
0	509	511
0	509	510
0	509	511
0	509	511
0	509	510
0	509	511
0	509	510
0	510	511
0	510	510
0	509	511
0	510	511
0	509	511
0	510	510
0	510	510
0	510	511
0	510	510
0	510	510
0	510	511
0	510	510
0	510	511
0	510	510
0	510	510
0	510	510
0	510	510
0	510	510
0	510	510
0	511	511
0	510	511
0	511	510
0	510	510
0	510	511
0	510	510
0	510	511
0	510	510
0	509	510
0	509	511
0	509	510
0	509	510
0	509	510
0	509	511
0	509	511
0	509	511
0	510	510
0	509	510
0	510	511
0	510	510
0	512	511
0	510	510
0	510	510
0	510	510
0	510	511
0	510	510
0	511	510
0	510	510
0	510	510
0	511	510
0	510	511
0	510	510
0	510	511
0	510	511
0	511	510
0	510	511
0	510	510
0	510	510
0	510	511
0	510	510
0	510	510
0	510	511
0	509	511
0	509	510
0	509	511
0	509	510
0	509	511
0	509	511
0	509	510
0	509	510
0	509	511
0	508	511
0	509	510
0	510	511
0	509	510
0	509	511
0	510	511
0	510	510
0	514	511
0	510	511
0	509	511
0	510	511
0	511	511
0	510	510
0	510	511
0	510	511
0	510	511
0	511	511
0	510	510
0	510	510
0	511	510
0	510	510
0	511	511
0	510	510
0	510	511
0	510	510
0	510	511
0	510	510
0	510	510
0	509	510
0	509	511
0	510	511
0	509	510
0	509	510
0	509	511
0	509	511
0	509	510
0	509	511
0	509	510
0	510	510
0	510	510
0	510	511
0	510	511
0	510	510
0	510	511
0	511	511
0	510	511
0	511	511
0	510	511
0	511	510
0	511	511
0	510	511
0	510	511
0	511	511
0	510	511
0	510	510
0	513	510
0	510	511
0	511	511
0	510	510
0	510	510
0	510	510
0	510	511
0	510	511
0	510	510
0	510	510
0	509	510
0	509	510
0	509	511
0	509	510
0	510	511
0	509	510
0	510	510
0	510	511
0	510	511
0	510	510
0	510	510
0	510	510
0	511	511
0	510	510
0	510	511
0	510	510
0	510	511
0	510	510
0	510	510
0	510	511
0	510	510
0	510	510
0	511	511
0	511	511
0	510	511
0	510	511
0	511	510
0	510	510
0	510	511
0	510	511
0	510	510
0	510	511
0	509	510
0	509	511
0	509	510
0	510	510
0	509	511
0	509	511
0	510	510
0	510	510
0	510	511
0	510	511
0	510	511
0	510	511
0	510	510
0	510	510
0	510	511
0	510	511
0	510	510
0	510	510
0	510	511
0	510	511
0	510	510
0	511	510
0	510	510
0	510	510
0	510	510
0	511	510
0	510	511
0	507	511
0	510	510
0	510	510
0	510	511
0	509	511
0	507	510
0	510	511
0	509	511
0	509	510
0	509	511
0	509	510
0	509	510
0	510	510
0	510	510
0	509	511
0	511	510
0	509	511
0	510	510
0	510	511
0	510	510
0	510	511
0	510	511
0	510	509
0	510	511
0	511	510
0	510	510
0	511	511
0	511	511
0	510	511
0	511	510
0	510	510
0	510	511
0	510	511
0	510	511
0	510	510
0	510	510
0	510	510
0	510	510
0	510	511
0	510	511
0	510	511
0	510	510
0	509	510
0	509	510
0	510	511
0	509	510
0	509	510
0	510	510
0	510	510
0	509	511
0	510	511
0	509	510
0	510	511
0	510	510
0	509	511
0	510	511
0	510	510
0	510	510
0	511	510
0	511	510
0	510	511
0	510	511
0	510	510
0	510	511
0	510	510
0	511	511
0	510	510
0	510	510
0	510	511
0	510	510
0	510	511
0	510	510
0	510	510
0	509	510
0	509	511
0	510	510
0	509	511
0	509	511
0	509	510
0	510	511
0	509	511
0	509	511
0	509	510
0	509	511
0	510	510
0	510	511
0	509	511
0	509	510
0	510	510
0	510	511
0	510	510
0	508	510
0	510	510
0	510	511
0	510	510
0	510	511
0	512	510
0	511	510
0	510	510
0	511	511
0	511	510
0	510	511
0	510	511
0	510	511
0	510	510
0	510	511
0	510	510
0	509	510
0	509	511
0	509	510
0	510	510
0	510	511
0	509	511
0	509	510
0	510	510
0	509	510
0	509	510
0	510	510
0	510	511
0	509	510
0	509	510
0	510	510
0	510	510
0	510	511
0	510	511
0	510	511
0	510	510
0	509	511
0	510	510
0	510	510
0	510	510
0	510	511
0	511	511
0	510	510
0	510	511
0	511	510
0	510	511
0	510	510
0	510	511
0	510	511
0	510	510
0	510	510
0	510	511
0	509	511
0	509	511
0	509	510
0	509	510
0	509	510
0	510	510
0	509	510
0	509	510
0	509	511
0	509	511
0	509	510
0	510	510
0	510	511
0	512	510
0	510	511
0	510	510
0	510	510
0	510	510
0	510	511
0	510	510
0	510	510
0	511	510
0	510	510
0	510	510
0	511	511
0	510	511
0	510	510
0	511	510
0	510	511
0	510	510
0	510	511
0	510	510
0	510	511
0	510	511
0	510	510
0	510	511
0	510	510
0	510	511
0	509	511
0	509	510
0	509	511
0	510	510
0	510	511
0	510	510
0	510	510
0	510	510
0	510	510
0	510	510
0	510	510
0	510	511
0	508	511
0	510	511
0	510	511
0	510	511
0	510	510
0	511	510
0	511	511
0	510	511
0	510	510
0	511	511
0	510	510
0	510	510
0	511	510
0	510	511
0	510	510
0	510	511
0	509	511
0	509	510
0	510	510
0	510	511
0	509	511
0	509	510
0	509	510
0	509	510
0	509	511
0	510	510
0	510	510
0	510	510
0	510	510
0	509	510
0	509	511
0	510	511
0	510	510
0	510	511
0	510	510
0	511	510
0	509	510
0	510	510
0	510	510
0	510	510
0	510	510
0	511	511
0	510	511
0	510	510
0	510	510
0	510	511
0	510	511
0	510	511
0	510	511
0	510	511
0	510	511
0	510	511
0	510	510
0	510	510
0	510	510
0	509	510
0	509	511
0	509	510
0	509	510
0	509	511
0	509	511
0	509	511
0	510	511
0	509	511
0	510	510
0	510	511
0	510	511
0	510	511
0	510	510
0	510	510
0	510	510
0	512	511
0	510	511
0	511	511
0	510	511
0	510	510
0	511	510
0	510	510
0	511	511
0	511	511
0	510	510
0	510	510
0	509	510
0	510	511
0	510	510
0	510	510
0	510	510
0	510	510
0	509	510
0	510	510
0	509	510
0	510	511
0	509	510
0	509	510
0	510	510
0	509	511
0	509	510
0	510	511
0	509	511
0	510	511
0	511	510
0	510	510
0	510	511
0	511	510
0	510	510
0	510	510
0	510	510
0	510	510
0	510	510
0	510	510
0	510	511
0	510	511
0	510	511
0	511	511
0	510	511
0	511	510
0	510	510
0	510	510
0	510	510
0	510	511
0	510	511
0	509	511
0	510	511
0	509	510
0	510	510
0	509	511
0	509	510
0	509	511
0	509	511
0	509	510
0	509	511
0	509	511
0	510	511
0	510	510
0	510	511
0	510	510
0	510	510
0	510	511
0	511	510
0	510	510
0	510	511
0	510	510
0	511	510
0	510	511
0	510	511
0	510	510
0	510	510
0	510	510
0	510	511
0	510	510
0	510	510
0	510	510
0	510	511
0	510	510
0	510	510
0	510	510
0	509	511
0	510	511
0	509	510
0	510	510
0	510	510
0	509	510
0	509	511
0	510	510
0	509	510
0	506	510
0	509	511
0	510	510
0	510	509
0	510	510
0	510	510
0	510	511
0	510	511
0	510	510
0	510	510
0	510	510
0	510	511
0	511	511
0	509	510
0	510	510
0	510	510
0	510	510
0	511	511
0	510	511
0	510	511
0	510	511
0	510	510
0	510	510
0	510	510
0	510	511
0	511	511
0	509	511
0	509	510
0	509	511
0	509	511
0	509	511
0	509	510
0	508	512
0	509	510
0	509	510
0	510	510
0	510	510
0	510	510
0	510	511
0	509	510
0	510	511
0	510	510
0	511	511
0	510	511
0	511	511
0	511	510
0	510	511
0	510	511
0	510	511
0	510	510
0	510	510
0	510	511
0	510	510
0	510	511
0	510	510
0	510	510
0	510	511
0	510	510
0	510	511
0	510	510
0	510	510
0	510	511
0	510	511
0	509	511
0	509	510
0	509	510
0	509	511
0	509	511
0	509	511
0	510	510
0	510	510
0	509	510
0	510	510
0	510	510
0	510	511
0	510	510
0	510	511
0	512	510
0	510	511
0	511	511
0	510	511
0	510	511
0	511	510
0	510	511
0	510	510
0	510	511
0	510	511
0	510	511
0	510	511
0	510	511
0	510	511
0	510	511
0	509	510
0	510	510
0	510	510
0	510	511
0	509	510
0	509	510
0	509	510
0	509	511
0	509	510
0	509	510
0	509	511
0	510	511
0	509	510
0	510	510
0	510	511
0	510	510
0	510	510
0	510	511
0	511	511
0	511	510
0	511	510
0	510	511
0	511	510
0	510	511
0	510	512
0	510	510
0	511	512
0	510	510
0	510	511
0	510	511
0	510	510
0	508	510
0	510	510
0	510	511
0	509	511
0	510	511
0	510	511
0	510	510
0	509	511
0	509	510
0	509	511
0	509	510
0	509	510
0	510	510
0	510	511
0	509	511
0	509	511
0	509	510
0	510	510
0	510	511
0	510	510
0	510	510
0	510	511
0	510	510
0	510	510
0	510	510
0	510	510
0	511	511
0	510	511
0	509	510
0	510	510
0	511	511
0	511	510
0	510	510
0	511	511
0	510	511
0	509	510
0	510	510
0	510	510
0	509	511
0	509	511
0	509	510
0	510	510
0	509	510
0	510	510
0	509	511
0	509	510
0	509	510
0	509	511
0	510	511
0	509	511
0	510	511
0	509	510
0	510	511
0	510	511
0	510	510
0	510	510
0	510	511
0	510	511
0	510	511
0	510	512
0	510	511
0	510	510
0	510	510
0	510	510
0	510	510
0	511	511
0	511	511
0	510	511
0	510	511
0	510	510
39	510	511
39	511	510
39	510	511
39	511	511
39	511	511
39	510	511
39	511	510
39	513	511
39	511	511
39	510	511
40	511	511
40	511	510
40	512	510
40	511	511
40	511	511
40	512	510
40	512	511
40	512	510
40	512	510
40	511	511
42	511	510
42	513	510
42	515	510
42	516	511
42	517	511
42	518	510
42	518	511
42	518	511
42	518	510
42	517	510
44	516	511
44	520	511
44	525	511
44	529	510
44	532	511
44	533	511
44	534	511
44	533	510
44	531	510
44	529	510
46	526	510
46	534	511
46	542	511
46	548	510
46	551	511
46	551	511
46	550	511
46	547	511
46	543	511
46	539	511
48	535	510
48	544	511
48	555	510
48	560	511
48	562	511
48	562	510
48	560	511
48	556	511
48	552	511
48	547	511
50	541	511
50	548	511
50	561	511
50	568	511
50	569	511
50	568	511
50	564	511
50	560	511
50	555	512
50	550	511
52	544	511
52	554	511
52	599	522
52	579	524
52	574	523
52	572	511
52	567	511
52	561	511
52	555	512
52	548	512
54	543	511
54	552	510
54	567	511
54	575	511
54	577	511
54	575	511
54	569	511
54	563	512
54	664	525
54	550	511
55	544	511
55	763	524
55	751	527
55	750	524
55	756	524
55	765	525
55	780	525
55	777	527
55	766	524
55	761	526
57	763	525
57	548	511
57	557	512
57	560	512
57	797	522
57	806	525
57	828	525
57	541	512
57	533	511
57	527	512
59	521	511
59	448	511
59	405	510
59	404	511
59	406	512
59	407	512
59	420	511
59	464	514
59	467	515
59	486	514
61	466	514
61	436	511
61	434	511
61	430	511
61	446	511
61	445	511
61	445	511
61	441	510
61	458	511
61	457	511
63	456	510
63	454	511
63	469	510
63	464	512
63	465	512
63	462	510
63	468	511
63	476	511
63	475	511
63	470	510
65	484	511
65	484	510
65	480	510
65	478	510
65	490	511
65	488	511
65	486	510
65	482	510
65	493	510
65	481	509
67	490	510
67	486	510
67	490	509
67	485	509
67	482	510
67	541	510
67	494	508
67	488	508
67	485	510
67	494	511
69	501	510
69	499	510
69	497	510
69	497	510
69	503	511
69	494	508
69	490	509
69	549	511
69	507	513
69	503	510
71	501	510
71	499	510
71	507	513
71	505	510
71	502	510
71	500	510
71	508	514
71	505	509
71	503	510
71	500	511
72	509	513
72	502	507
72	497	509
72	432	509
72	509	577
72	503	508
72	498	509
72	472	508
72	509	582
72	504	507
74	499	508
74	465	509
74	508	578
74	504	507
74	507	511
74	506	510
74	506	510
74	508	507
74	502	507
74	498	508
76	557	509
76	507	507
76	501	508
76	497	511
76	507	510
76	511	510
76	509	509
76	506	510
76	507	511
76	511	510
78	502	508
78	497	509
78	552	508
78	514	514
78	511	510
78	509	510
78	506	510
78	514	514
78	511	510
78	509	510
80	507	510
80	515	514
80	514	510
80	509	510
80	507	510
80	516	513
80	505	507
80	500	508
80	471	508
80	510	579
82	504	507
82	499	508
82	476	509
82	509	576
82	503	507
82	499	508
82	468	508
82	509	581
82	503	508
82	511	510
84	509	510
84	509	510
84	507	507
84	501	507
84	497	508
84	544	509
84	506	507
84	512	510
84	510	510
84	510	510
86	516	509
86	512	510
86	510	511
86	508	580
86	514	509
86	511	510
86	509	510
86	518	514
86	514	510
86	498	508
88	511	510
88	517	510
88	513	510
88	510	509
88	511	511
88	516	510
88	513	510
88	510	510
88	511	511
88	516	509
89	512	509
89	510	510
89	511	510
89	514	510
89	513	509
89	511	509
89	512	510
89	516	509
89	513	510
89	510	510
91	512	510
91	517	509
91	514	509
91	512	510
91	512	510
91	516	510
91	514	509
91	511	510
91	512	511
91	517	510
93	514	510
93	512	510
93	513	510
93	518	509
93	514	510
93	512	511
93	512	510
93	517	509
93	514	509
93	511	510
95	513	511
95	518	510
95	515	510
95	512	509
95	513	510
95	518	509
95	515	509
95	513	509
95	514	510
95	518	509
97	515	510
97	513	510
97	514	510
97	519	509
97	516	510
97	513	509
97	514	511
97	519	509
97	515	509
97	513	510
99	514	511
99	519	509
99	516	508
99	514	510
99	515	511
99	519	509
99	516	509
99	514	509
99	514	510
99	519	509
101	516	509
101	514	510
101	515	511
101	520	509
101	517	509
101	514	510
101	516	510
101	520	509
101	517	509
101	514	510
103	516	510
103	520	509
103	517	509
103	515	509
103	516	511
103	520	509
103	517	509
103	515	509
103	516	510
103	521	509
105	519	509
105	515	510
105	517	510
105	521	508
105	517	509
105	515	510
105	517	511
105	521	508
105	517	509
105	515	509
106	517	511
106	522	508
106	518	509
106	515	509
106	517	511
106	522	508
106	518	509
106	516	509
106	517	511
106	523	509
108	518	509
108	516	509
108	518	510
108	522	508
108	522	509
108	517	509
108	518	510
108	523	508
108	519	509
108	516	509
110	519	511
110	523	508
110	520	508
110	517	510
110	519	510
110	523	508
110	520	509
110	517	509
110	519	510
110	525	508
112	519	508
112	518	509
112	520	511
112	524	509
112	521	508
112	518	509
112	520	511
112	524	508
112	521	508
112	518	509
114	520	511
114	525	507
114	522	508
114	520	509
114	525	511
114	525	507
114	522	508
114	519	509
114	521	511
114	526	508
116	522	508
116	520	509
116	522	512
116	526	508
116	523	508
116	520	508
116	522	512
116	526	508
116	522	508
116	520	509
118	523	512
118	527	507
118	524	508
118	521	508
118	524	513
118	527	508
118	524	508
118	521	508
118	523	516
118	527	508
120	524	508
120	522	508
120	526	514
120	529	506
120	525	508
120	523	509
120	525	518
120	529	505
120	524	508
120	521	509
122	525	517
122	529	506
122	526	507
122	523	508
122	526	519
122	529	506
122	525	507
122	524	508
122	526	521
122	529	507
123	525	508
123	523	508
123	527	521
123	530	505
123	526	507
123	524	509
123	526	527
123	529	506
123	526	508
123	524	509
125	526	527
125	531	505
125	527	508
125	524	508
125	528	528
125	531	506
125	527	506
125	524	508
125	528	523
125	530	505
127	527	506
127	526	508
127	530	529
127	529	504
127	527	507
127	525	508
127	528	529
127	532	505
127	528	506
127	525	508
129	528	536
129	532	505
129	528	507
129	526	507
129	529	535
129	533	504
129	528	507
129	526	508
129	531	534
129	532	503
131	528	506
131	527	507
131	531	543
131	533	503
131	529	505
131	527	508
131	530	545
131	533	503
131	529	505
131	527	508
133	531	541
133	533	502
133	530	505
133	527	508
133	531	550
133	533	503
133	528	505
133	526	507
133	531	544
133	534	503
135	528	504
135	526	506
135	531	551
135	534	501
135	528	504
135	526	506
135	531	549
135	533	501
135	528	504
135	526	506
137	531	559
137	532	500
137	526	503
137	523	506
137	529	561
137	530	500
137	526	504
137	524	506
137	530	558
137	531	500
139	526	503
139	522	506
139	528	569
139	529	499
139	524	503
139	521	505
139	525	565
139	528	498
139	524	504
139	521	506
140	525	572
140	528	499
140	523	503
140	521	506
140	524	571
140	528	498
140	523	503
140	520	505
140	525	568
140	528	497
142	523	503
142	519	505
142	523	575
142	526	498
142	517	508
142	522	505
142	516	509
142	519	506
142	525	513
142	517	509
144	521	504
144	516	509
144	517	506
144	523	513
144	516	507
144	518	504
144	516	508
144	518	506
144	523	512
144	517	507
146	520	504
146	515	509
146	516	507
146	521	512
146	516	507
146	518	503
146	515	509
146	516	506
146	521	513
146	515	507
148	518	504
148	514	509
148	514	506
148	518	512
148	513	507
148	516	504
148	514	509
148	515	505
148	519	512
148	513	507
150	516	503
150	512	508
150	513	506
150	517	511
150	511	506
150	513	503
150	512	509
150	512	506
150	517	511
150	511	507
152	514	503
152	509	508
152	510	506
152	515	511
152	509	507
152	512	503
152	510	508
152	512	505
152	515	511
152	509	507
154	512	503
154	507	509
154	508	505
154	511	511
154	507	507
154	510	503
154	508	508
154	508	505
154	512	511
154	507	506
156	509	502
156	506	508
156	505	505
156	507	511
156	504	507
156	505	501
156	506	509
156	504	505
156	507	511
156	504	507
157	505	502
157	505	509
157	504	505
157	506	510
157	503	507
157	504	502
157	505	508
157	504	505
157	506	511
157	503	506
159	505	502
159	505	508
159	502	505
159	505	511
159	502	506
159	503	502
159	591	508
159	502	505
159	505	510
159	502	507
161	503	502
161	582	508
161	502	504
161	505	510
161	502	506
161	503	503
161	579	508
161	502	505
161	505	509
161	502	506
163	503	503
163	508	508
163	502	504
163	505	509
163	501	506
163	503	502
163	589	508
163	502	504
163	505	510
163	501	507
165	503	503
165	604	508
165	503	504
165	505	509
165	502	508
165	504	502
165	600	508
165	504	505
165	506	508
165	503	507
167	504	502
167	573	508
167	498	504
167	494	509
167	499	507
167	496	502
167	582	507
167	497	505
167	495	508
167	499	507
169	496	502
169	609	508
169	499	504
169	497	507
169	499	507
169	498	502
169	611	508
169	499	504
169	497	507
169	499	506
171	499	502
171	621	508
171	495	504
171	485	509
171	500	507
171	490	502
171	501	509
171	495	503
171	485	508
171	496	508
173	490	502
173	652	508
173	500	504
173	497	507
173	498	507
173	499	501
173	610	509
173	500	502
173	497	509
173	498	507
174	500	502
174	630	508
174	503	503
174	484	508
174	504	507
174	499	502
174	569	507
174	503	505
174	486	506
174	505	507
176	500	502
176	582	508
176	483	505
176	445	506
176	488	507
176	471	503
176	584	508
176	482	506
176	445	505
176	488	506
178	473	502
178	635	509
178	482	505
178	407	505
178	488	507
178	460	503
178	602	508
178	482	506
178	409	507
178	489	507
180	461	503
180	650	509
180	448	507
180	354	510
180	488	507
180	411	504
180	502	509
180	450	506
180	358	510
180	488	508
182	393	504
182	580	508
182	411	505
182	379	503
182	413	508
182	384	502
182	522	508
182	406	501
182	377	507
182	413	508
184	400	505
184	431	508
184	473	509
184	457	506
184	441	502
184	435	600
184	472	507
184	456	504
184	440	499
184	501	509
186	466	507
186	487	501
186	477	503
186	493	508
186	490	506
186	482	501
186	398	616
186	495	507
186	489	504
186	482	500
188	664	509
188	501	505
188	501	500
188	500	507
188	501	508
188	501	505
188	501	502
188	499	507
188	501	508
188	501	507
190	501	505
190	503	503
190	500	530
190	501	508
190	502	507
190	502	504
190	503	501
190	484	590
190	502	508
190	502	506
191	503	504
191	505	499
191	425	613
191	502	507
191	503	506
191	503	503
191	506	499
191	439	509
191	502	507
191	503	506
193	504	503
193	507	499
193	793	508
193	502	508
193	502	506
193	502	503
193	506	503
193	502	508
193	503	508
193	504	504
195	505	502
195	502	518
195	502	509
195	503	506
195	503	505
195	505	499
195	468	601
195	502	506
195	503	506
195	503	503
197	506	499
197	460	548
197	502	509
197	503	506
197	504	504
197	507	498
197	456	544
197	502	509
197	504	507
197	504	499
199	507	499
199	502	509
199	503	508
199	503	506
199	506	502
199	507	499
199	448	535
199	502	508
199	503	507
199	504	503
201	505	500
201	498	544
201	502	508
201	502	508
201	503	505
201	505	503
201	507	582
201	502	508
201	502	508
201	503	505
203	505	502
203	506	499
203	479	619
203	502	509
203	502	508
203	503	505
203	505	503
203	506	508
203	516	508
203	503	508
205	503	505
205	505	503
205	506	500
205	482	611
205	502	509
205	503	508
205	503	506
205	504	505
205	505	502
205	507	499
207	478	619
207	502	509
207	503	508
207	503	505
207	506	502
207	506	499
207	508	509
207	503	508
207	503	507
207	504	504
208	506	500
208	501	518
208	502	509
208	502	508
208	503	506
208	503	506
208	505	504
208	508	500
208	435	513
208	503	508
210	503	506
210	504	505
210	506	500
210	479	617
210	503	509
210	503	507
210	503	505
210	504	503
210	506	500
210	502	509
212	503	509
212	502	508
212	502	507
212	503	508
212	504	505
212	506	500
212	502	509
212	503	509
212	503	509
212	503	506
214	504	505
214	505	502
214	507	499
214	501	524
214	502	509
214	503	508
214	504	507
214	504	506
214	505	502
214	507	499
216	503	509
216	503	508
216	503	507
216	506	503
216	507	499
216	200	510
216	502	510
216	503	508
216	503	507
216	504	505
218	505	504
218	506	500
218	502	519
218	502	509
218	503	508
218	503	507
218	504	506
218	505	502
218	507	501
218	439	510
220	503	509
220	503	507
220	504	506
220	504	504
220	506	500
220	506	507
220	131	510
220	504	509
220	503	509
220	504	508
222	508	501
222	508	499
222	501	532
222	503	510
222	503	509
222	504	507
222	506	505
222	505	503
222	507	500
222	469	609
224	503	508
224	503	508
224	503	507
224	508	501
224	508	501
224	500	536
224	503	509
224	503	509
224	503	507
224	508	501
255	505	501
255	503	507
255	503	508
255	503	509
255	503	509
255	503	510
255	111	509
255	497	564
255	502	538
255	507	500
255	506	501
255	505	503
255	504	505
255	504	507
255	503	507
255	504	508
255	504	507
255	503	508
255	503	509
255	503	510
255	503	509
255	441	543
255	507	508
255	507	503
255	506	500
255	505	503
255	504	504
255	504	506
255	504	507
255	503	508
255	504	508
255	503	509
255	504	509
255	504	510
255	501	510
255	495	576
255	508	500
255	508	500
255	506	501
255	505	504
255	504	506
255	504	507
255	504	508
255	504	508
255	504	509
255	504	509
255	504	509
255	503	509
255	503	510
255	471	607
255	509	504
255	507	501
255	507	501
255	505	503
255	506	504
255	504	506
255	504	507
255	504	508
255	504	508
255	503	509
255	503	509
255	503	509
255	442	551
255	507	508
255	507	500
255	506	502
255	506	503
255	506	505
255	505	505
255	504	507
255	504	509
255	504	509
255	504	510
255	503	509
255	504	509
255	504	510
255	432	550
255	508	508
255	507	501
255	507	502
255	506	504
255	506	504
255	505	505
255	504	507
255	505	507
255	505	509
255	505	509
255	503	510
255	504	509
255	459	518
255	505	520
255	508	499
255	506	501
255	506	504
255	506	506
255	505	506
255	504	507
255	504	508
255	504	508
255	504	509
255	504	509
255	504	510
255	504	509
255	189	510
255	503	537
255	508	499
255	507	501
255	506	503
255	505	505
255	505	506
255	505	506
255	504	508
255	504	509
255	504	508
255	504	509
255	503	510
255	471	608
255	488	603
255	509	501
255	507	500
255	507	502
255	505	505
255	505	506
255	504	508
255	504	508
255	505	508
255	504	509
255	504	509
255	504	510
255	460	592
255	507	505
255	508	502
255	508	500
255	507	500
255	506	504
255	505	504
255	505	506
255	505	508
255	504	508
255	504	508
255	504	509
255	504	509
255	504	509
255	475	617
255	509	503
255	508	500
255	507	501
255	506	503
255	506	505
255	505	506
255	505	508
255	505	508
255	505	508
255	504	508
255	504	509
255	504	509
255	430	533
255	508	508
255	508	500
255	509	502
255	507	503
255	506	503
255	505	505
255	505	506
255	505	507
255	504	508
255	505	509
255	505	509
255	504	509
255	504	510
255	432	523
255	508	512
255	508	500
255	507	501
255	506	504
255	505	504
255	505	506
255	503	507
255	505	508
255	504	508
255	504	509
255	504	510
255	504	510
255	427	524
255	507	514
255	508	500
255	506	502
255	506	503
255	505	506
255	505	505
255	505	506
255	504	507
255	504	508
255	504	509
255	504	509
255	504	509
255	448	519
255	435	534
255	508	508
255	508	500
255	507	502
255	506	504
255	505	506
255	505	507
255	505	507
255	504	508
255	504	509
255	504	510
255	504	510
255	318	510
255	504	532
255	507	512
255	506	499
255	506	502
255	506	504
255	505	506
255	505	506
255	504	508
255	505	509
255	504	508
255	504	509
255	505	509
255	504	510
255	257	510
255	504	527
255	508	500
255	508	501
255	507	502
255	505	505
255	505	505
255	505	507
255	504	508
255	503	509
255	503	509
255	504	509
255	504	510
255	234	509
255	501	543
255	509	500
255	506	500
255	506	501
255	506	504
255	505	506
255	505	507
255	505	507
255	504	509
255	506	509
255	505	508
255	505	510
255	504	510
255	460	519
255	506	517
255	508	500
255	507	501
255	506	504
255	506	504
255	506	505
255	505	507
255	504	508
255	504	509
255	504	509
255	504	509
255	504	509
255	431	520
255	506	518
255	508	500
255	506	502
255	506	503
255	505	505
255	505	506
255	505	507
255	504	508
255	504	509
255	504	509
255	504	510
255	404	510
255	513	510
255	415	529
255	509	509
255	508	500
255	507	502
255	506	504
255	505	507
255	505	507
255	505	507
255	505	508
255	504	509
255	504	509
255	504	510
255	103	510
255	502	552
255	506	518
255	508	499
255	506	502
255	505	504
255	505	506
255	507	507
255	504	507
255	504	508
255	504	509
255	504	509
255	504	509
255	418	515
255	505	525
255	508	500
255	507	500
255	507	500
255	509	502
255	506	504
255	505	506
255	505	507
255	504	508
255	504	509
255	504	508
255	504	510
255	506	509
255	431	535
255	508	500
255	507	502
255	507	503
255	507	503
255	506	505
255	505	506
255	505	507
255	505	508
255	504	509
255	504	509
255	504	509
255	504	509
255	412	527
255	508	508
255	507	500
255	507	502
255	505	505
255	505	505
255	506	504
255	505	507
255	504	508
255	504	508
255	504	509
255	504	509
255	504	510
255	505	510
255	446	558
255	509	504
255	508	500
255	506	502
255	506	504
255	505	506
255	505	506
255	505	507
255	505	508
255	504	510
255	504	509
255	504	510
255	421	521
255	449	571
255	508	506
255	508	500
255	507	502
255	506	504
255	505	506
255	505	507
255	504	507
255	504	507
255	504	509
255	504	508
255	504	509
255	504	510
255	475	617
255	508	502
255	508	500
255	507	501
255	506	503
255	505	505
255	505	506
255	504	507
255	505	508
255	504	508
255	504	509
255	504	510
255	428	535
255	508	508
255	508	500
255	507	501
255	507	501
255	506	503
255	506	504
255	505	506
255	505	507
255	504	508
255	504	509
255	505	509
255	504	509
255	504	509
255	504	509
255	483	616
255	509	501
255	507	500
255	506	503
255	504	503
255	505	505
255	504	509
255	508	499
255	504	507
255	504	509
255	508	506
255	504	505
255	504	508
255	503	509
224	507	501
224	513	504
224	509	499
224	514	509
224	470	614
224	503	509
224	504	509
224	505	509
224	505	508
224	506	508
222	506	509
222	505	507
222	507	507
222	507	507
222	505	505
222	510	505
222	510	507
222	506	503
222	513	502
222	512	504
220	508	500
220	517	500
220	516	505
220	496	558
220	451	558
220	208	510
220	504	510
220	505	509
220	505	509
220	504	509
218	506	508
218	505	507
218	505	506
218	510	507
218	506	504
218	517	506
218	508	500
218	497	560
218	497	513
218	504	509
216	504	508
216	505	507
216	505	505
216	506	503
216	507	501
216	504	508
216	418	509
216	503	509
216	504	508
216	504	506
214	505	505
214	505	503
214	508	500
214	431	522
214	504	509
214	503	508
214	504	507
214	509	507
214	506	502
214	508	499
212	479	617
212	503	509
212	503	509
212	505	509
212	503	508
212	504	507
212	504	505
212	506	504
212	503	500
212	516	507
210	508	499
210	503	509
210	503	508
210	504	507
210	506	503
210	507	500
210	507	507
210	422	509
210	503	508
210	503	508
208	504	507
208	505	504
208	506	502
208	507	499
208	503	509
208	503	508
208	504	507
208	505	505
208	507	500
208	423	511
207	503	509
207	503	508
207	504	506
207	504	504
207	506	502
207	507	500
207	496	563
207	503	509
207	503	508
207	504	507
205	505	500
205	506	500
205	497	558
205	503	508
205	503	506
205	503	506
205	504	505
205	505	502
205	508	499
205	495	564
203	503	508
203	503	506
203	504	505
203	507	500
203	478	615
203	504	508
203	503	506
203	504	505
203	506	502
203	507	501
201	597	508
201	503	507
201	504	507
201	505	504
201	509	500
201	472	610
201	502	506
201	503	507
201	504	499
201	507	499
199	439	545
199	503	508
199	502	507
199	504	505
199	505	502
199	507	498
199	477	617
199	503	508
199	503	507
199	504	500
197	506	500
197	496	559
197	502	508
197	502	506
197	503	505
197	505	502
197	497	548
197	503	508
197	504	506
197	504	500
195	507	499
195	452	509
195	502	508
195	503	507
195	504	503
195	507	498
195	453	507
195	503	507
195	504	504
195	505	500
193	495	566
193	502	508
193	504	506
193	504	504
193	507	498
193	475	617
193	502	507
193	503	505
193	504	501
193	506	499
191	465	509
191	502	508
191	503	505
191	503	502
191	506	500
191	502	509
191	503	507
191	503	506
191	504	501
191	507	505
190	502	509
190	502	507
190	503	504
190	504	502
190	501	529
190	502	508
190	503	507
190	504	505
190	504	501
190	485	593
188	502	509
188	502	506
188	502	502
188	495	539
188	501	508
188	501	507
188	501	504
188	501	501
188	444	603
188	502	508
186	501	506
186	482	494
186	494	508
186	483	503
186	453	591
186	493	504
186	482	495
186	494	508
186	491	506
186	482	502
184	432	620
184	469	506
184	455	504
184	438	500
184	503	509
184	465	507
184	449	504
184	432	508
184	474	509
184	458	506
182	442	502
182	472	544
182	402	505
182	374	499
182	503	509
182	436	507
182	402	504
182	393	509
182	455	507
182	395	500
180	373	596
180	444	507
180	390	504
180	503	509
180	449	506
180	351	509
180	485	508
180	384	503
180	627	509
180	448	507
178	351	510
178	492	507
178	419	502
178	503	509
178	483	504
178	402	510
178	492	507
178	511	508
178	426	608
178	506	509
176	459	504
176	509	585
176	489	507
176	507	504
176	521	509
176	495	508
176	508	503
176	514	507
176	499	509
176	507	505
174	510	507
174	570	507
174	504	506
174	509	507
174	407	548
174	505	507
174	507	507
174	474	610
174	503	508
174	506	507
173	481	508
173	501	508
173	506	509
173	497	499
173	502	508
173	504	508
173	500	498
173	502	516
173	503	510
173	499	501
171	532	594
171	502	509
171	492	503
171	508	505
171	502	510
171	494	504
171	519	499
171	501	509
171	495	503
171	512	500
169	500	510
169	499	505
169	511	502
169	538	510
169	500	506
169	508	502
169	508	583
169	500	507
169	507	504
169	517	508
167	500	507
167	506	504
167	512	508
167	500	507
167	505	505
167	511	507
167	601	508
167	503	505
167	505	507
167	391	546
165	505	506
165	506	508
165	500	598
165	502	507
165	504	503
165	508	581
165	503	505
165	506	508
165	502	596
165	502	509
163	504	503
163	507	577
163	501	507
163	507	508
163	499	598
163	503	509
163	503	503
163	508	580
163	502	507
163	507	508
161	501	598
161	502	509
161	504	503
161	508	578
161	503	506
161	504	501
161	543	509
161	503	506
161	505	500
161	502	507
159	504	508
159	514	507
159	502	507
159	505	508
159	506	510
159	501	510
159	503	504
159	513	508
159	502	507
159	505	508
157	505	509
157	504	507
157	507	508
157	501	594
157	502	509
157	505	504
157	385	510
157	502	509
157	505	502
157	507	509
156	503	508
156	508	501
156	464	509
156	506	505
156	508	500
156	501	510
156	506	505
156	511	507
156	505	508
156	504	509
154	508	500
154	508	508
154	510	504
154	509	578
154	508	507
154	510	502
154	542	509
154	508	506
154	512	502
154	456	510
152	508	505
152	515	500
152	500	510
152	511	505
152	517	511
152	501	509
152	513	503
152	514	508
152	511	508
152	513	504
150	510	581
150	514	507
150	506	508
150	512	591
150	502	509
150	516	504
150	509	512
150	501	510
150	515	505
150	513	501
148	500	510
148	517	505
148	512	503
148	459	510
148	517	505
148	509	502
148	542	510
148	516	507
148	508	504
148	510	578
146	516	507
146	521	503
146	545	510
146	518	507
146	520	502
146	454	509
146	519	506
146	509	507
146	519	509
146	520	506
144	511	508
144	520	507
144	523	504
144	513	508
144	502	509
144	524	505
144	406	510
144	521	506
144	509	507
144	521	508
142	523	505
142	511	507
142	522	508
142	504	508
142	529	502
142	500	509
142	525	506
142	511	508
142	522	507
142	503	508
140	529	503
140	500	509
140	526	505
140	511	507
140	524	508
140	504	508
140	528	501
140	500	508
140	526	506
140	512	508
139	523	508
139	528	505
139	513	509
139	525	508
139	528	505
139	636	577
139	525	507
139	506	508
139	526	593
139	525	507
137	508	507
137	325	510
137	527	506
137	509	507
137	500	510
137	528	506
137	542	513
137	526	507
137	530	505
137	526	508
135	527	507
135	543	513
135	528	508
135	530	505
135	527	508
135	502	509
135	533	504
135	527	508
135	530	506
135	529	578
133	528	507
133	534	505
133	449	509
133	504	509
133	535	505
133	499	509
133	504	508
133	543	514
133	500	509
133	519	504
131	533	504
131	501	508
131	541	512
131	534	504
131	530	506
131	546	509
131	536	502
131	504	507
131	523	508
131	513	506
129	531	505
129	528	507
129	518	581
129	532	504
129	501	508
129	517	576
129	533	504
129	501	508
129	517	580
129	532	504
127	501	506
127	530	527
127	508	507
127	527	506
127	545	509
127	532	505
127	529	506
127	499	509
127	535	512
127	530	505
125	500	508
125	528	526
125	506	506
125	526	508
125	543	509
125	531	504
125	525	507
125	498	509
125	533	514
125	529	506
123	499	508
123	526	522
123	529	507
123	525	507
123	523	508
123	513	581
123	528	506
123	525	507
123	543	508
123	531	514
122	502	507
122	523	508
122	526	522
122	506	506
122	524	507
122	541	509
122	529	506
122	501	508
122	537	509
122	532	514
120	503	508
120	522	509
120	513	579
120	525	507
120	498	509
120	524	515
120	505	507
120	523	507
120	538	509
120	508	507
118	524	507
118	497	509
118	529	514
118	525	507
118	499	508
118	523	517
118	527	507
118	501	509
118	549	509
118	530	514
116	503	508
116	519	508
116	511	578
116	523	507
116	522	509
116	541	509
116	526	507
116	501	508
116	552	509
116	508	507
114	522	508
114	488	508
114	527	514
114	502	508
114	519	509
114	511	582
114	522	508
114	499	509
114	511	580
114	523	508
112	499	509
112	520	510
112	505	507
112	519	509
112	547	510
112	508	506
112	521	508
112	459	508
112	526	514
112	522	507
110	500	509
110	519	510
110	505	507
110	519	510
110	522	509
110	508	507
110	503	507
110	518	509
110	510	577
110	505	507
108	519	509
108	539	510
108	508	507
108	519	509
108	516	509
108	510	582
108	521	509
108	499	509
108	518	510
108	505	507
106	519	508
106	538	510
106	522	508
106	502	508
106	516	510
106	509	508
106	519	509
106	435	509
106	525	514
106	504	508
105	516	510
105	518	511
105	522	508
105	518	509
105	516	510
105	518	510
105	522	509
105	519	509
105	516	510
105	517	510
103	522	508
103	518	510
103	515	510
103	517	510
103	521	508
103	518	508
103	515	510
103	517	511
103	521	508
103	519	509
101	517	510
101	516	510
101	521	509
101	518	509
101	515	509
101	517	510
101	521	509
101	518	509
101	515	510
101	517	509
99	522	509
99	518	510
99	515	510
99	515	510
99	521	509
99	517	509
99	514	510
99	515	510
99	520	509
99	517	508
97	514	510
97	515	510
97	519	509
97	516	509
97	514	510
97	515	511
97	520	509
97	517	510
97	514	510
97	513	510
95	520	509
95	516	509
95	514	510
95	515	510
95	520	508
95	516	509
95	513	510
95	514	510
95	519	509
95	516	509
93	514	509
93	514	510
93	518	510
93	516	509
93	514	509
93	514	510
93	519	509
93	516	509
93	513	510
93	514	509
91	519	509
91	514	510
91	512	510
91	513	510
91	520	509
91	515	510
91	512	509
91	513	511
91	518	509
91	515	509
89	512	510
89	513	510
89	518	510
89	515	510
89	512	509
89	513	511
89	518	510
89	515	509
89	513	509
89	513	510
88	518	510
88	515	509
88	512	510
88	510	511
88	518	510
88	515	509
88	512	509
88	512	510
88	518	510
88	514	509
86	512	510
86	512	510
86	517	509
86	514	510
86	511	509
86	511	510
86	518	509
86	514	509
86	510	510
86	510	580
84	516	509
84	512	510
84	510	510
84	520	514
84	516	509
84	512	510
84	511	510
84	520	514
84	516	509
84	513	510
82	511	510
82	519	514
82	515	510
82	512	510
82	510	511
82	519	513
82	515	510
82	512	509
82	510	510
82	519	514
80	515	509
80	512	510
80	511	509
80	518	514
80	514	510
80	512	509
80	510	510
80	518	514
80	515	510
80	512	509
78	510	510
78	517	514
78	514	510
78	511	510
78	509	510
78	517	514
78	514	510
78	511	510
78	510	510
78	518	513
76	514	510
76	511	510
76	509	510
76	517	513
76	513	510
76	510	510
76	509	510
76	517	514
76	513	511
76	510	509
74	509	510
74	516	514
74	512	510
74	510	510
74	509	510
74	516	514
74	512	510
74	510	510
74	509	510
74	516	513
72	512	510
72	510	510
72	509	510
72	516	513
72	512	510
72	509	510
72	509	510
72	516	514
72	513	509
72	510	510
71	509	510
71	516	514
71	512	510
71	509	509
71	508	510
71	516	514
71	512	510
71	510	510
71	508	510
71	515	514
69	512	510
69	509	509
69	508	510
69	516	514
69	511	510
69	509	510
69	507	510
69	516	513
69	512	510
69	508	510
67	508	510
67	516	513
67	512	509
67	509	510
67	508	510
67	516	513
67	513	510
67	508	510
67	508	510
67	516	514
65	512	510
65	509	510
65	507	511
65	516	513
65	512	510
65	509	510
65	507	510
65	516	513
65	512	510
65	509	510
63	504	510
63	515	513
63	511	510
63	509	510
63	507	510
63	517	513
63	511	510
63	509	510
63	507	510
63	515	513
61	511	510
61	509	510
61	507	510
61	516	513
61	514	510
61	509	510
61	507	510
61	517	513
61	512	510
61	509	510
59	506	510
59	519	513
59	514	509
59	511	510
59	506	510
59	518	513
59	514	509
59	510	510
59	508	510
59	518	513
57	512	509
57	510	510
57	507	510
57	518	513
57	513	510
57	510	511
57	507	509
57	518	513
57	513	510
57	510	510
55	507	510
55	517	514
55	513	511
55	510	510
55	508	510
55	517	513
55	513	510
55	509	510
55	507	510
55	517	513
54	513	510
54	510	510
54	507	510
54	517	514
54	512	510
54	510	511
54	507	511
54	518	514
54	512	510
54	509	510
52	506	510
52	513	511
52	505	511
52	502	510
52	502	510
52	513	512
52	506	510
52	504	510
52	502	510
52	513	512
50	507	510
50	505	510
50	506	510
50	515	512
50	508	510
50	506	510
50	504	510
50	512	512
50	509	510
50	506	510
48	505	510
48	517	512
48	507	510
48	508	510
48	506	510
48	517	511
48	510	510
48	507	511
48	506	510
48	517	511
46	510	511
46	506	510
46	504	510
46	517	512
46	509	510
46	506	511
46	505	510
46	519	512
46	509	510
46	507	510
44	506	510
44	518	511
44	507	510
44	504	510
44	503	510
44	517	511
44	507	510
44	505	510
44	504	510
44	517	512
42	507	510
42	511	510
42	516	510
42	513	510
42	516	510
42	516	510
42	512	511
42	514	511
42	515	510
42	511	510
40	513	510
40	528	510
40	495	510
40	462	511
40	439	510
40	422	510
40	410	511
40	405	511
40	406	511
40	410	511
39	420	510
39	430	510
39	442	510
39	456	511
39	470	510
39	485	511
39	500	511
39	517	510
39	531	510
39	542	510
0	552	510
0	559	510
0	564	510
0	567	510
0	568	511
0	567	510
0	563	510
0	558	511
0	552	510
0	544	510
0	535	510
0	525	511
0	515	511
0	506	511
0	496	510
0	488	510
0	480	511
0	474	510
0	469	511
0	465	511
0	464	511
0	464	510
0	466	510
0	470	510
0	474	510
0	480	511
0	486	510
0	494	511
0	502	511
0	510	510
0	518	510
0	525	510
0	531	510
0	536	510
0	541	510
0	544	510
0	546	511
0	547	510
0	546	510
0	543	510
0	542	510
0	537	510
0	532	511
0	526	510
0	520	511
0	513	510
0	507	511
0	501	510
0	496	511
0	491	510
0	487	510
0	484	510
0	481	510
0	481	510
0	480	511
0	482	510
0	484	510
0	486	510
0	491	510
0	495	511
0	500	510
0	505	510
0	510	511
0	514	510
0	520	510
0	524	511
0	527	511
0	530	510
0	532	510
0	533	511
0	533	511
0	533	511
0	531	511
0	529	510
0	527	511
0	524	510
0	520	511
0	516	511
0	512	511
0	508	510
0	505	511
0	501	510
0	497	511
0	495	511
0	493	511
0	492	511
0	491	510
0	491	511
0	492	511
0	492	510
0	495	511
0	497	511
0	500	511
0	505	510
0	507	511
0	510	510
0	513	510
0	516	511
0	519	510
0	521	511
0	523	511
0	524	510
0	527	510
0	525	510
0	525	511
0	524	511
0	524	510
0	521	511
0	519	510
0	517	510
0	514	511
0	511	510
0	508	510
0	507	510
0	504	510
0	502	510
0	499	511
0	499	510
0	499	510
0	498	510
0	498	510
0	498	511
0	499	510
0	501	510
0	502	510
0	504	511
0	506	510
0	508	511
0	510	510
0	512	510
0	511	510
0	516	511
0	517	510
0	518	510
0	519	510
0	520	511
0	520	510
0	520	511
0	518	510
0	518	510
0	517	511
0	515	510
0	514	510
0	512	510
0	511	510
0	509	510
0	508	511
0	506	510
0	504	510
0	504	510
0	503	511
0	502	511
0	502	510
0	502	510
0	503	511
0	503	511
0	504	511
0	505	511
0	506	510
0	507	510
0	509	511
0	510	510
0	511	510
0	513	511
0	513	511
0	514	511
0	515	510
0	516	510
0	516	511
0	516	510
0	516	511
0	515	510
0	515	510
0	515	510
0	514	510
0	512	510
0	512	510
0	510	510
0	509	510
0	508	511
0	507	510
0	507	511
0	506	511
0	505	510
0	504	511
0	505	511
0	505	510
0	505	510
0	506	511
0	506	511
0	507	510
0	508	510
0	508	510
0	509	510
0	510	511
0	510	510
0	511	511
0	512	510
0	513	509
0	513	511
0	513	510
0	514	511
0	513	511
0	514	511
0	514	510
0	513	511
0	513	511
0	512	510
0	511	511
0	511	510
0	510	511
0	510	511
0	509	510
0	507	510
0	508	510
0	508	511
0	507	510
0	507	511
0	506	510
0	507	511
0	507	511
0	507	510
0	508	511
0	508	511
0	508	511
0	509	510
0	509	511
0	510	510
0	510	511
0	511	511
0	512	510
0	512	510
0	512	510
0	512	510
0	512	511
0	512	511
0	513	511
0	512	510
0	512	511
0	512	511
0	511	510
0	511	511
0	511	510
0	510	511
0	510	511
0	509	511
0	509	511
0	509	510
0	509	511
0	509	510
0	508	511
0	508	510
0	508	511
0	506	510
0	508	510
0	509	511
0	509	511
0	509	511
0	509	510
0	510	510
0	510	511
0	510	510
0	511	510
0	511	510
0	510	510
0	511	510
0	511	511
0	511	511
0	509	511
0	511	510
0	511	511
0	511	510
0	511	510
0	511	510
0	511	511
0	511	510
0	510	511
0	510	511
0	509	511
0	510	511
0	509	510
0	509	511
0	509	510
0	509	510
0	509	510
0	508	511
0	509	511
0	509	511
0	509	510
0	509	511
0	509	510
0	509	511
0	510	511
0	508	511
0	510	511
0	510	510
0	511	510
0	510	511
0	510	510
0	511	510
0	511	511
0	509	510
0	510	510
0	510	511
0	511	511
0	510	510
0	510	511
0	511	511
0	510	510
0	511	510
0	510	511
0	510	511
0	510	510
0	510	510
0	510	510
0	510	510
0	510	511
0	510	511
0	509	510
0	510	510
0	509	510
0	509	510
0	509	510
0	509	511
0	510	511
0	510	510
0	510	510
0	509	510
0	510	511
0	510	511
0	510	511
0	510	511
0	510	510
0	510	510
0	510	511
0	510	510
0	510	511
0	510	510
0	510	511
0	510	511
0	510	510
0	511	510
0	510	511
0	510	510
0	510	510
0	510	510
0	510	511
0	510	510
0	508	510
0	511	511
0	510	511
0	510	510
0	510	510
0	510	510
0	510	510
0	510	510
0	509	510
0	509	510
0	509	511
0	510	510
0	510	510
0	509	511
0	510	510
0	510	511
0	510	511
0	510	511
0	510	510
0	510	511
0	510	510
0	510	510
0	510	510
0	510	511
0	510	510
0	510	510
0	510	510
0	510	510
0	510	510
0	510	510
0	510	510
0	510	510
0	510	511
0	510	510
0	510	511
0	510	510
0	510	510
0	510	510
0	510	511
0	510	510
0	510	511
0	510	510
0	510	511
0	510	511
0	510	510
0	510	510
0	510	511
0	510	511
0	509	510
0	510	510
0	510	511
0	510	510
0	510	510
0	509	510
0	510	511
0	510	510
0	510	510
0	510	510
0	511	510
0	510	511
0	510	510
0	510	511
0	510	511
0	510	511
0	511	510
0	510	510
0	510	511
0	510	510
0	510	511
0	510	511
0	510	510
0	510	510
0	510	511
0	511	510
0	510	511
0	510	511
0	511	511
0	510	510
0	510	511
0	510	511
0	510	510
0	509	510
0	510	510
0	509	511
0	510	511
0	510	510
0	510	510
0	510	511
0	510	510
0	510	510
0	509	511
0	510	511
0	510	511
0	510	511
0	510	510
0	510	510
0	510	511
0	510	510
0	510	511
0	510	510
0	510	511
0	510	511
0	511	510
0	510	510
0	511	511
0	510	511
0	510	510
0	510	510
0	510	510
0	510	511
0	510	510
0	510	510
0	510	511
0	511	511
0	510	510
0	509	510
0	510	511
0	510	510
0	510	511
0	509	511
0	510	510
0	509	511
0	509	510
0	509	510
0	510	510
0	510	511
0	510	510
0	510	511
0	510	511
0	510	511
0	510	511
0	510	510
0	511	511
0	510	511
0	510	511
0	510	510
0	510	511
0	510	511
0	510	511
0	510	510
0	511	510
0	510	511
0	510	510
0	510	510
0	510	510
0	510	511
0	510	511
0	509	510
0	509	511
0	510	511
0	509	510
0	509	509
0	510	511
0	509	510
0	510	511
0	509	510
0	509	511
0	510	510
0	510	510
0	510	510
0	510	510
0	510	511
0	510	511
0	510	510
0	510	511
0	510	511
0	510	510
0	511	511
0	510	510
0	510	510
0	511	510
0	510	510
0	510	510
0	510	510
0	510	511
0	510	510
0	511	511
0	510	510
0	511	510
0	510	510
0	510	510
0	510	510
0	510	511
0	510	510
0	510	510
0	509	510
0	510	510
0	510	511
0	509	510
0	509	511
0	510	511
0	511	511
0	510	510
0	509	511
0	510	511
0	510	511
0	510	510
0	510	511
0	511	511
0	510	510
0	510	510
0	510	510
0	510	511
0	510	511
0	510	511
0	510	510
0	510	511
0	510	511
0	511	511
0	510	510
0	510	510
0	510	511
0	510	510
0	510	510
0	511	511
0	510	511
0	510	511
0	510	511
0	508	510
0	510	510
0	509	511
0	510	510
0	510	510
0	510	511
0	509	511
0	509	511
0	509	510
0	510	510
0	510	511
0	510	510
0	510	510
0	511	510
0	510	511
0	511	511
0	511	511
0	510	511
0	510	510
0	510	510
0	510	511
0	511	511
0	510	510
0	510	510
0	510	510
0	511	511
0	510	511
0	510	510
0	510	511
0	510	510
0	510	510
0	510	510
0	510	511
0	510	510
0	509	511
0	510	511
0	510	511
0	509	510
0	509	510
0	510	510
0	509	511
0	509	510
0	510	511
0	510	511
0	510	510
0	510	510
0	510	510
0	510	510
0	510	510
0	509	511
0	511	509
0	511	511
0	511	511
0	508	510
0	510	511
0	510	510
0	510	510
0	510	511
0	510	510
0	511	510
0	510	511
0	510	511
0	510	511
0	510	511
0	510	511
0	510	511
0	510	511
0	510	511
0	509	510
0	509	510
0	509	511
0	509	511
0	509	510
0	509	511
0	509	510
0	510	510
0	510	510
0	510	510
0	509	511
0	509	510
0	509	510
0	510	511
0	510	511
0	510	510
0	510	510
0	510	511
0	510	511
0	511	511
0	510	510
0	510	511
0	510	511
0	511	510
0	510	511
0	512	510
0	510	511
0	510	511
0	510	511
0	510	511
0	510	511
0	509	510
0	510	511
0	509	511
0	509	511
0	509	510
0	510	510
0	510	510
0	510	511
0	509	510
0	509	510
0	509	511
0	510	510
0	510	510
0	509	510
0	510	511
0	508	510
0	510	511
0	510	510
0	510	510
0	510	511
0	510	511
0	510	510
0	510	511
0	510	510
0	507	510
0	510	510
0	510	511
0	510	511
0	509	511
0	511	510
0	510	510
0	510	511
0	510	510
0	509	510
0	510	511
0	509	510
0	510	511
0	509	510
0	509	511
0	509	511
0	509	511
0	509	510
0	509	510
0	510	511
0	510	511
0	509	511
0	510	510
0	510	511
0	509	510
0	510	510
0	510	511
0	510	510
0	510	510
0	511	510
0	510	511
0	510	510
0	511	511
0	509	511
0	513	511
0	510	510
0	510	511
0	510	511
0	510	511
0	510	510
0	510	511
0	510	510
0	510	511
0	510	511
0	510	511
0	510	510
0	510	510
0	510	510
0	509	511
0	510	511
0	510	510
0	509	511
0	509	510
0	509	511
0	510	510
0	511	510
0	510	511
0	509	511
0	510	511
0	510	510
0	510	510
0	510	511
0	510	510
0	510	510
0	511	510
0	512	511
0	510	511
0	510	510
0	510	510
0	510	510
0	510	511
0	510	511
0	510	510
0	510	511
0	510	511
0	510	511
0	510	511
0	510	510
0	510	510
0	509	510
0	509	511
0	509	510
0	509	510
0	509	510
0	510	511
0	509	510
0	509	511
0	509	511
0	509	510
0	510	511
0	509	510
0	509	511
0	509	511
0	510	510
0	510	511
0	511	511
0	510	510
0	510	511
0	510	511
0	510	510
0	510	511
0	510	510
0	511	511
0	510	510
0	510	510
0	510	511
0	510	510
0	510	511
0	509	510
0	509	510
0	510	510
0	510	511
0	509	511
0	509	510
0	509	510
0	509	511
0	509	510
0	510	511
0	510	510
0	512	511
0	509	510
0	510	511
0	509	510
0	509	510
0	509	510
0	510	510
0	510	510
0	510	510
0	510	511
0	510	510
0	510	510
0	510	510
0	510	511
0	510	510
0	510	511
0	511	510
0	511	511
0	510	510
0	510	510
0	510	511
0	510	511
0	510	511
0	510	511
0	511	510
0	510	510
0	510	510
0	510	510
0	510	510
0	510	511
0	510	511
0	509	510
0	509	510
0	509	511
0	509	510
0	509	511
0	509	510
0	509	510
0	509	511
0	509	511
0	510	510
0	510	511
0	510	510
0	510	510
0	510	510
0	509	511
0	510	510
0	510	511
0	510	511
0	510	510
0	510	510
0	510	510
0	510	511
0	511	511
0	510	510
0	510	511
0	511	511
0	508	510
0	510	510
0	510	510
0	510	511
0	510	511
0	510	511
0	509	510
0	509	510
0	509	511
0	509	510
0	509	510
0	509	510
0	509	510
0	509	511
0	509	511
0	509	510
0	510	511
0	506	510
0	509	511
0	510	511
0	510	511
0	510	511
0	510	510
0	510	510
0	510	511
0	510	510
0	510	511
0	510	510
0	510	511
0	511	510
0	510	510
0	511	510
0	510	510
0	511	510
0	510	510
0	511	511
0	510	510
0	510	510
0	510	509
0	510	511
0	508	511
0	510	511
0	510	510
0	510	510
0	510	511
0	509	510
0	510	510
0	510	510
0	509	511
0	509	511
0	509	511
0	509	510
0	509	510
0	510	511
0	510	511
0	510	510
0	510	511
0	510	510
0	510	511
0	510	510
0	510	510
0	511	510
0	510	510
0	511	511
0	510	511
0	511	511
0	510	510
0	510	510
0	510	511
0	511	511
0	508	510
0	510	511
0	510	510
0	510	511
0	510	510
0	510	510
0	509	510
0	510	510
0	509	511
0	509	510
0	510	510
0	509	510
0	510	511
0	509	510
0	509	511
0	509	511
0	510	511
0	510	511
0	510	510
0	510	511
0	510	511
0	511	510
0	510	510
0	510	511
0	511	511
0	510	510
0	511	510
0	510	511
0	511	510
0	510	510
0	511	511
0	510	510
0	510	510
0	510	510
0	510	510
0	510	510
0	510	511
0	510	511
0	510	511
0	509	511
0	509	511
0	510	510
0	509	510
0	509	510
0	509	511
0	509	510
0	510	510
0	509	510
0	509	511
0	510	510
0	510	511
0	512	511
0	510	511
0	510	510
0	510	510
0	510	511
0	510	510
0	510	510
0	510	511
0	510	510
0	510	510
0	511	510
0	510	510
0	510	510
0	511	511
0	510	510
0	510	510
0	508	511
0	510	510
0	510	510
0	510	510
0	511	510
0	510	511
0	509	510
0	510	510
0	510	511
0	510	510
0	510	510
0	510	510
0	510	511
0	509	511
0	510	511
0	510	510
0	510	510
0	510	510
0	510	511
0	510	511
0	510	510
0	511	510
0	510	511
0	511	510
0	510	511
0	511	511
0	511	511
0	511	511
0	510	511
0	511	510
0	511	511
0	510	510
0	510	510
0	510	509
0	509	511
0	510	511
0	510	510
0	510	510
0	510	511
0	510	511
0	510	511
0	510	511
0	510	510
0	510	510
0	510	511
0	509	510
0	509	510
0	510	510
0	510	510
0	509	510
0	509	511
0	510	510
0	509	510
0	510	510
0	510	511
0	510	510
0	510	510
0	510	511
0	510	511
0	510	511
0	510	510
0	511	511
0	511	511
0	511	511
0	511	511
0	510	511
0	511	510
0	510	510
0	507	510
0	514	511
0	510	511
0	510	511
0	509	511
0	510	510
0	509	511
0	510	511
0	508	510
0	509	511
0	509	510
0	510	511
0	510	510
0	509	511
0	509	511
0	509	511
0	509	510
0	509	511
0	510	510
0	510	510
0	510	510
0	510	510
0	510	511
0	510	510
0	510	511
0	510	511
0	511	510
0	510	511
0	511	511
0	510	511
0	510	510
0	510	510
0	510	511
0	511	510
0	510	511
0	510	510
0	510	511
0	510	510
0	510	511
0	510	511
0	510	510
0	510	510
0	510	510
0	510	510
0	509	510
0	509	510
0	510	510
0	509	511
0	509	511
0	509	510
0	510	511
0	510	510
0	510	511
0	510	510
0	510	510
0	510	511
0	510	510
0	510	510
0	510	510
0	510	510
0	510	511
0	510	510
0	510	511
0	511	510
0	511	511
0	511	510
0	511	511
0	510	510
0	511	511
0	510	511
0	510	510
0	510	511
0	510	511
0	510	511
0	510	510
0	510	511
0	510	510
0	510	510
0	510	511
0	510	511
0	509	510
0	510	510
0	510	511
0	509	510
0	509	510
0	509	511
0	509	510
0	510	511
0	510	510
0	510	510
0	511	510
0	510	511
0	510	511
0	511	511
0	511	510
0	510	510
0	511	510
0	510	510
0	510	510
0	511	511
0	510	511
0	510	510
0	510	510
0	511	512
0	510	510
0	510	511
0	510	510
0	509	511
0	510	511
0	510	510
0	510	511
0	509	511
0	509	510
0	510	510
0	510	511
0	509	510
0	510	511
0	510	510
0	509	510
0	509	511
0	509	510
0	509	510
0	510	511
0	510	511
0	510	510
0	509	510
0	510	510
0	510	511
0	510	511
0	510	510
0	510	511
0	511	511
0	510	510
0	510	510
0	511	511
0	510	510
0	510	511
0	510	510
0	510	510
0	510	510
0	510	511
0	510	510
0	510	510
0	510	511
0	510	511
0	510	511
0	510	510
0	510	510
0	510	510
0	510	511
0	509	510
0	509	511
0	509	510
0	509	510
0	509	510
0	510	511
0	509	510
0	510	510
0	510	511
0	510	510
0	510	510
0	510	510
0	510	510
0	510	511
0	510	511
0	510	510
0	511	510
0	510	511
0	511	510
0	511	511
0	510	511
0	510	510
0	510	510
0	510	510
0	510	510
0	510	510
0	510	511
0	509	510
0	509	511
0	509	511
0	509	511
0	509	511
0	509	510
0	509	510
0	510	511
0	509	510
0	509	510
0	509	511
0	510	511
0	509	511
0	509	510
0	510	511
0	510	510
0	510	511
0	510	511
0	510	510
0	510	510
0	510	510
0	510	510
0	510	510
0	510	511
0	510	510
0	511	510
0	510	510
0	510	510
0	510	510
0	510	511
0	510	510
0	510	510
0	510	511
0	509	510
0	510	511
0	509	511
0	509	510
0	509	511
0	509	511
0	509	510
0	509	511
0	509	510
0	510	511
0	510	510
0	509	510
0	509	511
0	510	511
0	510	510
0	510	510
0	510	511
0	510	511
0	510	510
0	510	510
0	510	510
0	510	511
0	510	511
0	510	511
0	510	511
0	510	510
0	511	510
0	512	511
0	510	509
0	510	510
0	510	511
0	510	511
0	510	510
0	510	511
0	510	510
0	510	510
0	510	510
0	510	511
0	510	510
0	510	510
0	509	510
0	510	511
0	509	510
0	509	511
0	509	511
0	509	510
0	509	511
0	510	510
0	510	511
0	510	511
0	510	510
0	510	511
0	510	510
0	510	511
0	510	510
0	510	510
0	510	510
0	510	510
0	510	511
0	510	510
0	510	510
0	511	510
0	511	510
0	511	510
0	510	510
0	510	510
0	510	511
0	510	511
0	510	510
0	510	510
0	510	510
0	511	511
0	509	511
0	509	511
0	510	511
0	510	510
0	509	510
0	509	510
0	509	510
0	509	510
0	509	511
0	509	511
0	509	511
0	510	510
0	510	510
0	510	510
0	510	511
0	510	511
0	510	511
0	510	511
0	510	510
0	511	510
0	510	510
0	510	511
0	510	510
0	510	510
0	510	510
0	510	510
0	510	511
0	510	510
0	511	511
0	510	510
0	510	511
0	510	511
0	510	510
0	510	511
0	510	511
0	510	510
0	509	510
0	509	511
0	509	510
0	509	510
0	509	511
0	509	511
0	509	510
0	509	510
0	509	510
0	510	510
0	510	511
0	509	510
0	510	511
0	510	511
0	510	511
0	510	511
0	510	510
0	510	510
0	510	510
0	510	510
0	511	510
0	511	510
0	510	510
0	511	511
0	511	510
0	511	511
0	510	510
0	510	511
0	510	511
0	510	511
0	510	510
0	509	510
0	509	510
0	509	511
0	511	511
0	509	510
0	509	510
0	509	510
0	509	510
0	510	510
0	509	510
0	509	510
0	510	511
0	509	510
0	509	511
0	510	511
0	510	510
0	510	511
0	511	511
0	511	510
0	510	511
0	510	510
0	510	510
0	510	510
0	510	511
0	510	511
0	510	510
0	511	511
0	510	510
0	511	511
0	510	510
0	510	511
0	510	511
0	510	510
0	510	511
0	511	510
0	510	511
0	510	511
0	509	511
0	510	510
0	510	511
0	509	510
0	509	510
0	510	511
0	509	510
0	509	510
0	510	511
0	509	510
0	510	510
0	510	512
0	511	511
0	511	510
0	510	511
0	511	510
0	510	511
0	510	510
0	510	511
0	510	511
0	510	511
0	511	510
0	510	510
0	511	511
0	510	510
0	510	510
0	510	510
0	510	510
0	510	510
0	510	510
0	510	510
