V2_mean	Isense_mean	dt
509	510	500
PWM	V2_read	Isense_read
0	510	511
0	509	511
39	510	511
39	512	510
40	512	511
40	513	510
42	514	510
42	517	510
44	520	511
44	535	510
46	549	511
46	585	511
48	611	511
48	645	511
50	674	511
50	701	511
52	736	511
52	766	511
54	807	511
54	834	511
55	860	511
55	871	511
57	868	510
57	853	511
59	843	511
59	815	512
61	787	511
61	869	511
63	949	511
63	960	512
65	935	512
65	917	513
67	885	511
67	867	511
69	845	511
69	824	513
71	803	513
71	784	513
72	765	512
72	745	513
74	725	513
74	714	513
76	723	513
76	742	514
78	751	513
78	739	514
80	720	514
80	702	514
82	684	514
82	668	514
84	651	515
84	638	515
86	622	515
86	611	515
88	595	515
88	587	516
89	606	516
89	640	516
91	669	517
91	682	517
93	670	517
93	653	517
95	635	517
95	622	518
97	604	518
97	462	529
99	441	530
99	427	530
101	550	520
101	539	521
103	539	521
103	581	523
105	619	523
105	647	523
106	658	523
106	642	523
108	623	524
108	608	525
110	592	525
110	582	526
112	563	526
112	411	529
114	385	527
114	365	529
116	499	528
116	526	531
118	574	532
118	605	536
120	629	531
120	632	534
122	619	536
122	602	535
123	587	536
123	574	536
125	556	535
125	541	537
127	522	536
127	355	529
129	329	528
129	317	528
131	362	530
131	438	527
133	495	529
133	625	549
135	634	544
135	609	547
137	595	551
137	573	545
139	560	550
139	542	548
140	530	549
140	520	547
142	512	546
142	311	525
144	487	551
144	500	555
146	564	555
146	606	557
148	624	553
148	638	556
150	623	553
150	612	557
152	597	554
152	582	556
154	567	555
154	553	555
156	538	555
156	526	554
157	508	555
157	306	528
159	372	527
159	445	527
161	496	527
161	527	526
163	519	527
163	496	524
165	469	527
165	445	524
167	420	526
167	396	525
169	369	525
169	345	526
171	686	556
171	682	557
173	776	557
173	389	526
174	453	527
174	501	525
176	519	527
176	519	525
178	492	527
178	469	554
180	733	553
180	682	554
182	698	554
182	666	554
184	706	553
184	680	553
186	300	526
186	337	529
188	408	527
188	615	555
190	662	554
190	678	552
191	657	551
191	625	552
193	595	551
193	568	551
195	539	551
195	512	551
197	486	552
197	459	551
199	435	552
199	419	554
201	345	529
201	450	531
203	511	534
203	560	533
205	575	532
205	566	533
207	540	532
207	522	535
208	496	534
208	471	534
210	442	533
210	419	533
212	390	533
212	426	547
214	420	550
214	480	549
216	507	538
216	603	540
218	637	540
218	666	539
220	653	543
220	622	542
222	591	542
222	561	543
224	531	543
224	503	543
255	473	543
255	452	541
255	430	542
255	416	543
255	454	543
255	515	545
255	577	544
255	628	544
255	661	543
255	668	542
255	647	542
255	617	542
255	590	543
255	563	541
255	537	542
255	511	542
255	486	543
255	462	543
255	439	542
255	415	543
255	400	543
255	430	544
255	494	545
255	558	546
255	613	544
255	649	544
255	661	542
255	642	543
255	612	543
255	584	543
255	557	543
255	531	543
255	505	543
255	480	542
255	455	543
255	432	543
255	408	543
255	390	543
255	419	544
255	476	546
255	544	544
255	599	545
255	637	545
255	653	543
255	640	543
255	611	543
255	583	543
255	555	543
255	529	543
255	503	543
255	478	543
255	453	543
255	430	543
255	406	543
255	386	543
255	405	545
255	463	546
255	529	546
255	589	545
255	629	545
255	651	544
255	639	543
255	611	544
255	583	543
255	556	544
255	529	543
255	503	544
255	478	543
255	452	544
255	428	543
255	407	542
255	383	543
255	390	545
255	443	546
255	512	545
255	569	546
255	618	545
255	643	544
255	640	544
255	614	543
255	585	543
255	557	543
255	531	543
255	504	544
255	479	543
255	453	543
255	430	544
255	406	543
255	383	543
255	382	545
255	432	546
255	498	546
255	563	546
255	611	545
255	641	544
255	643	543
255	617	543
255	587	543
255	560	543
255	533	543
255	507	544
255	481	543
255	456	543
255	432	543
255	408	542
255	386	543
255	379	544
255	423	546
255	487	546
255	550	545
255	603	545
255	636	545
255	643	544
255	621	543
255	592	543
255	564	544
255	537	543
255	511	543
255	485	544
255	459	543
255	435	543
255	411	544
255	389	543
255	375	545
255	410	546
255	477	545
255	541	545
255	598	545
255	634	544
255	645	544
255	626	544
255	596	543
255	568	544
255	540	544
255	514	544
255	488	543
255	463	543
255	439	543
255	415	543
255	392	543
255	376	543
255	409	546
255	468	546
255	536	545
255	589	546
255	627	544
255	642	544
255	627	543
255	599	543
255	571	544
255	544	544
255	517	543
255	491	543
255	466	544
255	441	544
255	417	543
255	394	543
255	375	544
255	398	545
255	458	546
255	525	545
255	585	545
255	624	545
255	646	545
255	633	544
255	605	544
255	577	543
255	551	544
255	523	544
255	496	543
255	471	544
255	446	543
255	421	543
255	398	543
255	376	543
255	384	546
255	441	545
255	510	546
255	565	546
255	615	544
255	637	543
255	635	544
255	608	544
255	579	544
255	551	543
255	524	543
255	498	543
255	473	543
255	449	544
255	423	543
255	398	543
255	378	543
255	383	545
255	436	546
255	503	546
255	564	545
255	611	545
255	640	545
255	639	544
255	614	543
255	585	543
255	556	544
255	530	544
255	504	544
255	478	543
255	453	544
255	428	543
255	405	543
255	382	543
255	375	544
255	421	546
255	487	546
255	550	546
255	602	545
255	634	544
255	640	543
255	617	543
255	588	544
255	560	543
255	533	543
255	507	543
255	481	543
255	455	543
255	432	544
255	408	543
255	386	543
255	373	544
255	409	545
255	477	545
255	541	546
255	598	544
255	633	545
255	643	544
255	624	544
255	594	543
255	566	544
255	538	544
255	511	543
255	486	543
255	460	543
255	436	544
255	412	544
255	389	544
255	371	544
255	402	545
255	463	545
255	533	546
255	589	546
255	627	545
255	644	544
255	628	544
255	598	544
255	570	543
255	543	543
255	517	544
255	491	543
255	466	543
255	441	543
255	418	543
255	394	543
255	374	543
255	393	545
255	454	546
255	523	545
255	583	546
255	623	545
255	645	544
255	631	544
255	603	544
255	575	544
255	547	544
255	520	544
255	494	543
255	468	543
255	444	543
255	420	543
255	397	543
255	375	543
255	388	546
255	446	546
255	514	546
255	571	546
255	618	545
255	640	545
255	636	543
255	608	544
255	580	543
255	552	544
255	525	544
255	499	544
255	474	543
255	449	543
255	425	543
255	401	543
255	379	544
255	381	545
255	434	546
255	501	545
255	565	546
255	612	545
255	641	545
255	639	544
255	613	543
255	584	543
255	556	543
255	529	543
255	503	544
255	477	543
255	452	543
255	427	544
255	405	543
255	382	543
255	378	545
255	424	546
255	491	545
255	552	546
255	605	545
255	636	544
255	641	543
255	617	544
255	588	543
255	559	543
255	533	544
255	506	543
255	480	543
255	455	543
255	428	543
255	407	543
255	385	543
255	374	545
255	415	546
255	481	545
255	545	546
255	603	546
255	635	545
255	644	544
255	624	544
255	593	543
255	565	544
255	539	543
255	512	543
255	486	543
255	461	544
255	437	544
255	412	543
255	390	543
255	372	545
255	406	546
255	467	546
255	536	546
255	592	546
255	627	545
255	643	543
255	626	543
255	597	543
255	569	544
255	541	543
255	515	544
255	488	544
255	463	543
255	438	543
255	415	543
255	393	543
255	372	544
255	395	546
255	458	546
255	526	545
255	584	545
255	625	545
255	644	544
255	630	543
255	602	543
255	573	544
255	545	543
255	519	544
255	492	543
255	467	544
255	443	543
255	418	543
255	396	543
255	373	544
255	389	545
255	446	545
255	514	545
255	573	545
255	618	545
255	640	544
255	634	544
255	606	544
255	577	543
255	550	544
255	523	543
255	497	544
255	472	543
255	447	543
255	423	543
255	399	543
255	377	543
255	382	544
255	435	545
255	502	546
255	566	546
224	614	545
224	642	544
222	625	543
222	593	543
220	561	544
220	520	542
218	496	545
218	434	539
216	430	548
216	350	535
214	369	549
214	286	535
212	408	552
212	427	539
210	563	549
210	526	538
208	626	548
208	525	536
207	571	549
207	537	549
205	508	550
205	399	533
203	445	551
203	412	553
201	288	529
201	355	556
199	232	527
199	417	559
197	501	555
197	567	555
195	489	531
195	618	553
193	591	553
193	554	554
191	523	554
191	496	555
190	469	556
190	457	556
188	458	555
188	533	557
186	578	557
186	639	560
184	553	560
184	561	559
182	606	560
182	676	558
180	678	557
180	694	557
178	665	557
178	690	558
176	710	558
176	800	556
174	826	556
174	786	558
173	716	558
173	622	560
171	669	563
171	803	561
169	922	559
169	992	557
167	1010	556
167	952	557
165	930	557
165	859	558
163	835	558
163	722	559
161	656	562
161	539	564
159	483	560
159	459	561
157	440	562
157	443	563
156	498	567
156	623	563
154	678	563
154	641	564
152	634	559
152	576	562
150	558	561
150	536	559
148	514	561
148	473	557
146	448	558
146	424	556
144	417	552
144	428	555
142	419	555
142	427	561
140	483	559
140	501	557
139	516	560
139	520	554
137	510	557
137	502	554
135	491	552
135	481	554
133	465	548
133	437	545
131	414	546
131	402	541
129	402	542
129	399	541
127	421	547
127	486	551
125	522	546
125	527	544
123	528	542
123	504	542
122	488	541
122	466	540
120	447	540
120	427	534
118	411	535
118	395	531
116	388	531
116	379	530
114	388	532
114	408	533
112	482	535
112	510	534
110	529	532
110	514	530
108	495	530
108	468	529
106	446	528
106	417	527
105	397	526
105	389	524
103	382	525
103	368	522
101	360	524
101	373	524
99	408	526
99	449	524
97	489	524
97	495	522
95	487	522
95	458	521
93	436	520
93	411	520
91	399	520
91	387	520
89	378	519
89	364	519
88	353	518
88	340	518
86	363	519
86	393	519
84	424	519
84	445	518
82	461	517
82	443	516
80	427	517
80	408	516
78	396	516
78	377	515
76	361	515
76	342	515
74	330	516
74	313	515
72	305	514
72	317	515
71	353	515
71	470	554
69	416	515
69	423	515
67	414	513
67	389	513
65	375	514
65	357	513
63	10	513
63	0	513
61	0	514
61	0	513
59	0	514
59	0	513
57	191	535
57	0	513
55	0	513
55	44	529
54	0	512
54	0	512
52	8	512
52	8	512
50	18	511
50	14	511
48	18	511
48	63	512
46	26	512
46	0	512
44	0	511
44	0	511
42	68	532
42	42	529
40	0	511
40	37	527
39	44	526
39	54	515
0	49	516
0	0	510
0	0	511
0	0	510
0	0	510
0	0	510
0	21	511
0	80	510
0	152	510
0	235	510
0	325	510
0	419	510
0	514	510
0	605	510
0	692	510
0	769	510
0	836	510
0	891	510
0	930	510
0	956	510
0	965	510
0	959	510
0	938	510
0	901	510
0	856	510
0	797	510
0	732	509
0	659	510
0	584	510
0	510	511
0	436	510
0	366	510
0	304	510
0	250	510
0	209	511
0	174	510
0	154	510
0	147	510
0	153	511
0	170	510
0	198	510
0	236	510
0	282	509
0	334	510
0	391	509
0	451	510
0	512	510
0	571	510
0	626	511
0	676	510
0	720	510
0	754	510
0	778	510
0	794	510
0	800	510
0	796	510
0	781	510
0	759	509
0	728	510
0	690	510
0	648	511
0	601	510
0	554	511
0	505	510
0	458	510
0	415	510
0	376	510
0	342	510
0	314	511
0	294	510
0	283	510
0	279	510
0	282	510
0	294	510
0	313	510
0	338	510
0	369	510
0	402	510
0	440	510
0	478	510
0	517	511
0	554	511
0	590	510
0	621	510
0	647	510
0	669	510
0	685	510
0	693	510
0	696	510
0	692	510
0	681	510
0	666	510
0	645	510
0	621	510
0	593	510
0	563	510
0	532	510
0	501	510
0	471	510
0	444	510
0	419	510
0	398	511
0	381	510
0	370	510
0	364	511
0	362	509
0	366	510
0	374	511
0	387	510
0	404	511
0	424	510
0	446	510
0	471	510
0	499	510
0	521	511
0	544	510
0	566	510
0	585	510
0	602	510
0	614	510
0	623	510
0	627	510
0	629	510
0	624	510
0	618	510
0	606	510
0	593	510
0	576	511
0	558	510
0	538	510
0	519	511
0	499	510
0	481	510
0	463	510
0	448	510
0	435	510
0	426	510
0	419	510
0	416	510
0	416	510
0	419	510
0	426	510
0	435	510
0	445	510
0	459	510
0	474	510
0	490	510
0	506	510
0	521	510
0	536	511
0	550	509
0	562	510
0	571	509
0	579	510
0	583	510
0	586	510
0	585	510
0	582	511
0	576	510
0	569	510
0	558	511
0	548	510
0	536	510
0	526	510
0	511	510
0	498	511
0	487	510
0	476	511
0	471	510
0	459	510
0	455	510
0	450	510
0	449	510
0	450	510
0	453	510
0	459	510
0	464	511
0	469	510
0	481	510
0	491	510
0	501	510
0	511	511
0	521	510
0	530	510
0	538	510
0	546	510
0	551	511
0	555	510
0	557	509
0	558	510
0	557	510
0	555	510
0	550	510
0	545	510
0	538	511
0	531	510
0	523	510
0	515	510
0	507	510
0	499	510
0	492	510
0	486	510
0	478	509
0	477	510
0	473	510
0	472	510
0	471	510
0	473	510
0	475	510
0	479	510
0	484	510
0	488	509
0	494	510
0	500	511
0	507	510
0	513	510
0	519	510
0	523	510
0	530	510
0	534	510
0	538	510
0	540	510
0	541	510
0	540	510
0	539	510
0	537	510
0	534	510
0	531	510
0	526	510
0	521	510
0	514	510
0	510	510
0	506	510
0	500	510
0	497	511
0	493	510
0	490	510
0	487	510
0	486	510
0	485	510
0	485	510
0	487	510
0	489	511
0	491	510
0	495	509
0	498	510
0	502	510
0	506	510
0	511	510
0	514	510
0	518	510
0	520	510
0	522	510
0	526	510
0	528	511
0	530	510
0	529	510
0	529	511
0	528	510
0	527	510
0	524	510
0	521	510
0	518	510
0	514	510
0	512	510
0	508	510
0	505	510
0	502	511
0	500	511
0	498	510
0	496	510
0	495	510
0	495	510
0	494	510
0	495	510
0	496	511
0	497	510
0	499	510
0	502	510
0	504	510
0	508	510
0	510	510
0	512	510
0	514	510
0	516	510
0	519	510
0	520	510
0	521	510
0	522	510
0	523	510
0	522	510
0	522	511
0	521	509
0	520	510
0	518	510
0	516	511
0	514	510
0	512	511
0	510	510
0	508	510
0	506	510
0	504	511
0	503	510
0	501	510
0	500	510
0	500	510
0	500	510
0	500	510
0	501	510
0	502	510
0	503	510
0	504	510
0	506	510
0	507	510
0	508	510
0	511	510
0	512	510
0	514	510
0	515	510
0	516	510
0	520	511
0	518	510
0	518	510
0	518	510
0	518	509
0	517	510
0	516	510
0	516	510
0	514	510
0	511	510
0	512	510
0	510	511
0	509	510
0	508	510
0	506	510
0	505	510
0	505	510
0	507	510
0	504	510
0	504	511
0	504	510
0	504	511
0	504	510
0	505	509
0	506	511
0	507	510
0	508	511
0	509	509
0	511	510
0	511	510
0	512	510
0	512	510
0	514	510
0	515	510
0	515	510
0	514	511
0	515	510
0	515	510
0	515	511
0	514	510
0	511	511
0	513	510
0	512	510
0	511	509
0	510	510
0	509	510
0	509	510
0	508	511
0	507	509
0	506	511
0	506	509
0	506	510
0	506	510
0	506	510
0	506	510
0	506	510
0	507	510
0	508	510
0	507	510
0	511	510
0	509	510
0	510	511
0	511	510
0	511	509
0	512	510
0	512	511
0	513	510
0	513	510
0	513	510
0	514	510
0	514	510
0	513	510
0	512	510
0	512	510
0	511	510
0	512	510
0	511	510
0	510	511
0	509	510
0	509	510
0	509	510
0	508	510
0	508	510
0	508	511
0	507	510
0	507	510
0	507	510
0	508	511
0	508	510
0	508	510
0	508	510
0	508	510
0	509	510
0	510	510
0	510	510
0	510	510
0	510	511
0	511	510
0	512	510
0	512	510
0	512	510
0	512	511
0	512	510
0	511	510
0	512	510
0	512	510
0	511	510
0	511	510
0	511	510
0	511	510
0	510	510
0	510	509
0	509	510
0	509	509
0	509	510
0	508	510
0	508	510
0	508	510
0	508	509
0	508	510
0	508	510
0	508	510
0	508	510
0	509	510
0	509	509
0	509	511
0	510	511
0	510	510
0	510	510
0	510	510
0	511	511
0	511	510
0	511	510
0	511	510
0	512	510
0	511	510
0	511	510
0	512	510
0	511	510
0	511	510
0	511	510
0	511	510
0	510	510
0	509	510
0	510	511
0	510	511
0	510	510
0	509	510
0	509	510
0	509	510
0	509	510
0	509	510
0	509	510
0	509	510
0	508	510
0	509	510
0	509	510
0	509	510
0	509	511
0	510	510
0	510	510
0	510	510
0	510	510
0	510	510
0	511	510
0	511	510
0	511	511
0	511	511
0	511	511
0	511	510
0	511	510
0	511	510
0	511	510
0	511	510
0	511	510
0	510	510
0	511	510
0	510	510
0	510	510
0	510	511
0	510	511
0	510	510
0	509	510
0	509	510
0	509	510
0	509	511
0	509	510
0	509	511
0	509	509
0	509	510
0	510	510
0	510	510
0	509	510
0	510	510
0	509	510
0	510	511
0	511	509
0	510	510
0	511	510
0	509	511
0	511	510
0	511	510
0	511	510
0	510	510
0	513	510
0	511	509
0	510	511
0	511	510
0	510	510
0	510	510
0	510	511
0	510	510
0	510	511
0	510	510
0	510	510
0	509	510
0	510	510
0	509	510
0	510	510
0	509	510
0	509	510
0	506	510
0	510	510
0	510	511
0	510	510
0	510	510
0	510	510
0	510	510
0	510	510
0	509	510
0	510	511
0	510	510
0	510	511
0	510	510
0	511	510
0	511	510
0	511	510
0	510	510
0	511	510
0	510	510
0	510	510
0	510	510
0	510	510
0	510	510
0	510	510
0	510	510
0	510	510
0	510	510
0	509	510
0	509	510
0	510	510
0	509	510
0	509	511
0	509	510
0	509	511
0	509	510
0	510	510
0	509	511
0	510	510
0	510	510
0	510	510
0	510	510
0	510	510
0	510	510
0	510	510
0	510	510
0	510	510
0	510	510
0	510	510
0	510	510
0	510	511
0	510	510
0	510	510
0	510	510
0	510	510
0	510	510
0	510	509
0	510	511
0	510	509
0	510	511
0	509	510
0	510	511
0	510	510
0	510	510
0	510	510
0	509	510
0	510	510
0	510	510
0	510	510
0	510	510
0	510	511
0	509	511
0	509	510
0	510	511
0	510	510
0	511	510
0	510	510
0	509	510
0	510	510
0	510	510
0	510	510
0	510	510
0	510	511
0	510	510
0	510	510
0	510	510
0	510	510
0	510	510
0	510	510
0	510	510
0	510	510
0	510	511
0	510	510
0	510	510
0	510	510
0	509	510
0	510	510
0	510	510
0	510	510
0	510	510
0	510	510
0	511	510
0	510	510
0	510	510
0	510	510
0	510	510
0	510	510
0	510	510
0	510	510
0	509	511
0	510	510
0	510	510
0	510	511
0	510	510
0	510	510
0	510	510
0	507	510
0	510	510
0	510	510
0	510	510
0	510	510
0	510	510
0	510	509
0	510	510
0	510	510
0	510	510
0	510	509
0	510	510
0	509	510
0	510	510
0	509	510
0	510	510
0	510	510
0	510	510
0	510	510
0	509	511
0	510	511
0	510	511
0	509	510
0	510	510
0	510	510
0	510	510
0	510	510
0	510	510
0	510	510
0	510	510
0	510	510
0	510	510
0	510	511
0	510	510
0	510	511
0	510	511
0	510	510
0	510	510
0	510	510
0	514	511
0	510	510
0	510	510
0	510	510
0	510	510
0	509	510
0	510	509
0	510	510
0	510	510
0	510	510
0	509	510
0	510	511
0	510	510
0	509	511
0	510	510
0	510	510
0	510	510
0	510	510
0	510	511
0	509	510
0	510	510
0	510	510
0	510	510
0	510	510
0	510	510
0	510	510
0	510	510
0	510	510
0	510	510
0	510	510
0	509	510
0	511	510
0	510	509
0	510	510
0	510	510
0	510	510
0	510	510
0	511	510
0	510	510
0	510	510
0	510	510
0	510	510
0	510	511
0	510	510
0	510	511
0	509	510
0	509	510
0	510	510
0	510	510
0	510	510
0	510	510
0	510	510
0	509	510
0	510	509
0	510	511
0	509	510
0	510	510
0	510	510
0	509	509
0	510	511
0	510	510
0	510	510
0	510	510
0	510	510
0	510	510
0	511	510
0	510	510
0	510	510
0	510	510
0	510	510
0	510	510
0	510	510
0	510	510
0	510	510
0	510	511
0	510	510
0	510	509
0	510	510
0	510	510
0	510	510
0	510	510
0	510	510
0	510	510
0	509	510
0	510	510
0	510	510
0	509	510
0	510	511
0	510	510
0	510	510
0	510	509
0	510	510
0	510	510
0	510	510
0	510	510
0	510	510
0	509	510
0	510	510
0	510	510
0	510	511
0	510	511
0	510	509
0	510	510
0	510	510
0	510	510
0	509	511
0	510	510
0	510	510
0	510	511
0	510	510
0	510	510
0	510	511
0	510	510
0	510	510
0	510	510
0	510	511
0	509	510
0	510	510
0	510	510
0	510	510
0	510	510
0	510	510
0	509	510
0	510	510
0	510	510
0	510	510
0	510	510
0	510	510
0	510	510
0	510	511
0	510	510
0	510	510
0	511	510
0	510	510
0	510	511
0	510	510
0	512	511
0	510	510
0	510	510
0	510	510
0	510	510
0	510	509
0	510	510
0	509	511
0	510	510
0	510	510
0	510	510
0	510	510
0	510	510
0	510	509
0	510	510
0	510	510
0	510	510
0	510	510
0	510	510
0	510	510
0	509	510
0	507	510
0	510	509
0	510	510
0	510	510
0	509	510
0	510	510
0	509	510
0	510	510
0	510	510
0	510	509
0	507	510
0	509	510
0	510	510
0	510	509
0	510	510
0	510	510
0	510	510
0	510	510
0	511	510
0	508	510
0	510	510
0	510	510
0	510	510
0	510	510
0	510	510
0	510	510
0	510	510
0	510	510
0	510	510
0	509	510
0	510	511
0	510	511
0	510	510
0	509	511
0	510	510
0	510	510
0	510	510
0	510	510
0	510	511
0	510	510
0	510	511
0	510	510
0	510	510
0	510	510
0	510	510
0	510	510
0	510	510
0	510	511
0	511	510
0	510	510
0	510	510
0	510	510
0	510	510
0	510	510
0	510	509
0	510	510
0	510	509
0	510	510
0	510	511
0	510	510
0	511	510
0	509	510
0	510	510
0	510	510
0	510	510
0	510	510
0	510	510
0	510	510
0	510	510
0	510	510
0	510	510
0	510	510
0	510	510
0	510	510
0	510	510
0	509	510
0	510	510
0	510	511
0	510	510
0	510	510
0	510	510
0	510	510
0	510	509
0	510	510
0	510	510
0	511	510
0	510	510
0	510	510
0	510	510
0	510	511
0	510	510
0	510	510
0	510	509
0	510	510
0	510	510
0	509	510
0	510	510
0	510	509
0	510	510
0	510	510
0	510	510
0	510	510
0	510	510
0	510	511
0	510	511
0	510	510
0	510	510
0	510	510
0	510	510
0	510	510
0	510	510
0	510	510
0	510	511
0	510	510
0	510	510
0	510	511
0	510	510
0	513	511
0	510	511
0	510	510
0	510	510
0	510	510
0	510	510
0	510	510
0	510	511
0	510	511
0	510	509
0	510	510
0	510	510
0	510	510
0	510	510
0	510	510
0	509	511
0	510	510
0	510	510
0	510	510
0	510	510
0	510	510
0	510	509
0	510	510
0	510	510
0	510	510
0	510	510
0	511	510
0	509	510
0	510	509
0	510	510
0	510	510
0	510	510
0	510	510
0	510	510
0	510	510
0	510	510
0	510	510
0	510	510
0	510	510
0	510	509
0	510	510
0	510	510
0	509	510
0	510	510
0	510	511
0	510	510
0	510	510
0	510	510
0	509	511
0	511	511
0	510	510
0	509	511
0	510	510
0	510	510
0	509	510
0	510	510
0	510	510
0	511	510
0	510	510
0	510	511
0	509	510
0	510	510
0	510	510
0	510	510
0	510	510
0	510	510
0	510	510
0	510	510
0	510	511
0	511	510
0	510	510
0	507	510
0	510	511
0	510	510
0	510	510
0	510	510
0	510	510
0	510	510
0	510	510
0	510	510
0	510	510
0	510	510
0	510	509
0	510	510
0	510	509
0	509	511
0	510	510
0	510	510
0	510	510
0	509	510
0	510	510
0	510	510
0	510	510
0	510	510
0	510	510
0	510	511
0	511	510
0	510	510
0	510	510
0	510	510
0	510	510
0	510	510
0	510	510
0	510	510
0	510	511
0	510	509
0	510	510
0	511	510
0	510	509
0	510	511
0	510	510
0	510	510
0	510	510
0	510	510
0	510	510
0	510	510
0	510	510
0	510	510
0	510	510
0	510	510
0	510	510
0	510	510
0	510	510
0	510	510
0	510	510
0	510	510
0	509	510
0	510	510
0	510	511
0	513	510
0	513	510
0	510	510
0	510	511
0	510	510
0	510	511
0	510	510
0	510	510
0	510	510
0	510	511
0	510	510
0	510	510
0	510	510
0	510	510
0	513	510
0	510	511
0	510	510
0	510	510
0	510	510
0	510	510
0	510	510
0	510	510
0	511	510
0	510	510
0	510	510
0	510	510
0	510	510
0	510	510
0	510	510
0	510	510
0	510	510
0	510	511
0	510	510
0	510	510
0	510	510
0	510	510
0	510	510
0	510	510
0	510	510
0	510	510
0	510	510
0	510	510
0	510	510
0	510	510
0	510	510
0	510	510
0	510	510
0	510	510
0	510	510
0	510	510
0	510	510
0	510	510
0	510	510
0	510	510
0	510	510
0	510	510
0	510	511
0	510	511
0	511	510
0	510	511
0	510	510
0	510	510
0	510	510
0	510	510
0	510	510
0	510	509
0	510	510
0	510	510
0	510	510
0	510	510
0	510	511
0	510	511
0	510	510
0	510	510
0	510	511
0	510	510
0	510	510
0	510	510
0	510	510
0	510	510
0	510	510
0	510	510
0	510	510
0	510	510
0	510	511
0	510	510
0	510	510
0	510	510
0	510	509
0	510	510
0	510	511
0	510	510
0	510	510
0	510	510
0	510	510
0	510	510
0	510	510
0	510	510
0	509	510
0	510	510
0	510	510
0	510	510
0	510	509
0	509	510
0	510	510
0	510	510
0	510	510
0	510	510
0	511	510
0	510	510
0	510	510
0	510	511
0	510	510
0	510	510
0	510	510
0	510	511
0	510	510
0	510	510
0	510	510
0	510	510
0	508	511
0	510	510
0	510	511
0	510	510
0	510	510
0	510	511
0	509	510
0	510	509
0	510	510
0	510	510
0	510	510
0	510	510
0	510	510
0	510	510
0	509	510
0	509	511
0	510	510
0	509	511
0	510	510
0	510	510
0	510	511
0	510	510
0	510	510
0	508	510
0	510	510
0	510	510
0	510	510
0	510	510
0	510	510
0	510	510
0	510	511
0	510	510
0	510	510
0	511	510
0	510	510
0	510	510
0	510	510
0	510	510
0	510	511
0	509	510
0	510	509
0	510	510
0	509	510
0	509	510
0	510	510
0	510	510
0	510	510
0	510	510
0	510	510
0	510	510
0	510	510
0	510	511
0	510	509
0	510	511
0	510	510
0	510	511
0	510	510
0	509	510
0	510	510
0	510	511
0	510	510
0	510	510
0	510	510
0	510	510
0	510	510
0	510	511
0	510	510
0	510	511
0	510	510
0	510	510
0	510	510
0	510	510
0	510	511
0	510	510
0	510	511
0	510	510
0	510	510
0	510	510
0	510	510
0	510	510
0	509	510
0	510	510
0	510	510
0	510	510
0	510	510
0	510	511
0	510	510
0	510	510
0	509	510
0	510	510
0	510	510
0	510	510
0	510	510
0	510	510
0	510	510
0	510	510
0	510	511
0	510	510
0	510	511
0	509	511
0	510	510
0	511	511
0	510	510
0	508	510
0	510	510
0	510	510
0	510	510
0	510	510
0	509	510
0	510	510
0	509	510
0	510	510
0	510	510
0	510	510
0	510	510
0	509	510
0	510	510
0	510	510
0	510	510
0	509	510
0	510	510
0	510	510
0	509	510
0	510	510
0	510	510
0	510	511
0	511	510
0	509	510
0	510	510
0	510	510
0	510	509
0	510	510
0	510	510
0	510	510
0	510	510
0	510	510
0	510	510
0	509	510
0	510	510
0	510	510
0	510	510
0	510	510
0	509	510
0	509	510
0	510	510
0	510	511
0	510	510
0	510	510
0	509	510
0	510	510
0	510	510
0	510	510
0	510	510
0	510	509
0	510	510
0	510	510
0	510	510
0	510	510
0	510	510
0	510	511
0	509	510
0	510	510
0	510	510
0	510	510
0	510	510
0	510	510
0	511	510
0	510	510
0	510	511
0	510	509
0	510	510
0	510	510
0	509	510
0	510	510
0	510	510
0	513	509
0	510	511
0	510	510
0	510	510
0	509	511
0	510	510
0	510	510
0	510	510
0	510	510
0	510	510
0	510	510
0	510	510
0	510	510
0	510	510
0	510	510
0	510	510
0	510	510
0	511	510
0	510	510
0	510	510
0	510	511
0	510	510
0	510	511
0	510	510
0	510	510
0	510	511
0	510	510
0	510	510
0	510	510
0	510	511
0	510	510
0	510	510
0	509	510
0	510	510
0	510	510
0	510	510
0	509	510
0	510	510
0	510	510
0	510	510
0	510	510
0	510	510
0	510	510
0	510	510
0	510	510
0	510	510
0	509	510
0	510	510
0	510	510
0	509	510
0	509	511
0	510	510
0	510	510
0	510	510
0	510	510
0	510	511
0	510	511
0	510	510
0	510	510
0	510	510
0	509	510
0	510	510
0	510	510
0	510	510
0	510	510
0	510	510
0	510	511
0	510	510
0	510	510
0	510	510
0	509	510
0	510	510
0	510	510
0	510	510
0	510	510
0	510	510
0	510	510
0	510	510
0	509	510
0	510	511
0	510	510
0	510	511
0	509	510
0	509	510
0	510	510
0	510	511
0	509	510
0	510	510
0	510	510
0	510	510
0	510	510
0	510	511
0	510	510
0	510	510
0	511	511
0	510	510
0	510	509
0	510	511
0	510	511
0	510	510
0	510	510
0	510	509
0	510	510
0	509	510
0	510	510
0	510	510
0	510	510
0	510	510
0	509	511
0	510	510
0	509	511
0	508	510
0	510	510
0	510	510
0	510	511
0	510	510
0	510	511
0	510	511
0	510	510
0	510	510
0	510	510
0	509	510
0	510	510
0	510	511
0	510	510
0	510	510
0	510	510
0	511	510
0	510	510
0	510	510
0	510	510
0	510	510
0	510	509
0	510	510
0	510	510
0	510	510
0	509	510
0	510	510
0	510	510
0	510	510
0	510	510
0	510	510
0	510	510
0	510	510
0	510	509
0	510	510
0	507	510
0	510	511
0	510	511
0	510	510
0	510	510
0	510	510
0	509	510
0	510	510
0	510	510
0	510	510
0	511	510
0	511	510
0	510	510
0	510	511
0	510	510
0	510	510
0	507	510
0	511	510
0	510	510
0	510	510
0	510	511
0	510	510
0	510	510
0	510	510
0	510	510
0	510	511
0	510	510
0	509	510
0	510	510
0	510	510
0	510	510
0	510	510
0	510	510
0	510	511
0	510	510
0	510	510
0	510	510
0	511	510
0	510	511
0	510	510
0	509	510
0	510	510
0	510	510
0	511	510
0	510	509
0	510	510
0	511	510
0	510	510
0	510	510
0	510	510
0	510	511
0	509	511
0	510	510
0	510	510
0	510	510
0	510	510
0	510	511
0	510	510
0	510	510
0	510	510
0	509	510
0	510	510
0	510	510
0	510	510
0	510	510
0	510	510
0	510	510
0	510	510
0	510	510
0	510	511
0	510	510
0	509	511
0	509	510
0	509	510
0	510	510
0	510	510
0	510	509
0	510	510
0	510	510
0	511	510
0	510	510
0	510	510
0	510	510
0	510	510
0	510	510
0	510	510
0	510	510
0	510	510
0	510	511
0	510	510
0	510	509
0	510	510
0	510	511
0	510	510
0	510	510
0	510	510
0	510	510
0	509	511
0	510	510
0	510	510
0	510	510
0	510	510
0	510	510
0	510	510
0	510	510
0	510	510
0	510	510
0	510	510
0	510	510
0	510	510
0	510	510
0	510	510
0	510	510
0	510	511
0	510	510
0	510	510
0	510	510
0	510	510
0	510	511
0	510	510
0	510	510
0	510	510
0	510	510
0	510	510
0	510	510
0	510	510
0	510	510
0	510	510
0	510	510
0	510	510
0	509	511
0	510	510
0	510	510
0	510	510
0	511	510
0	510	510
0	510	511
0	510	510
0	510	510
0	509	510
0	510	510
0	510	511
0	510	510
0	510	510
0	510	510
0	510	510
0	510	510
0	510	510
0	510	510
0	510	510
0	510	510
0	510	510
0	509	509
0	510	510
0	510	510
0	510	510
0	507	510
0	509	510
0	510	510
0	511	510
0	510	510
0	510	510
0	510	510
0	509	510
0	510	510
0	510	510
0	510	510
0	510	510
0	510	509
0	509	510
0	510	510
0	510	510
0	510	510
0	510	510
0	510	510
0	510	510
0	510	510
0	510	510
0	510	511
0	510	510
0	510	510
0	510	510
0	511	510
0	510	510
0	509	510
0	510	510
0	510	510
0	510	511
0	510	510
0	510	510
0	510	510
0	510	510
0	510	510
0	510	510
0	509	511
0	510	510
0	510	510
0	510	510
0	509	510
0	511	510
0	510	510
0	510	510
0	510	510
0	509	510
0	510	510
0	510	510
0	510	510
0	510	510
0	510	510
0	510	510
0	510	510
0	510	511
0	510	511
0	510	510
0	510	510
0	510	510
0	510	510
0	510	510
0	510	510
0	510	510
0	510	509
0	511	510
0	510	510
0	510	510
0	510	511
0	510	510
0	510	510
0	510	510
0	510	510
0	510	511
0	509	510
0	510	510
0	510	510
0	509	510
0	510	511
0	510	510
0	510	510
0	509	510
0	510	510
0	510	510
0	512	510
0	510	510
0	510	511
0	509	510
0	510	510
0	511	511
0	510	510
0	510	511
0	510	510
0	510	511
0	510	510
0	510	510
0	510	510
0	510	510
0	510	510
0	510	510
0	510	511
0	510	510
0	510	510
0	510	510
0	510	511
0	511	510
0	510	510
0	510	510
0	510	510
0	510	510
0	509	510
0	510	510
0	509	510
0	510	510
0	510	510
0	510	510
0	510	510
0	510	510
0	510	510
0	510	510
0	510	510
0	510	510
0	510	510
0	510	510
0	510	511
0	510	510
0	510	511
0	510	510
0	510	510
0	511	510
0	507	510
0	510	510
0	510	510
0	510	510
0	510	511
0	510	510
0	510	511
0	510	510
0	510	510
0	510	510
0	510	510
0	510	510
0	510	510
0	510	511
0	510	510
0	510	510
0	510	509
0	509	510
0	510	510
0	510	510
0	510	510
0	509	510
0	510	510
0	510	510
0	510	509
0	510	510
0	510	510
0	510	510
0	511	510
0	510	510
0	510	510
0	510	510
0	510	510
0	510	511
0	510	511
0	510	510
0	510	510
0	510	511
0	510	511
0	510	510
0	510	510
0	510	509
0	510	510
0	510	510
0	510	510
0	510	511
0	510	511
0	510	511
0	510	510
0	510	510
0	510	511
0	510	510
0	510	510
0	510	510
0	510	511
0	510	509
0	510	510
0	510	510
0	510	509
0	510	510
0	510	509
0	510	510
0	510	510
0	510	510
0	510	510
0	510	510
0	510	510
0	510	510
0	510	509
0	510	510
0	510	510
0	510	510
0	510	509
0	510	511
0	510	510
0	510	510
0	510	511
0	510	510
0	510	511
0	510	510
0	510	510
0	510	510
0	510	510
0	510	510
0	510	510
0	510	510
0	510	510
0	510	510
0	510	510
0	510	510
0	510	509
0	510	510
0	510	510
0	510	510
0	510	510
0	510	510
0	510	510
0	510	510
0	510	510
0	510	511
0	510	510
0	510	510
0	510	510
0	510	510
0	510	510
0	510	510
0	510	510
0	510	510
0	510	510
0	509	511
0	510	510
0	510	511
0	509	510
0	509	510
0	510	511
0	510	510
0	510	510
0	510	510
0	510	511
0	510	510
0	509	510
0	510	510
0	510	509
0	510	510
0	510	510
0	510	510
0	510	510
0	510	510
0	510	510
0	510	510
0	510	510
0	510	510
0	510	511
0	510	511
0	510	510
0	510	510
0	510	510
0	510	510
0	510	510
0	510	510
0	510	509
0	511	510
0	510	510
0	510	510
0	510	510
0	510	510
0	510	510
0	510	509
0	510	510
0	510	510
0	510	510
0	510	511
0	510	510
0	510	510
0	510	510
0	510	510
0	509	510
0	510	510
0	510	510
0	510	511
0	510	510
0	510	510
0	510	510
0	510	510
0	510	510
0	510	510
0	510	510
0	510	511
0	510	510
0	510	511
0	510	511
0	510	510
0	510	510
0	510	510
0	510	511
0	510	509
0	511	510
0	510	510
39	510	510
39	512	510
40	512	509
40	513	510
42	513	510
42	516	510
44	520	510
44	533	511
46	547	511
46	583	511
48	609	511
48	644	511
50	673	510
50	701	510
52	732	511
52	762	511
54	799	511
54	827	511
55	855	511
55	862	511
57	858	511
57	844	511
59	832	511
59	801	511
61	769	511
61	855	511
63	935	512
63	948	512
65	927	511
65	913	512
67	901	512
67	885	512
69	861	512
69	841	513
71	818	513
71	799	513
72	778	513
72	758	512
74	738	512
74	721	513
76	702	513
76	689	514
78	677	513
78	693	514
80	716	514
80	734	515
82	727	514
82	708	514
84	690	514
84	673	515
86	655	515
86	642	515
88	626	516
88	615	516
89	599	516
89	584	515
91	567	517
91	590	517
93	625	517
93	660	518
95	676	518
95	670	519
97	651	518
97	522	531
99	620	519
99	609	520
101	592	520
101	581	520
103	563	521
103	550	521
105	533	521
105	532	524
106	568	523
106	602	526
108	635	523
108	648	525
110	639	525
110	625	526
112	608	525
112	476	526
114	451	530
114	569	530
116	550	528
116	536	527
118	516	529
118	503	528
120	515	532
120	555	537
122	591	534
122	613	537
123	625	536
123	616	536
125	601	537
125	593	538
127	578	538
127	431	525
129	404	528
129	534	540
131	514	537
131	503	539
133	485	540
133	519	544
135	564	550
135	584	548
137	605	552
137	604	546
139	596	549
139	577	549
140	565	550
140	554	552
142	537	548
142	387	527
144	513	551
144	500	548
146	492	549
146	478	555
148	497	554
148	580	559
150	611	557
150	634	555
152	639	557
152	624	554
154	610	555
154	620	555
156	596	555
156	588	558
157	550	555
157	354	527
159	327	525
159	306	526
161	302	527
161	361	526
163	436	527
163	880	556
165	890	556
165	932	553
167	911	552
167	944	552
169	926	553
169	938	551
171	882	554
171	872	553
173	806	554
173	327	525
174	303	524
174	311	527
176	373	526
176	449	527
178	500	527
178	530	525
180	525	527
180	503	526
182	476	527
182	454	528
184	428	525
184	404	527
186	603	553
186	576	553
188	604	553
188	306	527
190	322	528
190	391	527
191	458	529
191	508	527
193	532	527
193	530	550
195	627	551
195	601	550
197	572	550
197	545	550
199	516	550
199	490	551
201	355	527
201	334	527
203	309	525
203	455	553
205	530	552
205	604	549
207	650	549
207	675	548
208	656	547
208	625	547
210	595	546
210	568	545
212	537	546
212	511	546
214	482	547
214	455	547
216	378	534
216	363	534
218	412	538
218	526	541
220	598	541
220	654	542
222	671	541
222	654	541
224	625	542
224	594	542
255	564	543
255	538	542
255	513	542
255	488	542
255	464	541
255	441	542
255	419	542
255	420	544
255	470	544
255	535	544
255	596	544
255	640	544
255	666	543
255	661	542
255	635	542
255	606	542
255	579	543
255	552	543
255	526	543
255	500	543
255	476	542
255	452	542
255	428	542
255	406	541
255	406	544
255	455	544
255	519	545
255	574	545
255	628	544
255	653	543
255	656	543
255	634	543
255	599	543
255	574	543
255	547	542
255	522	543
255	496	543
255	471	542
255	446	543
255	423	543
255	400	543
255	394	544
255	436	545
255	502	544
255	562	545
255	614	545
255	647	544
255	653	543
255	631	543
255	601	543
255	574	544
255	546	542
255	520	543
255	494	543
255	468	543
255	444	544
255	421	542
255	398	543
255	382	544
255	418	546
255	479	545
255	546	545
255	598	545
255	636	545
255	648	543
255	629	543
255	601	544
255	569	543
255	546	543
255	519	543
255	493	543
255	468	543
255	444	543
255	420	543
255	397	544
255	378	544
255	403	545
255	466	545
255	533	545
255	591	545
255	630	544
255	648	544
255	633	544
255	604	543
255	575	543
255	548	543
255	522	544
255	496	543
255	471	543
255	446	544
255	421	543
255	399	543
255	377	543
255	400	546
255	458	545
255	527	545
255	580	546
255	624	545
255	642	544
255	635	543
255	607	543
255	578	544
255	550	543
255	524	544
255	497	543
255	472	543
255	447	543
255	423	544
255	400	543
255	379	544
255	392	545
255	447	546
255	515	545
255	576	545
255	619	545
255	644	544
255	638	544
255	612	543
255	583	543
255	555	543
255	529	544
255	502	544
255	477	543
255	452	543
255	427	543
255	403	544
255	382	543
255	382	545
255	432	546
255	499	546
255	557	545
255	609	545
255	637	545
255	639	543
255	615	543
255	585	543
255	558	543
255	531	544
255	504	543
255	479	543
255	454	543
255	430	543
255	405	543
255	383	543
255	376	544
255	420	545
255	486	546
255	551	545
255	604	545
