V2_mean	Isense_mean	dt
510	509	500
PWM	V2_read	Isense_read
0	510	510
0	509	510
0	509	510
0	509	509
0	509	510
0	509	510
0	509	509
0	510	510
0	510	509
0	510	509
0	510	509
0	511	509
0	510	509
0	510	509
0	511	509
0	511	509
0	511	509
0	510	510
0	511	510
0	513	510
0	511	510
0	511	509
0	510	510
0	510	509
0	510	510
0	511	509
0	510	510
0	507	509
0	509	509
0	509	510
0	509	509
0	509	510
0	510	510
0	509	510
0	509	509
0	509	509
0	509	510
0	509	509
0	509	510
0	509	509
0	509	509
0	510	509
0	511	510
0	510	510
0	510	510
0	510	510
0	510	510
0	510	509
0	511	509
0	511	510
0	511	510
0	511	510
0	511	510
0	511	510
0	511	509
0	511	510
0	511	510
0	510	509
0	510	509
0	510	510
0	510	509
0	510	510
0	509	510
0	510	509
0	510	509
0	509	510
0	509	510
0	509	509
0	509	510
0	509	509
0	509	509
0	510	510
0	509	510
0	509	509
0	509	510
0	510	509
0	512	510
0	510	509
0	510	509
0	510	509
0	510	509
0	510	509
0	511	509
0	511	510
0	512	510
0	511	510
0	511	509
0	511	510
0	511	510
0	511	509
0	512	510
0	510	510
0	510	509
0	510	510
0	510	508
0	510	509
0	510	509
0	509	509
0	509	510
0	509	510
0	509	509
0	509	510
0	509	510
0	509	509
0	508	509
0	509	510
0	509	509
0	509	509
0	510	510
0	510	509
0	510	509
0	510	510
0	510	509
0	510	509
0	510	509
0	510	510
0	510	509
0	511	510
0	511	509
0	511	509
0	511	510
0	511	510
0	510	509
0	510	510
0	510	510
0	510	509
0	510	510
0	511	509
0	510	509
0	510	509
0	510	510
0	509	510
0	510	510
0	509	510
0	509	510
0	509	510
0	509	510
0	509	509
0	509	510
0	509	509
0	509	510
0	509	509
0	509	510
0	510	509
0	510	510
0	510	509
0	510	509
0	510	510
0	510	509
0	510	509
0	511	510
0	510	510
0	511	510
0	511	510
0	510	509
0	511	510
0	511	509
0	511	509
0	511	509
0	510	509
0	510	509
0	510	509
0	510	510
0	510	509
0	510	510
0	510	510
0	509	510
0	509	509
0	509	510
0	509	510
0	508	510
0	509	510
0	509	509
0	509	510
0	509	509
0	509	510
0	509	510
0	510	510
0	510	510
0	510	510
0	510	510
0	510	510
0	510	509
0	511	509
0	510	510
0	510	510
0	510	510
0	510	509
0	511	510
0	511	510
0	511	510
0	510	510
0	510	510
0	510	509
0	510	510
0	510	509
0	510	509
0	510	509
0	509	510
0	509	509
39	509	509
40	524	509
41	512	510
42	512	510
43	522	510
44	514	509
45	523	510
46	526	510
47	539	510
48	558	510
48	585	510
49	605	510
50	628	510
51	653	510
51	676	510
52	694	510
52	705	509
53	713	509
53	715	511
54	714	510
54	708	510
55	703	510
56	694	509
56	525	519
57	687	510
58	681	510
58	679	511
59	673	511
59	653	511
60	639	510
61	749	511
61	853	511
61	865	511
62	849	511
62	823	511
62	1023	524
62	789	510
63	769	511
63	756	511
64	741	511
64	725	512
65	711	512
66	708	512
66	701	512
67	693	512
67	684	512
68	675	512
68	668	511
69	660	512
70	654	512
71	651	512
71	649	512
72	642	512
73	637	513
74	636	513
74	634	513
75	629	513
76	625	513
77	622	513
77	620	514
78	614	513
79	612	513
79	610	514
80	604	514
81	601	514
82	600	515
82	599	515
83	594	514
84	591	514
85	592	515
85	592	515
86	588	515
87	586	515
88	585	516
88	586	516
89	448	531
90	580	517
91	447	530
92	579	517
93	578	517
94	578	517
95	451	533
95	578	518
96	574	519
97	446	528
98	574	519
99	446	528
100	576	521
101	447	529
102	576	521
103	447	529
104	575	522
104	574	523
105	443	529
106	569	523
107	567	525
108	444	528
109	444	530
110	568	526
111	569	526
112	443	530
112	572	528
114	438	530
114	573	529
115	438	529
116	571	530
117	437	530
118	567	532
119	438	529
120	561	534
121	437	529
122	556	536
123	435	528
124	555	539
125	434	528
126	559	541
127	432	527
128	567	544
129	430	526
130	573	548
131	429	525
132	574	549
133	428	526
134	568	550
135	428	527
136	556	551
137	426	527
138	545	552
139	425	527
140	538	553
141	539	554
142	424	526
143	424	525
144	552	556
145	559	556
146	424	525
147	571	557
148	423	525
148	576	559
150	420	525
150	578	559
151	420	525
152	576	560
153	419	524
154	593	561
155	420	525
156	633	560
157	419	525
158	680	559
159	420	525
159	728	559
160	417	526
161	752	559
162	417	526
162	800	558
163	801	558
163	824	557
163	824	558
164	824	559
164	846	557
165	846	556
165	870	557
165	870	557
165	870	558
165	867	557
165	868	558
166	867	558
166	891	557
166	894	558
166	890	558
166	890	557
167	890	558
167	914	557
167	914	556
167	914	557
167	912	557
168	393	526
169	938	554
169	962	555
169	959	554
169	962	554
169	958	555
170	959	555
170	946	555
170	946	555
170	946	556
170	946	555
170	946	556
171	946	556
171	922	556
171	915	556
171	920	556
171	915	556
173	385	526
173	858	557
173	864	556
173	864	557
173	864	557
174	858	556
174	834	557
175	834	557
175	806	558
175	803	558
176	802	558
176	774	559
176	772	558
178	387	528
178	705	559
179	703	559
179	676	559
180	675	558
180	649	558
181	650	558
182	395	529
183	602	558
184	396	528
185	570	558
186	399	528
187	551	557
188	401	527
189	544	557
190	403	527
191	538	557
192	405	528
193	538	556
194	409	528
195	539	555
196	426	531
197	541	554
198	434	531
199	542	553
200	442	532
201	543	552
202	449	534
203	542	552
204	456	533
205	543	551
206	463	535
207	543	551
208	470	536
209	544	549
210	478	537
211	545	549
212	544	549
213	487	538
214	492	538
215	546	548
216	548	548
216	527	540
217	548	547
218	530	541
219	549	546
220	538	542
221	549	545
222	543	543
223	549	545
255	545	544
255	548	545
255	547	545
255	546	545
255	545	544
255	544	545
255	543	545
255	542	546
255	541	545
255	541	545
255	540	545
255	540	546
255	539	546
255	539	545
255	538	546
255	537	545
255	536	546
255	535	546
255	535	545
255	534	545
255	533	546
255	533	545
255	532	546
255	531	546
255	531	546
255	531	546
255	530	545
255	530	546
255	530	546
255	529	546
255	526	546
255	528	546
255	527	546
255	527	546
255	526	545
255	526	546
255	526	545
255	525	545
255	525	546
255	525	546
255	524	547
255	524	546
255	524	546
255	523	546
255	523	546
255	520	546
255	522	546
255	522	546
255	522	546
255	521	546
255	521	546
255	520	545
255	520	546
255	520	547
255	520	546
255	520	546
255	520	546
255	520	547
255	520	546
255	519	547
255	519	547
255	518	546
255	519	546
255	517	546
255	517	547
255	517	547
255	517	547
255	517	546
255	518	547
255	517	546
255	517	547
255	517	546
255	517	547
255	518	546
255	516	546
255	515	546
255	516	547
255	515	546
255	515	547
255	515	546
255	515	546
255	515	547
255	515	546
255	515	547
255	516	546
255	515	547
255	515	547
255	514	546
255	515	547
255	514	546
255	514	546
255	513	547
255	513	547
255	513	547
255	513	546
255	513	547
255	513	546
255	513	547
255	514	546
255	514	546
255	514	547
255	514	546
255	513	546
255	513	546
255	513	547
255	511	547
255	513	547
255	512	546
255	512	546
255	512	547
255	512	547
255	512	546
255	512	547
255	513	547
255	513	547
255	513	547
255	513	547
255	512	547
255	512	547
255	512	547
255	511	547
255	511	546
255	511	546
255	512	547
255	511	547
255	511	547
255	512	546
255	512	547
255	512	546
255	512	546
255	511	547
255	512	546
255	511	547
255	512	547
255	511	547
255	512	547
255	513	546
255	511	547
255	511	547
255	511	546
255	510	547
255	512	547
255	511	547
255	512	546
255	512	547
255	512	546
255	511	547
255	511	546
255	511	547
255	510	547
255	511	546
255	510	547
255	510	547
255	510	547
255	511	547
255	511	546
255	511	547
255	511	547
255	511	547
255	511	547
255	511	546
255	510	547
255	511	546
255	510	547
255	511	546
255	510	546
255	510	547
255	510	546
255	510	547
255	510	547
255	513	547
255	511	547
255	511	546
255	512	547
255	511	547
255	511	546
255	511	547
255	510	547
255	510	546
255	510	546
255	510	547
255	511	547
255	510	548
255	510	546
255	510	547
255	511	546
255	511	547
255	511	547
255	511	548
255	511	547
255	510	547
255	511	546
255	510	547
255	510	547
255	510	546
255	510	547
255	510	546
255	510	547
255	510	547
255	510	547
255	511	547
255	511	547
255	511	547
255	511	547
255	510	547
255	510	547
255	510	547
255	510	547
255	510	547
255	510	548
255	510	547
255	509	547
255	510	547
255	510	546
255	510	547
255	510	547
255	511	546
255	511	546
255	510	546
255	510	547
255	510	547
255	510	546
255	510	547
255	510	547
255	510	547
255	510	547
255	510	547
255	510	546
255	510	547
255	511	546
255	511	547
255	511	547
255	511	548
255	512	547
255	510	547
255	510	547
255	510	547
255	510	547
255	510	547
255	510	547
255	510	546
255	509	547
255	509	547
255	510	546
255	511	547
255	510	547
255	511	547
255	510	546
255	510	548
255	510	546
255	510	547
255	510	548
255	510	546
255	510	547
255	510	547
255	510	547
255	510	547
255	510	547
255	510	547
255	511	547
255	510	547
255	511	547
255	511	547
255	510	547
255	510	546
255	510	546
255	510	547
255	510	547
255	510	546
255	510	546
255	510	546
255	510	546
255	510	546
255	511	546
255	511	546
255	511	546
255	510	547
255	510	547
255	510	546
255	510	546
255	510	547
255	510	547
255	510	547
255	510	547
255	510	547
255	509	547
255	509	547
255	510	547
255	511	547
255	511	547
255	511	547
255	511	546
255	511	547
255	510	546
255	510	547
255	510	547
255	509	547
255	510	547
255	510	546
255	509	547
255	509	547
255	511	547
255	510	547
255	511	547
255	510	547
255	510	547
255	511	547
255	510	546
255	510	547
255	509	547
255	510	547
255	510	547
255	510	547
255	510	547
255	510	547
255	510	547
255	510	547
255	510	546
255	511	546
255	511	547
255	511	547
255	510	548
255	510	546
255	510	547
255	510	546
255	510	547
255	509	547
255	509	546
255	509	547
255	510	546
255	511	546
255	510	547
255	510	546
255	511	547
255	511	547
255	510	546
255	510	546
255	510	547
255	510	547
255	510	546
255	510	547
255	509	546
255	509	547
255	510	547
255	510	547
255	510	546
255	510	546
255	511	547
255	511	547
255	511	547
255	510	547
255	510	547
255	510	547
255	510	546
255	509	547
255	510	546
255	509	547
255	509	547
255	510	548
255	510	547
255	511	547
255	511	547
255	511	546
255	510	547
255	511	547
255	510	547
255	512	547
255	510	547
255	510	547
255	509	547
255	509	546
255	510	547
255	510	547
255	510	546
255	510	546
255	510	546
255	511	546
255	511	547
255	511	547
255	512	546
255	510	547
255	510	547
255	509	546
255	510	548
255	509	547
255	509	547
255	509	547
255	510	547
255	510	547
255	510	547
255	511	547
255	510	547
255	510	547
255	510	546
255	511	547
255	510	547
255	510	547
255	509	547
255	508	547
255	510	546
255	510	547
255	509	547
255	510	547
255	510	547
255	510	548
255	511	547
255	511	547
255	511	546
255	511	547
255	510	547
255	510	547
255	509	547
255	509	547
255	509	547
255	510	547
255	510	547
255	510	547
255	510	547
255	510	547
255	511	547
255	511	547
255	510	547
255	511	547
255	510	547
255	511	547
255	510	547
255	510	547
255	510	546
255	510	546
255	509	547
255	510	547
255	510	546
255	510	547
255	510	546
255	510	547
255	511	546
255	511	547
255	510	547
255	510	547
255	510	547
255	510	546
255	509	547
255	509	547
255	510	547
255	510	546
255	510	547
255	510	548
255	510	547
255	511	547
255	511	547
255	511	546
255	510	547
255	510	547
255	510	547
255	509	547
255	510	546
255	510	547
255	510	547
255	510	546
255	509	546
255	510	547
255	510	547
255	510	548
255	510	547
255	510	547
255	511	547
255	510	547
255	510	547
255	509	547
255	510	547
255	510	547
255	509	546
255	510	547
255	509	547
255	510	547
255	510	546
255	510	546
255	511	547
255	511	547
255	510	547
255	510	547
255	510	547
255	510	547
255	510	547
255	510	547
255	510	546
255	510	547
255	510	547
255	510	546
255	510	547
255	510	547
255	510	548
255	510	547
255	511	546
255	511	547
255	510	547
255	510	547
255	510	547
255	510	547
255	510	547
255	509	547
255	509	547
255	509	547
255	509	547
255	510	547
255	510	547
255	510	547
255	511	547
255	510	547
255	510	547
255	510	547
255	510	547
255	510	547
255	510	547
255	510	547
255	509	547
255	510	547
255	510	546
255	510	547
255	510	547
255	510	547
255	511	547
255	510	546
255	510	547
255	511	547
255	510	547
255	510	547
255	510	547
255	510	546
255	509	546
255	509	547
255	510	547
255	510	547
255	510	546
255	510	547
255	510	547
255	511	547
255	510	547
255	510	547
255	510	547
255	510	547
255	510	546
255	510	547
255	510	547
255	510	547
255	509	547
255	509	546
255	510	547
255	510	547
255	510	547
255	510	548
255	511	547
255	511	547
255	511	547
255	510	547
255	510	547
255	510	547
255	510	547
255	509	547
255	509	547
255	509	547
255	510	547
255	510	547
255	510	547
255	510	546
255	510	546
255	511	547
255	510	546
255	510	547
255	510	546
255	510	548
255	510	546
255	510	546
255	510	547
255	510	546
255	509	546
255	509	547
255	510	546
255	510	547
255	510	546
255	511	547
255	510	546
255	511	547
255	510	547
255	510	547
255	510	546
255	510	547
255	509	547
255	509	547
255	509	546
255	510	546
255	509	547
255	510	547
255	510	547
255	511	547
255	511	547
255	510	546
255	510	547
255	508	547
255	510	547
255	510	547
255	510	546
255	509	547
255	510	547
255	510	546
255	510	548
255	510	547
255	510	547
255	511	546
255	511	547
255	511	546
255	510	547
255	510	547
255	510	547
255	510	546
255	510	547
255	509	547
255	509	546
255	509	547
255	509	546
255	510	546
255	512	547
255	510	547
255	510	547
255	510	547
255	511	547
255	511	547
255	510	547
255	510	547
255	510	546
255	510	546
255	510	547
255	509	547
255	510	546
255	510	547
255	510	547
255	510	547
255	510	547
255	511	547
255	510	547
255	510	546
255	511	546
255	510	547
255	510	547
255	510	547
255	509	547
255	509	547
255	509	547
255	510	548
255	510	546
255	510	548
255	510	546
255	510	547
255	511	546
255	510	547
255	510	547
255	510	546
255	510	547
255	510	546
255	510	547
255	510	546
255	510	546
255	509	547
255	510	546
255	510	547
255	510	547
255	510	547
255	510	547
255	511	546
255	510	547
255	510	547
255	510	547
255	510	547
255	510	547
255	509	547
255	509	546
255	510	547
255	510	546
255	510	547
255	510	547
255	510	547
255	511	547
255	511	547
255	511	547
255	510	546
255	510	547
255	510	548
255	510	547
255	510	546
255	510	547
255	510	547
255	510	547
255	509	547
255	509	547
255	510	546
255	510	547
255	510	547
255	511	547
255	511	547
255	512	547
255	510	547
255	510	547
255	509	547
255	510	546
255	509	546
255	509	547
255	510	547
255	510	547
255	510	547
255	510	546
255	510	547
255	511	547
255	511	548
255	510	546
255	510	547
255	510	547
255	510	547
255	510	547
255	511	547
255	510	546
255	510	548
255	509	547
255	510	547
255	513	546
255	511	547
255	510	547
255	511	547
255	510	546
255	510	547
255	510	547
255	510	547
255	510	547
255	509	547
255	510	547
255	510	547
255	509	546
255	510	547
255	510	547
255	510	547
255	510	547
255	510	547
255	510	548
255	510	546
255	510	546
255	510	547
255	510	546
255	510	547
255	510	547
255	510	547
255	510	547
255	509	546
255	509	547
255	510	548
255	510	547
255	511	547
255	511	546
255	510	547
255	510	546
255	510	547
255	510	546
255	510	547
255	509	546
255	510	547
255	509	547
255	509	546
255	510	546
255	510	547
255	510	546
255	510	546
255	511	547
255	511	547
255	510	547
255	510	547
255	510	546
255	510	547
255	510	547
255	509	547
255	509	547
255	509	546
255	509	547
255	510	547
255	510	547
255	511	547
255	510	547
255	511	546
255	511	547
255	511	547
255	510	547
255	510	546
255	510	547
255	510	547
255	512	547
255	509	547
255	509	545
255	509	547
255	510	546
255	510	547
255	510	547
255	511	547
255	511	547
255	510	546
255	509	546
255	510	547
255	510	547
255	510	547
255	509	546
255	510	547
255	510	547
255	510	547
255	509	547
255	510	547
255	510	546
255	511	547
255	510	547
255	510	547
255	510	547
255	510	547
255	510	548
255	509	547
255	509	547
255	509	547
255	509	547
255	509	547
255	510	546
255	510	546
255	510	546
255	510	547
255	510	547
255	511	547
255	510	547
255	510	547
255	510	546
255	511	547
255	510	547
255	510	547
255	510	546
255	510	547
255	509	547
255	510	546
255	510	547
255	510	547
255	510	547
255	511	547
255	510	547
255	510	547
255	510	547
255	510	547
255	510	547
255	510	547
255	510	547
255	509	547
255	509	547
255	509	547
255	510	547
255	510	547
255	510	547
255	511	547
255	511	546
255	510	546
255	510	547
255	510	547
255	510	547
255	510	546
255	510	547
255	510	546
255	510	547
255	509	546
255	509	547
255	510	546
255	510	547
255	510	547
255	511	546
255	510	547
255	510	547
255	510	547
255	510	547
255	510	546
255	509	547
255	509	547
255	508	547
255	510	546
255	509	546
255	510	547
255	511	547
255	510	546
255	510	547
255	510	547
255	510	547
255	510	546
255	510	547
255	510	547
255	510	546
255	510	547
255	509	547
255	507	547
255	509	547
255	510	546
255	509	547
255	511	547
255	510	546
255	511	547
255	511	547
255	511	547
255	509	547
255	510	547
255	510	547
255	510	547
255	510	547
255	509	547
255	509	547
255	509	547
255	510	547
255	510	547
255	510	547
255	510	547
255	510	546
255	510	547
255	510	547
255	510	547
255	510	546
255	510	547
255	510	547
255	509	546
255	510	546
255	509	546
255	509	547
255	510	547
255	510	547
255	511	547
255	511	546
255	510	547
255	509	547
255	510	548
255	510	546
255	511	547
255	510	546
255	509	547
255	509	547
255	510	547
255	510	547
255	510	547
255	510	547
255	510	546
255	510	547
255	511	546
255	511	546
255	510	547
255	510	546
255	510	546
255	510	547
255	510	546
255	510	547
255	510	547
255	510	547
255	509	547
255	510	547
255	510	547
255	510	546
255	510	547
255	510	547
255	511	547
255	510	547
255	510	547
255	510	547
255	510	547
255	509	547
255	509	547
255	509	547
255	509	546
255	510	547
255	510	547
255	510	548
255	510	547
255	511	547
255	511	547
255	510	547
255	510	546
255	510	547
255	510	546
255	510	546
255	510	547
255	510	547
255	510	547
255	510	546
255	510	547
255	511	547
255	510	547
255	510	547
255	511	547
255	511	546
255	510	546
255	510	546
255	510	547
255	509	547
255	509	547
255	509	547
255	509	547
255	509	547
255	509	547
255	510	546
255	510	547
255	511	547
255	510	546
255	510	547
255	510	546
255	510	547
255	512	547
255	510	547
255	510	547
255	509	546
255	510	547
255	510	546
255	510	547
255	510	547
255	509	547
255	510	546
255	511	547
255	510	547
255	511	547
255	510	546
255	510	547
255	510	547
255	510	547
255	509	547
255	509	546
255	509	547
255	509	547
255	510	547
255	510	546
255	510	547
255	510	547
255	510	547
255	511	547
255	510	547
255	510	547
255	510	546
255	510	547
255	510	547
255	510	546
255	510	546
255	510	547
255	510	547
255	509	547
255	510	547
255	510	547
255	511	547
255	510	547
255	510	546
255	508	547
255	510	546
255	510	546
255	510	547
255	509	546
255	505	547
255	509	547
255	509	547
255	510	547
255	510	547
255	510	547
255	510	547
255	511	547
255	511	547
255	510	547
255	510	547
255	510	547
255	510	546
255	509	547
255	510	547
255	510	546
255	510	547
255	510	547
255	510	547
255	510	547
255	510	547
255	510	546
255	511	546
255	511	546
255	510	547
255	510	547
255	510	547
255	510	547
255	509	547
255	509	547
255	510	547
255	509	547
255	509	547
255	510	547
255	510	547
255	511	547
255	510	547
255	511	546
255	510	547
255	510	547
255	510	547
255	509	547
255	509	547
255	510	547
255	510	547
255	510	547
255	507	546
255	510	547
255	510	547
255	510	547
255	511	546
255	510	547
255	511	547
255	511	548
255	510	547
255	510	547
255	510	546
255	510	548
255	510	546
255	509	547
255	509	547
255	510	547
255	510	546
255	510	547
255	510	547
255	510	546
255	510	547
255	511	546
255	510	547
255	510	547
255	510	547
255	510	547
255	510	546
255	510	547
255	510	547
255	509	547
255	510	547
255	510	547
255	510	547
255	510	546
255	510	547
255	513	547
255	510	547
255	510	547
255	510	546
255	510	546
255	510	547
255	509	546
255	510	547
255	510	546
255	509	547
255	510	547
255	510	546
255	510	547
255	510	547
255	511	547
255	510	546
255	512	547
255	510	547
255	510	547
255	510	547
255	510	546
255	510	547
255	510	546
255	509	547
255	510	547
255	510	547
255	510	547
255	510	547
255	511	546
255	510	547
255	510	547
255	510	547
255	509	547
255	510	547
255	509	546
255	509	547
255	509	546
255	509	547
255	510	547
255	510	547
255	511	546
255	510	547
255	510	547
255	511	547
255	510	547
255	510	547
255	510	547
255	509	547
255	510	546
255	510	547
255	510	547
255	510	546
255	509	547
255	510	547
255	510	546
255	510	546
255	510	547
255	511	546
255	510	547
255	510	547
255	510	547
255	510	547
255	510	546
255	510	547
255	509	547
255	509	546
255	509	546
255	510	547
255	510	547
255	510	547
255	510	547
255	510	547
255	510	547
255	510	547
255	510	547
255	510	547
255	509	547
255	509	546
255	510	546
255	510	547
255	510	546
255	510	547
255	509	547
255	509	547
255	510	546
255	510	547
255	511	547
255	510	547
255	511	546
255	510	546
255	510	547
255	510	547
255	510	546
255	509	546
255	509	547
255	510	546
255	510	547
255	510	547
255	510	547
255	510	546
255	510	547
255	510	546
255	511	546
255	510	546
255	511	546
255	510	546
255	509	547
255	510	546
255	508	547
255	510	547
255	510	547
255	510	547
255	510	547
255	509	547
255	510	547
255	510	547
255	511	547
255	510	546
255	510	547
255	510	547
255	510	547
255	510	547
255	509	546
255	510	546
255	509	547
255	509	546
255	509	547
255	510	547
255	510	547
255	510	547
255	510	546
255	510	547
255	510	547
255	510	546
255	510	547
255	510	546
255	510	547
255	510	547
255	510	547
255	510	547
255	510	547
255	510	547
255	510	546
255	510	547
255	510	547
255	510	546
255	511	547
255	510	547
255	510	546
255	510	547
255	510	547
255	509	547
255	509	546
255	509	546
255	509	547
255	510	546
255	510	547
255	510	547
255	510	547
255	511	547
255	510	546
255	510	546
255	510	546
255	510	546
255	510	547
255	510	547
255	510	546
255	509	547
255	509	547
255	510	546
255	510	547
255	510	546
255	510	547
255	510	547
255	510	547
255	510	547
255	511	546
255	510	547
255	510	547
255	510	546
255	511	547
255	511	547
255	510	547
255	510	547
255	510	547
255	510	547
255	510	547
255	510	546
255	511	547
255	511	547
255	510	546
255	510	547
255	510	547
255	510	547
255	510	547
255	510	547
255	510	547
255	509	547
255	510	547
255	510	546
255	510	547
255	510	547
255	510	546
255	510	547
255	510	546
255	510	547
255	510	546
255	510	546
255	509	547
255	509	547
255	509	547
255	509	547
255	509	547
255	509	546
255	510	547
255	510	546
255	510	547
255	510	547
255	511	547
255	510	547
255	510	546
255	510	546
255	510	547
255	510	547
255	510	546
255	509	546
255	511	547
255	510	546
255	510	547
255	509	546
255	511	546
255	510	546
255	511	548
255	510	547
255	510	546
255	510	547
255	509	547
255	510	547
255	510	547
255	509	546
255	509	547
255	509	547
255	510	546
255	510	547
255	510	547
255	510	547
255	510	546
255	510	547
255	510	547
255	510	547
255	510	547
255	510	547
255	510	547
255	510	546
255	510	547
255	509	547
255	508	547
255	510	547
255	510	546
255	510	547
255	510	547
255	510	547
255	510	547
255	510	546
255	510	547
255	510	547
255	510	547
255	510	547
255	510	547
255	509	546
255	509	547
255	510	546
255	510	547
255	508	547
255	510	547
255	510	547
255	510	547
255	511	547
255	512	547
255	510	546
255	510	547
255	510	546
255	510	547
255	510	547
255	509	547
255	510	547
255	510	547
255	509	547
255	510	547
255	510	546
255	511	546
255	510	547
255	510	546
255	510	547
255	510	546
255	510	547
255	510	546
255	509	546
255	509	547
255	509	547
255	510	547
255	510	546
255	510	547
255	510	547
255	511	547
255	510	547
255	511	547
255	511	547
255	510	547
255	510	547
255	510	547
255	510	547
255	510	547
255	509	547
255	509	546
255	510	547
255	510	546
255	510	547
255	510	547
255	510	546
255	510	546
255	510	546
255	510	547
255	510	546
255	510	546
255	509	547
255	509	547
255	509	547
255	509	547
255	510	546
255	510	547
255	510	547
255	510	547
255	510	547
255	511	547
255	511	546
255	510	546
255	510	547
255	510	547
255	509	547
255	510	547
255	510	546
255	509	547
255	509	547
255	509	547
255	510	547
255	510	547
255	510	547
255	510	546
255	511	547
255	510	547
255	510	547
255	510	547
255	510	547
255	509	547
255	509	547
255	509	547
255	510	546
255	510	547
255	511	547
255	510	547
255	510	546
255	511	547
255	510	547
255	511	547
255	510	547
255	510	547
255	510	546
255	510	547
255	508	546
255	510	547
255	510	547
255	510	546
255	509	546
255	510	546
255	512	547
255	510	548
255	511	547
255	511	547
255	511	547
255	510	546
255	510	547
255	510	547
255	510	546
255	509	547
255	510	546
255	509	547
255	509	547
255	510	547
255	510	547
255	510	546
255	513	547
255	510	547
255	510	547
255	510	547
255	510	547
255	510	546
255	509	546
255	510	547
255	510	546
255	510	547
255	510	547
255	510	547
255	507	547
255	510	546
255	510	547
255	511	547
255	511	547
255	510	547
255	511	547
255	510	547
255	510	547
255	509	547
255	509	547
255	509	547
255	508	547
255	509	546
255	509	547
255	510	547
255	510	547
255	510	547
255	510	546
255	511	547
255	510	547
255	510	546
255	510	546
255	510	546
255	510	547
255	510	547
255	510	547
255	510	547
255	509	547
255	509	547
255	510	547
255	510	547
255	511	547
255	510	546
255	510	546
255	510	547
255	510	547
255	510	547
255	509	547
255	509	547
255	507	547
255	509	547
255	509	546
255	510	547
255	509	546
255	510	547
255	511	546
255	511	547
255	510	547
255	510	547
255	510	546
255	510	546
255	510	547
255	510	547
255	510	547
255	510	546
255	510	547
255	509	546
255	509	546
255	510	547
255	510	546
255	510	547
255	510	546
255	511	547
255	510	546
255	510	547
255	510	547
255	510	546
255	509	547
255	508	547
255	512	546
255	510	547
255	509	546
255	510	546
255	510	547
255	510	546
255	510	546
255	510	547
255	510	546
255	510	547
255	510	546
255	509	547
255	510	547
255	510	547
255	509	547
255	510	547
255	509	547
255	509	547
255	510	547
255	510	546
255	511	547
255	511	547
255	511	547
255	510	547
255	510	546
255	511	546
255	509	547
255	510	547
255	509	547
255	510	547
255	510	547
255	510	546
255	510	546
255	510	547
255	510	546
255	510	547
255	511	547
255	510	546
255	510	547
255	510	546
255	510	546
255	510	547
255	510	547
255	510	547
255	507	546
255	509	547
255	510	547
255	510	546
255	510	546
255	510	547
255	511	546
255	511	547
255	510	546
255	510	547
255	510	547
255	510	547
255	509	547
255	509	546
255	510	547
255	509	547
255	509	547
255	510	547
255	510	547
255	511	547
255	511	547
255	511	547
255	510	546
255	509	546
255	510	547
255	511	547
255	510	545
255	510	547
255	510	547
255	510	547
255	510	546
255	509	547
255	509	547
255	510	546
255	510	546
255	511	547
255	511	547
255	510	546
255	510	547
255	510	547
255	510	547
255	510	547
255	509	547
255	509	547
255	510	546
255	509	547
255	510	547
255	510	547
255	510	547
255	510	546
255	511	546
255	510	547
255	510	546
255	510	546
255	510	548
255	510	547
255	510	547
255	511	547
255	510	547
255	509	547
255	509	547
255	510	547
255	510	545
255	510	547
255	510	546
255	511	547
255	511	547
255	510	547
255	510	547
255	510	547
255	510	547
255	509	547
255	509	547
255	509	547
255	509	547
255	510	547
255	510	546
255	510	547
255	510	547
255	510	546
255	511	546
255	510	547
255	510	547
255	510	547
255	510	546
255	510	547
255	510	547
255	510	546
255	510	546
255	509	547
255	509	547
255	508	546
255	510	547
255	510	547
0	510	546
0	0	509
0	0	544
0	0	543
0	0	541
0	0	540
0	0	537
0	0	536
0	0	536
0	0	534
0	0	533
0	0	532
0	0	530
0	0	529
0	0	527
0	0	527
0	0	525
0	0	524
0	0	523
0	0	522
0	0	520
0	0	519
0	0	518
0	0	517
0	0	516
0	0	515
0	0	514
0	0	513
0	0	513
0	0	511
0	0	511
0	0	511
0	0	510
0	0	510
0	0	510
0	9	510
0	115	510
0	233	509
0	359	510
0	486	510
0	611	510
0	728	510
0	834	510
0	928	511
0	1006	510
0	1023	510
0	1023	510
0	1023	510
0	1023	510
0	1023	510
0	1023	510
0	982	509
0	906	510
0	820	510
0	724	510
0	625	510
0	524	510
0	427	510
0	331	510
0	246	510
0	176	510
0	112	509
0	70	510
0	42	509
0	32	510
0	34	509
0	57	510
0	91	510
0	140	510
0	200	510
0	271	510
0	345	509
0	425	509
0	506	510
0	584	510
0	657	510
0	722	510
0	781	510
0	829	510
0	862	510
0	885	510
0	893	511
0	888	510
0	870	510
0	843	510
0	800	510
0	751	510
0	694	510
0	632	510
0	570	510
0	508	510
0	444	509
0	387	510
0	333	509
0	288	510
0	253	510
0	226	510
0	212	510
0	207	510
0	212	510
0	227	510
0	251	510
0	283	509
0	323	510
0	368	510
0	417	510
0	469	509
0	520	510
0	570	509
0	615	510
0	656	510
0	692	509
0	720	510
0	739	510
0	750	509
0	753	509
0	747	510
0	733	510
0	712	510
0	685	509
0	651	510
0	614	509
0	574	510
0	534	509
0	495	510
0	456	510
0	420	510
0	389	510
0	361	510
0	340	510
0	326	510
0	319	510
0	318	510
0	323	510
0	335	510
0	353	510
0	377	510
0	403	510
0	432	510
0	464	509
0	497	510
0	529	510
0	560	510
0	588	510
0	612	510
0	633	509
0	649	510
0	659	511
0	663	510
0	664	510
0	658	510
0	646	510
0	631	509
0	612	510
0	590	509
0	565	510
0	540	510
0	514	510
0	489	510
0	465	509
0	443	511
0	424	510
0	408	510
0	397	510
0	390	510
0	387	510
0	389	510
0	395	509
0	404	509
0	417	509
0	433	510
0	451	509
0	472	509
0	492	510
0	513	510
0	533	510
0	552	510
0	568	509
0	582	510
0	594	510
0	602	510
0	607	510
0	608	510
0	606	510
0	600	510
0	591	510
0	580	510
0	566	510
0	551	510
0	535	510
0	519	509
0	503	509
0	488	510
0	473	510
0	460	510
0	451	510
0	441	510
0	435	509
0	433	509
0	432	510
0	436	510
0	440	509
0	447	510
0	457	510
0	468	510
0	480	510
0	492	510
0	506	509
0	519	510
0	531	509
0	542	510
0	552	509
0	560	510
0	566	510
0	570	510
0	572	510
0	571	509
0	568	510
0	564	510
0	558	511
0	549	510
0	541	510
0	529	510
0	520	510
0	510	509
0	499	510
0	490	510
0	481	510
0	474	510
0	468	510
0	464	511
0	462	510
0	460	509
0	462	510
0	464	509
0	469	511
0	474	509
0	481	510
0	488	510
0	496	510
0	505	509
0	513	510
0	520	509
0	528	510
0	535	510
0	540	510
0	544	510
0	547	509
0	549	510
0	549	510
0	548	510
0	545	509
0	542	510
0	537	510
0	532	509
0	527	510
0	519	510
0	512	510
0	505	510
0	499	510
0	493	510
0	488	510
0	485	510
0	481	510
0	480	509
0	479	510
0	480	510
0	480	510
0	483	510
0	487	510
0	491	510
0	495	510
0	500	511
0	505	510
0	510	511
0	516	510
0	520	510
0	525	510
0	528	509
0	531	511
0	533	510
0	535	510
0	535	510
0	535	510
0	533	510
0	531	510
0	528	510
0	524	509
0	520	510
0	516	510
0	512	510
0	507	510
0	504	510
0	500	510
0	497	510
0	494	510
0	492	510
0	491	510
0	490	510
0	490	510
0	491	510
0	493	510
0	495	510
0	497	509
0	500	510
0	503	509
0	506	510
0	510	510
0	513	510
0	516	509
0	519	510
0	522	510
0	523	510
0	525	510
0	525	509
0	526	510
0	525	509
0	525	510
0	523	509
0	521	510
0	519	510
0	517	509
0	514	509
0	511	510
0	509	510
0	506	510
0	504	509
0	501	510
0	500	510
0	499	510
0	500	509
0	497	510
0	498	510
0	498	510
0	500	509
0	500	510
0	502	510
0	503	511
0	506	510
0	508	510
0	510	510
0	512	510
0	514	510
0	516	510
0	518	510
0	519	510
0	520	509
0	520	510
0	520	510
0	520	510
0	520	510
0	519	510
0	518	510
0	516	509
0	514	511
0	513	510
0	510	510
0	509	510
0	507	509
0	506	509
0	504	510
0	503	510
0	502	510
0	502	510
0	502	510
0	502	510
0	502	510
0	503	510
0	503	509
0	504	510
0	506	510
0	507	510
0	509	510
0	510	510
0	511	510
0	513	510
0	514	510
0	515	510
0	516	510
0	516	510
0	517	510
0	517	510
0	516	510
0	516	510
0	515	510
0	515	509
0	514	510
0	513	510
0	511	511
0	510	510
0	509	510
0	508	510
0	507	510
0	506	509
0	505	509
0	505	510
0	504	510
0	504	510
0	505	510
0	504	511
0	505	510
0	506	510
0	507	510
0	507	510
0	508	510
0	509	510
0	510	510
0	511	510
0	512	509
0	513	510
0	514	510
0	514	510
0	514	509
0	515	509
0	514	510
0	514	509
0	514	510
0	513	510
0	513	510
0	513	510
0	511	510
0	511	510
0	510	509
0	509	510
0	508	510
0	508	510
0	507	510
0	507	510
0	506	510
0	506	509
0	506	510
0	506	509
0	506	509
0	507	509
0	507	510
0	508	510
0	509	510
0	509	511
0	510	510
0	512	511
0	511	510
0	511	510
0	512	510
0	513	510
0	513	510
0	513	510
0	513	509
0	513	509
0	513	510
0	513	510
0	512	510
0	512	511
0	512	510
0	511	510
0	510	510
0	510	510
0	509	510
0	509	510
0	508	510
0	508	510
0	508	510
0	507	511
0	507	510
0	507	509
0	507	510
0	507	510
0	508	510
0	508	510
0	508	510
0	509	510
0	509	510
0	510	510
0	510	510
0	510	509
0	511	510
0	512	510
0	512	510
0	512	509
0	512	510
0	512	510
0	513	510
0	512	510
0	512	510
0	512	510
0	511	510
0	511	509
0	511	510
0	510	510
0	510	510
0	509	510
0	510	510
0	509	510
0	508	510
0	508	510
0	508	510
0	508	510
0	508	510
0	509	510
0	508	510
0	508	510
0	508	509
0	509	510
0	509	510
0	510	510
0	509	510
0	510	510
0	511	510
0	509	510
0	511	509
0	511	510
0	512	510
0	512	510
0	512	510
0	512	510
0	512	509
0	512	510
0	511	510
0	511	510
0	511	510
0	510	510
0	510	510
0	510	510
0	509	509
0	509	510
0	507	510
0	509	510
0	508	509
0	508	509
0	508	510
0	508	510
0	508	510
0	508	510
0	508	510
0	509	510
0	509	510
0	509	510
0	510	510
0	509	509
0	510	510
0	510	510
0	511	510
0	511	509
0	511	510
0	512	510
0	512	510
0	511	510
0	511	509
0	512	509
0	511	509
0	511	509
0	511	510
0	511	510
0	510	510
0	510	510
0	510	510
0	510	510
0	509	510
0	508	510
0	509	510
0	509	510
0	509	510
0	508	510
0	508	510
0	509	510
0	508	510
0	508	510
0	508	510
0	509	510
0	509	509
0	510	510
0	510	510
0	510	510
0	510	510
0	511	510
0	511	510
0	511	510
0	511	510
0	511	510
0	511	509
0	511	510
0	511	509
0	511	510
0	511	510
0	511	510
0	510	510
0	511	510
0	510	510
0	510	509
0	510	509
0	509	510
0	509	510
0	509	509
0	509	510
0	509	510
0	509	510
0	509	509
0	509	510
0	509	510
0	508	510
0	509	510
0	509	510
0	509	510
0	509	509
0	510	510
0	510	510
0	511	510
0	510	510
0	510	510
0	510	510
0	511	510
0	511	510
0	511	510
0	511	511
0	511	510
0	511	510
0	508	510
0	511	509
0	511	510
0	511	509
0	510	510
0	510	510
0	510	510
0	510	510
0	509	510
0	509	510
0	509	510
0	509	510
0	509	510
0	509	511
0	509	510
0	509	510
0	509	510
0	509	510
0	509	509
0	509	510
0	509	510
0	510	509
0	510	510
0	510	510
0	510	510
0	508	510
0	510	510
0	510	510
0	511	510
0	511	510
0	511	509
0	511	510
0	511	510
0	512	510
0	511	509
0	511	510
0	511	510
0	511	510
0	510	510
0	510	509
0	509	510
0	510	510
0	510	510
0	509	509
0	509	510
0	509	510
0	508	509
0	509	511
0	509	510
0	509	510
0	509	510
0	509	510
0	509	510
0	509	509
0	510	510
0	509	510
0	510	510
0	510	510
0	510	510
0	511	510
0	510	510
0	510	510
0	511	510
0	510	510
0	511	510
0	511	509
0	511	509
0	511	510
0	514	510
0	511	510
0	511	510
0	511	510
0	510	510
0	510	509
0	510	509
0	510	509
0	510	510
0	509	510
0	509	510
0	509	510
0	509	510
0	509	509
0	509	510
0	509	510
0	509	510
0	509	510
0	509	510
0	509	510
0	509	510
0	510	510
0	510	510
0	510	510
0	510	510
0	510	510
0	508	510
0	510	510
0	511	510
0	511	510
0	511	510
0	511	510
0	511	510
0	512	510
0	511	510
0	511	510
0	511	510
0	510	510
0	510	509
0	510	510
0	511	510
0	510	510
0	510	510
0	510	509
0	509	510
0	509	510
0	509	510
0	509	510
0	509	510
0	509	510
0	509	509
0	509	510
0	509	510
0	509	510
0	509	510
0	509	510
0	510	510
0	510	509
0	510	510
0	510	509
0	510	510
0	510	510
0	511	509
0	511	510
0	511	509
0	511	509
0	511	509
0	511	509
0	510	510
0	511	510
0	511	510
0	511	510
0	510	509
0	510	509
0	510	510
0	510	510
0	510	510
0	509	511
0	509	510
0	509	509
0	509	510
0	509	510
0	510	510
0	509	510
0	508	510
0	509	509
0	509	510
0	509	509
0	509	510
0	509	510
0	510	510
0	510	510
0	510	509
0	510	510
0	511	510
0	510	510
0	510	510
0	511	510
0	511	510
0	511	510
0	511	511
0	511	510
0	511	510
0	511	510
0	511	510
0	511	510
0	510	510
0	510	511
0	510	510
0	510	510
0	510	510
0	510	509
0	510	510
0	509	510
0	509	510
0	509	510
0	509	509
0	509	509
0	509	510
0	509	510
0	509	509
0	509	510
0	509	510
0	510	510
0	510	510
0	510	510
0	510	510
0	510	510
0	510	509
0	513	510
0	511	510
0	511	510
0	511	510
0	511	510
0	511	510
0	511	511
0	511	510
0	511	510
0	511	510
0	510	511
0	510	510
0	510	510
0	510	510
0	510	510
0	510	510
0	509	511
0	510	510
0	509	510
0	509	510
0	509	509
0	509	510
0	509	510
0	509	510
0	509	509
0	509	510
0	509	510
0	509	510
0	510	510
0	510	510
0	510	510
0	510	510
0	510	510
0	511	510
0	510	511
0	511	510
0	511	510
0	511	510
0	511	510
0	511	509
0	511	510
0	511	510
0	511	510
0	511	510
0	511	510
0	510	510
0	510	509
0	510	509
0	510	510
0	510	509
0	510	509
0	509	510
0	509	509
0	509	509
0	509	510
0	509	510
0	509	509
0	509	509
0	509	510
0	509	510
0	509	509
0	509	510
0	509	510
0	509	510
0	510	511
0	510	510
0	510	510
0	510	510
0	510	510
0	510	509
0	510	510
0	511	510
0	511	510
0	510	510
0	511	510
0	511	510
0	511	510
0	511	510
0	510	509
0	510	510
0	510	510
0	510	509
0	510	510
0	512	509
0	510	510
0	509	509
0	509	510
0	509	509
0	509	510
0	509	510
0	508	510
0	509	509
0	509	510
0	509	509
0	509	509
0	509	510
0	509	510
0	510	510
0	510	510
0	510	510
0	509	510
0	510	510
0	510	511
0	511	510
0	513	510
0	510	510
0	510	510
0	511	510
0	511	510
0	511	510
0	511	510
0	511	510
0	510	510
0	510	510
0	510	510
0	510	510
0	509	509
0	510	510
0	509	510
0	509	510
0	509	510
0	509	510
0	509	510
0	509	510
0	509	510
0	508	510
0	509	509
0	509	510
0	509	510
0	509	510
0	510	509
0	510	509
0	510	510
0	510	509
0	510	510
0	510	509
0	511	510
0	511	509
0	510	510
0	511	509
0	511	510
0	511	510
0	511	510
0	511	510
0	511	510
0	511	510
0	511	510
0	510	510
0	510	510
0	510	510
0	510	510
0	510	510
0	510	509
0	509	510
0	509	510
0	509	510
0	509	510
0	509	510
0	509	510
0	509	510
0	509	510
0	509	510
0	509	510
0	509	510
0	509	510
0	510	509
0	510	510
0	510	510
0	510	510
0	510	509
0	510	510
0	510	509
0	511	509
0	511	510
0	511	511
0	511	510
0	511	510
0	511	510
0	511	510
0	511	510
0	511	511
0	510	510
0	510	509
0	509	510
0	510	510
0	510	510
0	509	510
0	509	510
0	509	510
0	509	510
0	509	510
0	509	510
0	510	509
0	509	509
0	509	509
0	509	510
0	509	510
0	509	510
0	509	510
0	510	510
0	510	510
0	510	510
0	510	510
0	510	510
0	510	509
0	511	509
0	511	510
0	510	509
0	511	510
0	511	511
0	511	510
0	511	510
0	511	510
0	511	510
0	511	509
0	511	510
0	510	510
0	510	510
0	510	510
0	510	511
0	510	510
0	509	510
0	509	509
0	509	510
0	509	510
0	509	510
0	510	510
0	510	509
0	509	510
0	509	509
0	509	510
0	509	510
0	509	510
0	510	510
0	510	510
0	510	511
0	510	509
0	510	510
0	510	510
0	510	509
0	510	510
0	511	510
0	510	509
0	511	509
0	511	510
0	511	510
0	512	510
0	511	510
0	511	510
0	510	509
0	510	510
0	511	510
0	510	509
0	510	510
0	509	510
0	510	510
0	509	510
0	509	510
0	509	510
0	509	510
0	509	509
0	509	510
0	509	510
0	509	509
0	509	510
0	509	510
0	509	509
0	510	510
0	510	510
0	510	510
0	510	509
0	510	510
0	510	510
0	510	510
0	510	510
0	510	509
0	511	510
0	512	510
0	511	509
0	511	510
0	511	510
0	511	509
0	511	510
0	511	510
0	510	510
0	510	510
0	510	510
0	509	510
0	510	510
0	510	510
0	509	510
0	509	509
0	509	510
0	509	509
0	509	509
0	509	510
0	509	510
0	509	510
0	509	510
0	508	509
0	509	510
0	509	509
0	510	509
0	511	510
0	510	509
0	510	510
0	510	510
0	510	510
0	510	510
0	511	510
0	511	509
0	511	510
0	511	510
0	511	510
0	511	509
0	511	510
0	510	509
0	511	509
0	510	509
0	510	510
0	510	511
0	510	510
0	510	509
0	510	510
0	509	510
0	509	510
0	509	510
0	509	510
0	509	510
0	509	509
0	509	510
0	509	510
0	509	510
0	509	510
0	509	510
0	510	510
0	510	510
0	510	510
0	510	511
0	510	510
0	510	511
0	510	510
0	509	510
0	511	510
0	511	510
0	511	510
0	511	510
0	511	509
0	511	510
0	511	510
0	511	510
0	511	510
0	510	509
0	510	510
0	510	510
0	510	510
0	510	510
0	509	510
0	509	510
0	509	511
0	509	510
0	509	510
0	510	510
0	509	510
0	509	510
0	509	510
0	509	509
0	509	509
0	509	510
0	510	510
0	510	509
0	507	510
0	510	510
0	511	510
0	510	509
0	511	510
0	511	509
0	511	510
0	511	510
0	511	510
0	511	510
0	511	510
0	511	510
0	511	510
0	511	510
0	511	509
0	510	510
0	510	510
0	510	510
0	510	510
0	509	510
0	512	510
0	509	510
0	510	509
0	509	509
0	509	510
0	509	511
0	509	510
0	509	510
0	509	509
0	509	509
0	509	510
0	509	510
0	509	510
0	510	510
0	513	510
0	510	509
0	510	510
0	510	510
0	511	510
0	511	510
0	511	511
0	511	510
0	511	510
0	511	510
0	511	510
0	511	510
0	511	510
0	511	510
0	510	509
0	510	510
0	511	510
0	510	510
0	511	510
0	510	510
0	510	510
0	509	510
0	509	510
0	509	509
0	509	510
0	509	510
0	509	510
0	508	510
0	509	510
0	509	509
0	509	509
0	509	510
0	509	511
0	509	510
0	510	510
0	510	509
0	510	509
0	510	510
0	510	510
0	510	510
0	511	509
0	511	510
0	511	511
0	510	510
0	511	510
0	511	510
0	511	510
0	511	510
0	511	510
0	510	510
0	510	509
0	510	510
0	510	510
0	509	510
0	510	510
0	510	509
0	509	511
0	510	510
0	509	509
0	509	510
0	509	511
0	509	510
0	509	510
0	509	510
0	509	510
0	509	509
0	509	509
0	510	510
0	510	510
0	510	510
0	510	509
0	510	510
0	511	510
0	510	510
0	511	510
0	511	509
0	511	510
0	511	510
0	511	510
0	511	510
0	510	510
0	511	510
0	511	509
0	510	510
0	510	510
0	510	510
0	510	510
0	510	510
0	509	510
0	510	510
0	509	509
0	510	509
0	509	510
0	509	510
0	509	510
0	509	510
0	509	510
0	509	510
0	509	510
0	509	510
0	509	510
0	510	510
0	510	510
0	510	510
0	510	510
0	510	510
0	511	509
0	510	510
0	510	509
0	511	510
0	513	509
0	511	509
0	511	510
0	511	510
0	511	510
0	510	510
0	511	510
0	510	510
0	510	510
0	510	510
0	510	510
0	510	510
0	510	510
0	510	510
0	509	510
0	509	509
0	509	510
0	509	509
0	509	510
0	509	510
0	509	509
0	509	510
0	509	510
0	509	510
0	509	510
0	510	510
0	510	510
0	509	509
0	510	510
0	510	511
0	510	509
0	511	510
0	510	510
0	511	510
0	511	510
0	512	510
0	511	510
0	511	510
0	511	510
0	511	510
0	511	510
0	510	509
0	510	510
0	510	511
0	510	510
0	510	510
0	509	510
0	510	510
0	510	510
0	509	510
0	509	510
0	509	510
0	509	509
0	509	510
0	509	510
0	509	509
0	509	509
0	509	510
0	509	509
0	510	509
0	510	510
0	510	510
0	510	510
0	510	510
0	511	510
0	510	509
0	511	510
0	510	510
0	511	510
0	511	510
0	511	510
0	510	510
0	511	510
0	511	510
0	510	510
0	510	510
0	510	510
0	510	510
0	510	510
0	510	509
0	510	510
0	510	510
0	509	510
0	510	510
0	509	510
0	509	510
0	509	510
0	509	510
0	509	509
0	509	510
0	509	510
0	510	510
0	509	509
0	509	510
0	510	510
0	510	509
0	510	510
0	511	510
0	510	510
0	511	510
0	511	510
0	511	510
0	511	510
0	511	510
0	511	510
0	511	509
0	511	510
0	511	510
0	511	510
0	510	510
0	510	510
0	510	510
0	510	510
0	508	510
0	510	510
0	509	510
0	509	510
0	509	510
0	509	509
0	509	510
0	508	510
0	509	509
0	508	510
0	508	509
0	509	509
0	509	510
0	509	511
0	510	510
0	510	510
0	510	510
0	510	510
0	510	510
0	510	510
0	510	510
0	511	510
0	510	510
0	511	510
0	511	510
0	511	510
0	511	509
0	512	510
0	511	510
0	511	510
0	510	510
0	510	510
0	510	510
0	510	510
0	510	510
0	510	510
0	510	510
0	509	511
0	510	510
0	509	509
0	509	510
0	509	510
0	509	510
0	509	510
0	509	510
0	509	509
0	509	510
0	509	510
0	510	509
0	510	510
0	510	511
0	510	510
0	510	509
0	510	509
0	510	510
0	511	510
0	510	510
0	510	510
0	511	511
0	511	510
0	511	510
0	509	510
0	510	509
0	510	510
0	511	510
0	510	509
0	510	510
0	510	510
0	510	509
0	510	510
0	510	510
0	510	510
0	510	510
0	509	510
0	509	510
0	509	510
0	509	510
0	509	510
0	509	510
0	509	510
0	510	510
0	509	509
0	510	510
0	510	510
0	509	510
0	510	509
0	510	510
0	510	510
0	510	509
0	510	509
0	511	510
0	511	509
0	511	509
0	511	510
0	511	510
0	511	510
0	511	510
0	511	510
0	510	510
0	510	510
0	510	510
0	510	510
0	509	510
0	510	509
0	510	510
0	510	510
0	509	509
0	509	510
0	509	510
0	509	510
0	509	510
0	509	510
0	509	510
0	509	509
0	509	509
0	509	510
0	510	510
0	510	509
0	510	510
0	510	510
0	510	510
0	510	509
0	510	510
0	510	509
0	511	510
0	511	510
0	512	510
0	511	510
0	511	510
0	511	509
0	511	510
0	511	510
0	511	510
0	510	510
0	510	510
0	510	509
0	510	510
0	510	509
0	509	510
0	510	510
0	509	509
0	509	510
0	509	510
0	509	510
0	509	510
0	509	510
0	509	510
0	509	510
0	509	510
0	509	510
0	510	510
0	510	510
0	510	509
0	510	510
0	510	510
0	510	510
0	511	510
0	510	510
0	510	510
0	511	509
0	510	510
0	511	510
0	511	510
0	511	510
0	511	510
0	511	510
0	511	510
0	510	509
0	509	509
0	510	510
0	510	510
0	510	509
0	510	510
0	510	510
0	509	510
0	509	510
0	509	510
0	509	510
0	509	509
0	509	509
0	509	510
0	509	509
0	509	510
0	510	510
0	509	510
0	510	510
0	510	510
0	510	509
0	510	510
0	510	510
0	510	510
0	507	510
0	511	510
0	511	510
0	509	509
0	511	510
0	510	510
0	511	510
0	511	510
0	511	510
0	511	510
0	510	510
0	510	509
0	510	510
0	510	510
0	510	510
0	510	510
0	509	510
0	509	511
0	509	510
0	506	510
0	509	510
0	509	509
0	509	509
0	509	509
0	509	510
0	509	509
0	509	509
0	509	510
0	510	509
0	510	510
0	510	510
0	510	510
0	511	510
0	510	510
0	510	509
0	510	510
0	510	509
0	511	510
0	511	510
0	511	509
0	510	511
0	511	510
0	511	509
0	511	510
0	511	509
0	510	510
0	511	510
0	510	510
0	510	510
0	510	509
0	509	510
0	509	510
0	509	509
0	509	510
0	509	510
0	509	510
0	509	510
0	509	509
0	509	510
0	510	510
0	509	510
0	509	510
0	510	511
0	510	510
0	510	510
0	510	510
0	510	510
0	511	510
0	510	509
0	511	510
0	511	510
0	511	510
0	511	510
0	511	510
0	511	510
0	510	510
0	511	509
0	511	510
0	510	510
0	509	510
0	510	510
0	510	510
0	510	509
0	510	510
0	510	510
0	509	509
0	509	510
0	508	510
0	509	510
0	509	509
0	509	510
0	509	509
0	509	510
0	509	510
0	509	510
0	509	510
0	510	509
0	510	509
0	510	509
0	510	509
0	508	510
0	510	510
0	510	510
0	511	510
0	510	509
0	510	510
0	511	510
0	511	510
0	511	509
0	511	510
0	512	510
0	510	510
0	510	510
0	510	510
0	510	510
0	510	510
0	510	509
0	510	509
0	510	510
0	510	510
0	509	510
0	509	509
0	509	510
0	509	509
0	509	510
0	509	510
0	509	510
0	509	510
0	509	510
0	509	510
0	510	510
0	510	510
0	511	510
