V2_mean	Isense_mean	dt	V2Ref_set
509	510	500	61
PWM	V2_read	Isense_read
0	509	510
0	510	510
0	510	510
0	509	510
0	508	509
0	510	511
0	510	510
0	512	510
0	510	510
0	510	511
0	510	510
0	510	510
0	510	510
0	510	511
0	510	510
0	510	510
0	510	510
0	510	510
0	510	511
0	511	510
0	510	510
0	510	510
0	510	510
0	510	510
0	510	510
0	510	510
0	510	510
0	510	511
0	510	510
0	510	511
0	510	510
0	510	510
0	510	510
0	510	511
0	510	510
0	510	510
0	510	510
0	510	510
0	510	510
0	510	510
0	510	511
0	510	510
0	510	510
0	510	510
0	511	511
0	510	511
0	510	511
0	510	510
0	510	510
0	510	510
0	510	510
0	510	511
0	508	511
0	510	510
0	510	510
0	510	510
0	510	510
0	510	510
0	510	510
0	510	510
0	510	510
0	510	509
0	510	510
0	510	510
0	510	510
0	510	510
0	510	511
0	510	511
0	509	510
0	510	510
0	510	511
0	509	510
0	510	510
0	510	510
0	510	510
0	510	511
0	510	510
0	510	510
0	510	510
0	510	510
0	510	510
0	510	510
0	510	510
0	510	509
0	510	510
0	510	511
0	510	511
0	510	510
0	510	510
0	510	511
0	510	510
0	510	510
0	510	510
0	510	510
0	510	510
0	510	510
0	510	511
0	511	510
0	509	510
0	510	510
0	510	510
0	510	510
0	510	510
0	510	510
0	510	510
0	510	510
0	510	510
0	510	510
0	510	510
0	510	511
0	510	510
0	510	510
0	510	510
0	510	510
0	510	510
0	510	510
0	510	510
0	510	510
0	510	511
0	510	510
0	510	511
0	510	511
0	510	510
0	510	510
0	512	510
0	510	510
0	510	509
0	510	510
0	510	510
0	510	510
0	510	510
0	510	510
0	510	510
0	510	510
0	509	510
0	510	510
0	510	510
0	510	511
0	510	510
0	510	511
0	510	510
0	510	510
0	510	510
0	510	511
0	510	510
0	510	510
0	510	511
0	510	511
0	510	510
0	510	510
0	510	510
0	510	510
0	510	511
0	510	510
0	510	510
0	510	511
0	510	510
0	510	510
0	510	510
0	510	510
0	510	510
0	510	510
0	510	511
0	510	510
0	510	510
0	510	510
0	510	510
0	510	510
0	510	510
0	510	511
0	510	510
0	510	510
0	510	510
0	510	510
0	510	510
0	510	510
0	510	510
0	510	510
0	510	510
0	510	510
0	510	510
0	510	510
0	510	510
0	510	511
0	510	511
0	510	510
0	510	510
0	510	510
0	510	510
0	510	510
0	510	510
0	510	511
0	510	510
0	509	510
0	510	511
0	510	510
0	510	511
0	510	511
0	510	510
0	510	510
39	510	510
40	514	510
41	534	510
43	502	510
45	618	511
48	479	510
52	445	510
56	611	511
60	454	510
65	575	510
72	373	509
81	343	510
92	277	510
102	1023	511
107	1023	511
108	1023	510
103	1023	510
99	0	510
96	1023	511
93	39	510
90	1023	511
82	1023	511
75	247	510
70	325	510
63	1023	510
56	383	510
46	1023	509
-41	448	510
-51	546	510
-61	560	510
-72	694	510
-82	372	510
-91	628	510
-101	584	511
-111	560	510
-120	486	510
-128	399	510
-133	360	510
-137	422	509
-140	517	509
-142	611	508
-146	664	508
-150	724	509
-158	796	507
-166	682	508
-173	226	510
-175	0	507
-171	0	506
-160	21	507
-147	658	506
-135	534	505
-122	545	505
-109	553	505
-96	639	506
-86	878	506
-79	1005	506
-75	530	506
-73	1011	507
-73	507	507
-76	1020	509
-80	480	509
-86	885	509
-92	452	509
-97	436	510
-100	422	509
-104	734	510
-109	615	510
-114	539	510
-118	484	510
-120	409	510
-121	340	510
-118	304	509
-114	388	510
-107	491	509
-101	602	510
-94	430	509
-88	872	510
-85	734	510
-81	383	510
-77	637	510
-72	375	509
-67	726	511
-64	712	511
-62	703	510
-59	365	509
-54	362	511
-49	600	510
-43	560	511
39	550	511
45	514	510
52	480	510
59	611	510
67	457	510
72	1023	510
77	343	510
84	313	510
95	241	510
105	1023	511
109	1023	511
114	101	510
124	180	510
133	1023	511
137	1023	511
139	509	511
138	1023	511
136	509	511
135	439	511
131	1023	512
127	285	512
122	1023	512
112	1023	511
103	0	512
100	0	512
104	0	510
108	1023	512
113	0	511
124	0	511
141	112	511
160	637	510
176	1023	511
188	801	513
196	1023	513
199	1023	514
196	1023	515
189	1023	516
177	1023	516
162	727	517
143	1023	517
122	589	516
97	1023	518
75	0	517
59	0	516
42	1023	516
-51	139	514
-61	0	512
-65	0	512
-62	0	511
-58	690	510
-55	686	510
-51	370	510
-44	207	510
44	240	510
56	481	510
70	601	511
84	348	510
102	241	510
118	1023	511
129	1023	511
135	1023	511
137	1023	511
136	501	511
133	1023	512
125	1023	511
112	1023	511
100	0	511
88	1023	511
78	0	511
74	0	511
76	9	510
78	1023	510
80	301	511
84	284	510
93	237	510
99	1023	510
101	1023	511
104	53	510
107	1023	511
110	65	510
120	101	510
128	1023	510
131	1023	510
134	349	511
138	413	511
144	517	510
148	923	509
147	1023	511
141	998	511
133	581	511
127	333	513
124	161	512
127	69	512
134	161	512
145	357	513
154	916	511
159	1023	513
159	1023	514
154	1023	514
144	1023	514
131	729	512
119	252	514
112	0	514
112	0	514
111	1023	514
112	0	514
119	0	514
132	0	513
146	1023	514
155	945	511
159	1023	514
158	1023	514
152	1023	514
140	1023	515
128	503	515
118	161	515
114	0	515
109	1023	515
100	1023	515
92	0	514
84	1023	514
77	0	513
70	1023	513
65	0	511
66	0	512
67	1023	511
69	0	510
71	1023	510
72	345	509
76	341	510
78	1023	510
80	301	510
80	1023	511
80	281	509
83	284	510
84	1023	510
86	231	510
86	1023	511
86	193	509
85	1023	510
85	212	510
88	213	510
90	1023	510
93	125	510
95	1023	511
99	71	510
101	1023	510
105	53	510
108	1023	510
113	69	511
122	165	511
130	1023	511
134	1023	512
132	1023	511
130	349	511
130	279	511
134	273	512
140	389	512
147	565	511
152	1023	512
151	1023	512
145	1023	512
135	917	511
125	383	513
118	93	512
117	0	513
116	1023	513
110	1023	512
99	1023	512
90	0	512
87	0	512
90	0	512
99	0	511
109	1023	511
120	0	510
130	1023	511
136	1023	511
136	1023	511
132	1023	511
127	325	511
125	180	512
129	117	511
131	1023	512
133	285	512
138	341	512
145	485	513
150	928	511
150	1023	512
145	1023	513
136	900	511
122	1023	514
110	0	513
105	0	513
106	0	513
113	0	513
126	0	513
145	129	512
163	1023	513
176	1023	513
185	775	514
193	681	514
198	1023	515
199	679	517
197	1023	516
190	1023	518
178	1023	518
161	1023	518
139	1023	519
116	453	518
90	1023	519
66	0	518
48	0	518
-43	461	516
-53	0	515
-57	0	513
-54	0	512
-46	0	511
45	166	511
60	651	511
76	456	511
94	320	510
110	1023	510
121	1023	510
127	1023	510
128	1023	511
124	1023	512
115	1023	511
107	0	511
106	0	511
105	1023	511
98	1023	511
87	1023	511
77	0	510
71	301	510
64	1023	510
56	375	511
46	1023	510
-42	447	511
-53	548	510
-63	558	510
-72	364	510
-82	725	510
-92	629	510
-102	577	510
-112	394	510
-119	398	511
-125	409	510
-128	302	510
-128	301	510
-125	267	510
-119	221	510
-109	366	509
-99	554	510
-87	447	509
-77	938	510
-68	402	510
-57	369	509
-46	687	510
41	557	510
53	503	510
64	609	511
77	380	510
92	311	510
105	1023	510
119	132	511
132	1023	511
144	453	511
154	955	510
159	1023	511
159	1023	512
154	1023	513
144	1023	513
130	829	511
117	241	513
103	1023	513
91	0	513
78	1023	512
66	0	512
55	1023	511
44	0	511
-39	478	511
-45	522	510
-51	553	510
-56	560	510
-60	367	510
-64	692	510
-70	702	511
-75	371	510
-80	720	511
-84	378	510
-88	669	510
-93	620	511
-98	579	511
-104	582	511
-108	396	510
-110	401	510
-110	406	511
-109	409	510
-106	413	510
-101	411	510
-97	708	511
-93	670	509
-90	622	510
-88	594	510
-85	386	510
-81	654	511
-77	379	510
-72	697	511
-69	726	510
-66	370	510
-60	367	510
-54	692	510
-50	683	511
-46	560	511
-41	556	511
40	546	510
45	511	510
49	652	511
54	612	510
58	450	511
63	593	510
69	469	510
72	1023	511
74	343	510
75	1023	511
75	325	510
78	325	510
79	1023	511
80	293	510
84	285	510
91	237	509
97	1023	511
104	81	510
110	1023	511
118	124	511
129	229	511
143	357	511
157	927	509
165	1023	512
168	1023	511
167	1023	512
160	1023	513
148	1023	512
132	1005	512
115	287	514
97	1023	513
80	0	514
69	0	512
59	1023	512
49	0	512
47	0	510
47	440	511
48	613	510
50	444	510
53	445	510
56	610	510
60	453	511
64	575	511
66	1023	510
66	369	510
65	1023	510
63	373	510
63	383	510
61	1023	510
54	1023	511
45	451	510
-39	478	510
-45	522	511
-52	553	510
-58	559	510
-65	687	510
-71	367	509
-77	723	510
-82	374	510
-86	378	510
-89	644	510
-92	606	510
-96	582	510
-100	586	511
-104	580	511
-108	562	510
-112	540	510
-116	507	510
-118	462	510
-119	400	511
-117	364	511
-114	421	509
-109	497	510
-105	572	510
-100	657	510
-98	784	510
-95	408	510
-93	661	510
-89	391	510
-84	387	510
-78	663	510
-72	376	510
-65	726	511
-59	366	510
-51	690	510
-45	613	511
40	230	511
50	510	511
61	446	511
73	563	511
87	341	509
104	197	510
125	135	510
146	1023	511
162	1023	510
172	1023	511
178	1023	511
178	1023	513
173	1023	513
164	1023	514
149	1023	514
129	1023	513
105	1023	515
82	0	513
65	0	514
48	1023	513
-44	0	512
-54	0	510
-61	671	510
-67	363	510
-73	709	511
-79	371	510
-84	672	510
-89	381	510
-91	385	510
-93	584	510
-95	586	510
-96	391	511
-94	392	510
-93	607	511
-90	390	510
-85	387	510
-80	652	510
-74	377	510
-68	725	510
-62	368	510
-55	697	510
-48	371	510
39	222	511
51	521	510
64	448	510
76	1023	510
86	321	510
95	1023	511
104	100	511
119	101	510
134	1023	511
143	1023	511
147	1023	511
146	1023	512
140	1023	512
129	1023	512
113	1023	512
98	0	512
83	1023	511
70	0	511
63	0	511
56	1023	510
48	389	510
41	612	510
-43	502	510
-50	549	510
-56	560	511
-62	368	510
-65	364	510
-68	704	510
-72	714	510
-76	371	510
-80	710	510
-83	377	510
-86	676	510
-90	645	510
-95	593	510
-99	581	511
-104	583	510
-109	558	511
-114	524	511
-117	477	511
-120	435	510
-120	345	511
-117	332	511
-113	419	511
-107	510	510
-102	605	510
-96	427	510
-88	416	510
-80	744	510
-72	378	510
-64	727	510
-56	366	510
-47	684	510
-39	670	510
44	523	510
52	639	510
59	449	510
67	585	511
77	365	509
89	313	510
99	1023	510
110	97	510
120	1023	511
126	1023	511
126	1023	511
121	1023	511
112	1023	511
103	0	511
102	0	511
99	1023	511
92	1023	510
87	0	510
81	1023	511
75	265	510
67	1023	511
59	364	510
52	586	511
45	448	511
39	652	511
-45	514	510
-51	553	511
-57	560	510
-64	686	511
-72	703	511
-82	725	510
-93	629	509
-103	388	510
-112	547	511
-121	478	511
-127	384	510
-132	328	511
-134	393	510
-134	417	508
-132	399	508
-128	328	509
-121	221	509
-111	320	509
-99	524	509
-86	467	509
-75	937	510
-64	434	510
-52	389	510
-40	681	510
48	536	511
60	612	510
72	459	510
86	348	510
98	1023	510
112	101	510
124	1023	511
136	341	510
146	1023	510
151	1023	512
151	1023	511
145	1023	511
136	943	511
125	429	512
119	105	512
111	1023	512
98	1023	512
87	0	512
76	1023	511
66	0	511
56	1023	511
45	381	510
-41	477	510
-49	544	510
-58	559	510
-67	687	511
-78	711	510
-88	374	510
-97	384	510
-104	568	510
-110	396	510
-115	508	511
-118	464	510
-121	407	510
-121	319	510
-118	304	509
-112	388	510
-106	520	510
-99	624	511
-95	785	510
-93	840	510
-91	397	510
-88	599	510
-85	386	510
-81	654	510
-76	377	510
-71	709	511
-68	724	510
-65	368	509
-61	705	510
-59	695	510
-56	361	510
-52	684	509
-50	608	510
-45	213	510
40	230	509
51	509	511
61	612	510
72	460	511
85	345	510
101	229	510
116	1023	510
126	1023	510
131	1023	511
135	373	511
141	453	510
146	663	510
149	985	511
146	1023	511
139	1023	512
127	1023	513
109	1023	512
87	1023	512
66	0	512
51	0	512
-40	914	510
-55	531	510
-68	130	511
-77	368	510
-86	700	510
-96	650	510
-105	390	509
-113	395	510
-118	400	510
-122	422	510
-123	313	510
-122	268	510
-117	274	510
-109	419	510
-101	558	510
-94	739	510
-86	423	510
-77	400	510
-68	693	510
-60	716	511
-54	693	511
-49	599	510
-41	217	509
44	546	510
54	482	510
64	607	510
76	380	510
89	321	511
101	1023	510
108	1023	511
110	1023	510
113	101	510
121	125	511
133	197	510
148	437	511
161	1023	511
168	1023	511
171	1023	512
168	1023	512
161	1023	513
148	1023	513
131	1002	513
113	257	514
101	0	513
89	1023	513
77	0	513
73	0	513
74	0	512
76	1023	512
79	0	511
88	0	511
97	1023	511
107	85	510
117	1023	510
121	1023	511
120	1023	511
115	1023	511
104	1023	511
95	0	511
85	1023	511
77	29	510
69	1023	510
59	351	510
51	585	511
44	446	510
-39	480	510
-45	521	510
-50	554	510
-55	560	510
-60	556	511
-66	692	511
-73	708	510
-80	372	510
-86	657	510
-93	647	510
-100	577	510
-108	570	511
-115	519	510
-121	453	510
-126	358	509
-127	288	510
-125	261	510
-120	225	509
-111	332	510
-101	522	509
-92	734	509
-83	433	511
-75	961	509
-68	374	510
-61	717	511
-56	695	510
-52	684	510
-49	680	510
-45	217	510
40	230	511
51	510	510
61	612	511
72	462	511
85	348	510
101	229	509
116	1023	510
130	292	511
147	423	511
161	1023	511
170	1023	511
175	1023	511
175	797	512
172	1023	513
164	1023	514
151	1023	513
132	1023	514
114	277	514
100	0	514
93	0	513
86	1023	514
80	0	513
80	0	513
87	0	512
94	1023	512
102	0	511
110	1023	511
113	1023	511
117	0	511
128	0	511
138	1023	512
144	1023	511
144	1023	511
139	1023	511
130	1023	512
115	1023	512
102	0	512
88	1023	512
76	0	512
71	0	511
72	0	511
72	1023	511
72	341	510
75	341	509
75	1023	510
75	325	510
78	325	511
79	1023	510
80	293	510
84	285	510
91	237	510
97	1023	511
98	1023	511
100	53	510
101	1023	511
104	45	510
113	55	510
121	1023	510
124	1023	510
122	1023	510
115	1023	511
103	1023	511
93	0	511
82	1023	510
73	21	510
67	336	510
60	1023	510
51	575	511
43	447	510
-41	487	510
-48	544	510
-54	559	510
-61	559	510
-68	694	510
-74	368	510
-81	724	510
-87	377	510
-91	384	510
-93	387	510
-94	585	511
-95	593	511
-95	391	510
-95	600	511
-94	391	510
-92	602	510
-88	389	510
-83	386	510
-78	672	510
-72	376	510
-66	727	511
-59	367	510
-51	362	510
-39	208	510
52	522	510
66	611	510
81	371	509
99	277	509
116	1023	510
132	293	511
150	471	511
165	1023	511
176	1023	511
181	1023	512
182	1023	513
179	709	514
175	757	514
167	1023	515
153	1023	515
135	1023	516
116	357	515
102	0	515
87	1023	515
74	0	514
68	0	514
61	1023	513
55	0	512
56	0	511
57	1023	511
59	0	511
64	585	510
70	375	510
74	1023	510
77	333	510
79	1023	509
80	293	510
84	284	510
92	237	510
99	1023	511
100	1023	510
103	49	511
105	1023	511
109	49	510
118	87	511
126	1023	510
130	1023	511
132	327	511
137	359	511
144	493	511
149	927	510
149	1023	510
144	1023	511
136	861	510
126	421	513
121	132	513
121	0	512
120	1023	513
115	1023	512
105	1023	512
89	1023	513
76	0	512
68	0	512
61	1023	511
54	0	510
51	608	510
48	446	510
45	612	510
41	652	511
-39	559	510
-42	522	510
-46	549	511
-49	558	511
-51	559	511
-52	208	510
-50	559	511
-47	214	510
-41	558	511
41	547	510
47	503	510
53	614	510
60	450	510
67	575	510
76	365	510
87	321	511
97	1023	510
107	95	510
117	1023	511
126	279	511
138	301	511
152	565	510
163	1023	511
169	1023	512
170	1023	512
166	945	513
158	1023	513
144	1023	513
127	761	513
112	145	513
103	0	513
94	1023	514
86	0	513
84	0	513
89	0	513
93	1023	512
99	0	511
105	1023	511
106	1023	511
101	1023	511
99	0	510
102	0	510
106	1023	511
104	1023	510
104	0	510
110	0	510
122	109	510
133	1023	511
139	1023	511
140	1023	511
138	597	511
137	509	512
134	1023	512
125	1023	512
117	116	511
115	0	511
112	1023	512
105	1023	511
93	1023	511
82	0	512
77	0	510
79	0	511
86	189	510
92	1023	510
92	1023	511
94	85	510
95	1023	511
97	67	511
99	1023	511
102	55	510
104	1023	511
108	49	511
111	1023	510
109	1023	510
102	1023	510
97	0	510
97	0	510
98	1023	510
100	53	511
107	53	510
121	101	510
133	1023	511
140	1023	511
142	1023	511
140	1023	511
132	1023	511
119	1023	511
101	1023	512
85	0	511
75	0	511
71	0	510
67	1023	510
62	359	510
56	1023	511
48	391	510
42	444	510
-39	494	511
-43	522	511
-47	550	511
-51	558	510
-54	560	511
-58	559	511
-62	687	510
-67	697	510
-74	711	511
-81	372	509
-87	642	510
-92	384	510
-95	387	510
-97	586	510
-99	593	510
-101	394	511
-102	584	510
-102	589	510
-104	599	511
-104	400	510
-103	598	510
-102	401	510
-100	618	510
-97	398	510
-93	394	510
-88	618	511
-83	607	510
-77	381	510
-71	697	510
-65	370	510
-58	705	510
-51	363	510
-43	561	511
42	550	511
51	494	511
62	447	511
73	543	510
85	341	510
101	229	510
115	1023	511
125	1023	510
129	1023	510
129	1023	511
128	279	511
125	1023	511
118	1023	511
105	1023	511
88	1023	511
72	0	511
62	0	510
53	1023	511
41	448	510
-45	502	510
-55	553	510
-65	556	510
-73	367	510
-81	726	511
-89	377	510
-95	385	510
-98	390	510
-101	587	510
-104	580	510
-107	570	510
-110	555	510
-113	536	511
-115	409	510
-115	487	510
-114	486	510
-113	511	510
-111	532	511
-109	568	510
-107	602	510
-105	646	510
-105	691	511
-106	676	510
-108	639	510
-111	594	510
-112	408	511
-113	555	511
-112	414	510
-110	416	509
-107	418	510
-101	417	510
-94	412	510
-85	400	510
-75	635	510
-65	374	510
-54	706	510
-45	681	511
40	554	510
49	511	509
59	445	510
71	457	510
84	351	510
101	244	510
116	1023	511
126	1023	510
131	1023	511
131	1023	511
127	1023	511
117	1023	511
108	0	511
106	0	510
104	1023	511
103	0	510
108	0	511
114	1023	511
114	1023	511
116	0	510
124	0	511
132	1023	510
135	1023	511
136	439	511
136	1023	511
134	453	511
133	381	512
135	349	511
139	405	512
145	517	512
148	933	511
146	1023	512
140	1023	513
131	533	513
125	263	513
123	92	513
121	1023	513
113	1023	514
101	1023	513
90	0	513
78	1023	512
69	0	512
59	1023	512
51	0	511
44	617	511
-39	638	510
-45	522	511
-52	553	510
-58	559	510
-65	688	511
-71	367	510
-77	722	509
-83	375	511
-88	678	510
-94	621	510
-101	578	511
-107	567	511
-114	534	511
-119	465	511
-123	396	510
-124	293	510
-122	252	509
-116	275	510
-109	447	510
-100	556	510
-93	755	510
-89	875	510
-88	817	510
-86	386	510
-84	640	510
-82	382	510
-78	623	510
-74	376	510
-70	725	510
-68	720	510
-65	368	510
-61	705	510
-58	364	510
-52	362	510
-45	608	510
41	230	510
51	560	510
62	447	511
74	541	510
88	336	510
100	1023	510
113	101	511
125	1023	510
132	1023	511
134	1023	511
131	1023	511
123	1023	512
110	1023	511
92	1023	511
69	1023	511
47	0	511
-49	614	510
-68	558	511
-86	368	511
-102	382	510
-116	391	510
-128	430	510
-138	415	509
-148	600	509
-159	798	509
-172	634	510
-182	0	509
-185	0	508
-182	0	507
-173	1	506
-157	0	506
-140	746	505
-123	522	504
-104	338	506
-86	764	505
-71	1010	507
-59	535	506
-49	1023	508
-44	1023	508
-44	1023	509
-47	706	511
-48	227	511
-46	222	511
-40	228	511
45	535	510
52	653	510
60	449	510
69	575	511
79	356	510
91	295	510
102	1023	510
114	103	510
126	1023	511
132	1023	511
133	1023	511
133	397	510
135	381	512
139	429	511
144	533	512
147	905	510
145	1023	512
138	1023	512
127	1023	513
110	1023	513
88	1023	512
68	0	512
54	0	512
40	1023	511
-52	482	510
-67	558	510
-84	710	510
-101	675	509
-118	391	510
-132	397	510
-145	404	510
-156	410	509
-165	369	509
-170	19	508
-168	0	508
-160	0	507
-147	197	507
-132	499	507
-116	515	507
-99	523	506
-84	802	507
-69	514	507
-57	1023	509
-50	1023	509
-49	1023	510
-52	1023	511
-57	562	510
-61	364	510
-63	363	510
-64	700	510
-65	366	510
-66	705	511
-66	367	510
-66	708	510
-67	707	509
-68	368	510
-69	714	510
-69	369	510
-69	717	511
-69	369	510
-68	718	510
-67	369	510
-66	711	511
-64	367	509
-63	702	510
-60	364	510
-55	362	510
-50	682	510
-46	560	511
-41	556	510
40	545	510
46	510	510
52	448	511
59	610	510
66	458	510
71	1023	510
76	351	510
83	321	509
93	253	510
107	113	510
121	1023	511
130	1023	511
133	1023	511
132	1023	511
130	357	511
131	285	511
135	308	512
140	421	511
147	565	511
151	1023	512
150	1023	512
143	1023	512
134	701	511
125	357	513
121	95	513
122	0	513
130	5	513
138	1023	513
140	1023	513
141	525	513
139	1023	513
131	1023	514
124	260	513
122	53	513
125	0	514
135	85	513
143	1023	513
150	653	512
152	1023	513
150	1023	514
143	1023	513
133	629	513
125	305	515
121	75	515
116	1023	515
107	1023	515
99	0	514
90	1023	515
84	0	512
83	0	512
89	0	513
95	1023	512
102	0	512
109	1023	512
111	1023	512
108	1023	512
100	1023	511
93	0	511
93	0	511
93	1023	510
94	0	510
95	1023	511
97	65	510
98	1023	510
101	53	510
103	1023	510
106	52	510
115	61	510
124	1023	511
132	273	511
143	405	511
151	1023	511
155	1023	512
154	1023	512
147	1023	512
135	1023	512
119	1023	512
97	1023	513
77	0	513
64	0	512
56	0	512
55	0	511
58	441	510
61	593	510
64	458	511
65	1023	510
65	373	510
64	1023	510
61	377	510
56	1023	510
51	391	510
47	447	510
44	446	510
43	482	510
43	486	510
43	487	510
44	487	511
47	482	511
50	446	510
55	446	510
60	604	510
66	458	510
70	1023	511
73	345	510
78	340	510
86	305	510
92	1023	510
94	1023	510
96	80	510
98	1023	510
101	61	511
103	1023	510
107	49	511
110	1023	510
114	101	511
123	141	511
137	229	511
148	1023	511
155	1023	511
157	1023	512
154	1023	511
146	1023	512
132	1023	512
114	1023	512
97	0	513
80	1023	512
65	0	512
56	0	511
53	0	510
53	613	510
53	447	510
53	610	510
54	449	510
56	607	511
58	453	510
61	455	511
65	563	511
70	373	510
74	1023	511
76	333	511
77	1023	510
77	311	510
81	311	510
87	275	510
92	1023	510
97	103	510
102	1023	510
108	71	510
114	1023	511
114	1023	510
110	1023	510
100	1023	510
92	0	511
84	1023	511
75	205	510
71	325	510
64	1023	511
52	1023	511
39	448	510
-49	513	510
-61	559	510
-73	694	510
-85	372	510
-96	663	511
-108	569	510
-120	506	511
-130	402	510
-138	425	510
-146	586	509
-155	754	509
-166	744	509
-175	168	510
-179	0	507
-176	0	507
-167	0	507
-153	183	508
-138	830	505
-125	451	504
-108	271	505
-91	659	505
-74	539	506
-60	1023	507
-51	1023	507
-47	1023	508
-45	601	511
-44	639	512
-41	241	509
40	547	510
46	510	510
52	449	510
58	611	510
65	458	510
70	1023	511
74	348	510
76	1023	510
78	321	510
82	305	509
90	263	510
96	1023	511
97	1023	510
99	61	511
107	55	511
121	117	510
138	341	511
155	629	510
170	1023	511
180	925	511
185	1023	512
185	1023	513
181	1023	514
171	1023	514
157	1023	515
137	1023	515
116	421	515
99	0	515
83	1023	515
67	0	514
59	0	513
49	1023	513
42	0	512
41	0	510
42	492	510
45	492	511
49	477	510
53	612	511
57	449	511
62	598	510
68	465	510
71	1023	510
73	349	510
73	1023	511
73	340	510
76	340	510
76	1023	511
76	320	511
79	320	510
84	293	510
94	237	510
107	103	511
120	1023	510
133	337	510
147	469	511
159	1023	510
165	1023	512
167	1023	511
163	1023	513
155	1023	513
141	1023	513
126	557	513
113	119	513
100	1023	513
88	0	513
76	1023	513
65	0	512
54	1023	511
45	0	511
0	645	511
-45	507	510
-52	553	510
-58	559	510
-66	687	511
-74	708	510
-82	372	510
-89	628	510
-97	605	509
-105	573	510
-113	540	510
-120	471	511
-126	389	510
-129	305	510
-129	316	510
-126	284	510
-119	215	510
-110	368	510
-99	536	509
-87	449	509
-77	933	509
-68	406	510
-59	717	510
-52	691	510
-45	680	511
-39	554	510
43	523	510
50	487	510
58	612	510
65	456	510
71	1023	510
75	351	510
82	327	510
93	263	510
107	117	510
127	149	510
145	1023	510
159	1023	510
167	1023	511
171	1023	511
169	1023	513
163	1023	513
151	1023	513
134	1023	513
117	343	513
104	0	512
91	1023	514
80	0	513
75	0	512
76	0	511
77	1023	511
80	0	511
89	0	510
98	1023	510
107	85	510
116	1023	511
120	1023	511
125	165	511
134	215	511
145	437	511
154	971	510
159	1023	512
158	1023	512
153	1023	512
142	1023	513
129	613	511
118	213	513
112	0	513
113	0	513
120	0	513
134	0	512
151	357	513
167	1023	513
177	1023	514
184	773	514
187	1023	514
185	1023	515
179	1023	516
167	1023	516
150	1023	517
128	1023	517
106	149	517
91	0	517
81	0	516
78	0	515
75	1023	515
73	0	514
78	0	514
89	0	513
99	1023	513
112	0	512
124	1023	512
130	1023	512
137	253	512
146	453	512
153	961	510
156	1023	513
153	1023	513
145	1023	514
133	1023	514
115	1023	514
92	1023	514
71	0	514
56	0	513
41	1023	512
-50	98	510
-60	199	510
-68	689	510
-76	367	510
-84	711	510
-92	380	510
-97	386	510
-100	390	509
-101	394	510
-102	589	510
-103	590	511
-104	589	511
-104	399	510
-103	601	510
-103	616	511
-103	608	511
-103	399	509
-101	605	511
-101	623	510
-99	397	509
-97	618	511
-94	394	510
-89	391	510
-82	386	511
-74	619	509
-66	372	510
-57	708	510
-50	686	510
-43	560	510
40	550	510
47	510	511
56	446	511
65	601	511
75	373	510
87	327	511
98	1023	510
109	97	510
126	151	509
145	405	510
163	997	510
176	1023	511
183	1023	512
188	716	512
189	1023	513
187	641	514
182	1023	515
172	1023	515
157	1023	516
137	1023	516
116	413	516
93	1023	517
71	0	516
56	0	515
40	1023	514
-50	0	513
-58	0	512
-59	0	511
-57	359	510
-52	362	510
-47	679	511
-43	670	510
-39	550	511
42	521	510
47	494	511
51	614	511
56	612	510
61	453	510
66	569	511
73	369	510
83	341	510
95	253	510
106	1023	510
118	127	510
133	305	511
150	471	511
165	1023	510
175	1023	512
180	1023	512
182	741	512
179	1023	513
172	1023	514
160	1023	514
143	1023	514
123	628	513
107	13	515
90	1023	515
75	0	514
66	0	514
57	1023	513
49	0	513
43	728	509
-39	456	509
-44	518	511
-49	550	511
-53	559	510
-57	558	509
-63	685	510
-67	365	510
-69	366	510
-71	716	510
-74	722	511
-80	725	510
-84	376	510
-89	668	510
-94	607	510
-100	579	511
-105	573	510
-111	552	510
-116	500	510
-120	453	510
-121	358	510
-121	313	511
-117	301	510
-111	418	510
-104	531	510
-96	433	509
-87	422	510
-78	878	510
-70	375	510
-60	369	510
-50	693	510
-40	561	511
47	535	511
58	447	510
70	456	510
80	1023	510
90	285	510
98	1023	510
108	85	511
116	1023	511
120	1023	510
124	165	511
132	192	511
143	381	510
153	1023	511
157	1023	511
156	1023	511
150	1023	512
139	1023	511
123	1023	512
102	1023	512
83	0	512
70	0	512
63	0	511
56	1023	511
51	0	510
49	444	511
48	444	511
48	612	510
47	612	511
46	614	510
46	448	510
46	448	510
47	616	510
48	614	510
49	445	510
52	445	510
54	611	510
58	450	511
62	593	510
66	464	509
68	1023	511
69	357	510
69	1023	511
67	353	510
64	1023	510
60	377	510
55	802	511
50	452	510
46	446	510
44	448	511
42	638	510
40	494	510
0	535	510
-39	509	511
-39	476	510
0	479	510
40	509	511
42	534	510
45	495	510
49	478	510
53	612	510
58	449	510
63	593	511
69	473	510
72	1023	510
74	343	510
75	1023	510
75	325	510
78	325	510
79	1023	510
79	293	510
83	293	510
90	252	510
102	135	510
112	1023	510
118	1023	510
118	1023	511
120	71	510
127	77	510
138	245	511
151	541	511
162	1023	512
167	1023	512
167	1023	512
163	1023	512
153	1023	513
138	1023	513
122	469	513
110	0	513
104	0	514
98	1023	514
93	0	512
89	1023	513
85	0	512
89	0	511
92	1023	511
96	0	510
100	1023	511
106	0	511
118	0	510
130	1023	511
141	357	511
150	1023	511
154	1023	512
153	1023	512
147	1023	512
137	994	511
125	453	513
110	1023	512
97	0	513
84	1023	512
73	0	511
67	0	512
69	0	511
69	1023	510
70	348	510
68	1023	511
66	357	510
61	1023	510
52	1023	509
41	448	510
-45	501	510
-54	553	511
-64	558	510
-71	366	510
-79	722	510
-86	375	510
-91	382	510
-94	386	510
-95	388	510
-96	594	510
-95	391	510
-94	604	510
-93	603	511
-91	389	509
-88	592	511
-84	385	510
-78	382	510
-72	682	510
-66	371	510
-59	708	510
-51	361	509
-40	208	511
49	534	510
61	611	511
75	460	510
90	327	511
103	1023	511
118	112	511
136	337	510
155	565	510
171	1023	510
183	845	511
193	719	512
200	1023	513
201	1023	514
199	737	515
194	1023	515
183	1023	517
170	657	517
153	1023	518
132	1023	518
110	256	518
87	1023	517
65	0	517
50	0	516
-40	666	516
-49	0	513
-53	0	512
-50	0	512
-41	0	511
47	543	510
60	445	511
74	457	510
90	333	511
104	1023	511
120	125	510
134	1023	511
143	1023	511
148	924	509
0	1023	510
0	0	510
0	502	511
0	509	510
0	509	510
0	510	511
0	510	510
0	510	511
0	510	510
0	510	510
0	510	510
0	510	510
0	510	510
0	509	510
0	510	510
0	510	511
0	510	510
0	510	510
0	510	511
0	510	510
0	511	510
0	510	511
0	510	510
0	510	510
0	510	510
0	510	510
0	510	510
0	510	510
0	510	510
0	510	510
0	510	511
0	510	510
0	510	511
0	510	510
0	510	510
0	510	510
0	510	510
0	510	511
0	509	510
0	510	511
0	510	511
0	510	510
0	510	511
0	510	510
0	510	511
0	510	510
0	510	511
0	510	510
0	510	511
0	510	510
0	510	510
0	510	511
0	510	510
0	510	511
0	510	510
0	510	510
0	510	511
0	510	510
0	509	510
0	510	511
0	510	510
0	510	510
0	510	510
0	510	511
0	510	510
0	510	510
0	510	510
0	510	511
0	509	511
0	510	510
0	510	510
0	510	511
0	510	510
0	510	510
0	511	511
0	510	511
0	509	510
0	510	510
0	510	510
0	510	510
0	510	510
0	510	511
0	510	510
0	510	510
0	510	510
0	510	510
0	510	510
0	510	510
0	510	510
0	510	510
0	510	510
0	510	510
0	510	510
0	510	510
0	510	511
0	510	510
0	510	510
0	510	511
0	510	510
0	509	510
0	510	510
0	510	510
0	510	510
0	510	510
0	510	510
0	510	510
0	510	511
0	510	510
0	510	510
0	510	510
0	510	510
0	510	510
0	510	511
0	510	511
0	510	510
0	510	510
0	510	511
0	510	511
0	510	510
0	510	510
0	510	510
0	510	510
0	510	511
0	510	511
0	510	510
0	510	510
0	510	510
0	510	510
0	510	510
0	510	510
0	510	509
0	510	510
0	509	510
0	510	510
0	511	510
0	510	511
0	510	510
0	510	510
0	510	510
0	510	510
0	510	510
0	510	510
0	510	510
0	510	511
0	510	511
0	510	510
0	510	510
0	510	510
0	510	511
0	510	510
0	510	510
0	510	510
0	510	510
0	510	510
0	510	510
0	510	511
0	510	510
0	510	510
0	510	510
0	510	510
0	510	510
0	510	509
0	510	510
0	510	510
0	510	510
0	510	510
0	510	511
0	510	511
0	510	510
0	510	510
0	510	511
0	510	510
0	510	510
0	510	511
0	510	511
0	510	511
0	511	510
0	510	510
0	510	510
0	509	510
0	510	510
0	510	510
0	510	510
0	510	511
0	510	510
0	510	510
0	510	511
0	511	510
0	509	510
0	510	510
0	510	510
0	510	510
0	510	510
0	510	510
0	510	510
0	510	510
0	510	510
0	510	510
0	510	510
0	510	511
0	510	510
0	510	511
0	510	510
0	510	510
0	510	510
0	510	510
0	510	511
0	508	510
0	510	511
0	510	511
0	510	510
0	510	510
0	510	511
0	510	510
0	510	510
0	510	510
0	510	511
0	510	511
0	510	511
0	510	511
0	510	511
0	510	510
0	510	510
0	510	510
0	508	510
0	510	510
0	510	510
0	510	511
0	510	510
0	510	510
0	510	510
0	510	510
0	510	511
0	509	510
0	510	510
0	510	510
0	510	510
0	510	510
0	510	510
0	510	510
0	510	511
0	510	511
0	510	510
0	510	510
0	510	510
0	510	510
0	510	510
0	510	510
0	510	510
0	510	510
0	510	510
0	510	510
0	510	510
0	510	510
0	510	510
0	510	511
0	510	510
0	510	511
0	509	511
0	510	510
0	510	510
0	510	510
0	510	511
0	510	510
0	510	511
0	510	511
0	510	510
0	510	511
0	510	510
0	510	510
0	510	511
0	510	510
0	510	511
0	510	511
0	510	511
0	510	511
0	510	511
0	510	510
0	510	510
0	510	511
0	509	510
0	510	511
0	510	510
0	510	511
0	510	511
0	510	510
0	510	511
0	510	511
0	510	510
0	510	511
0	510	510
0	510	510
0	510	510
0	510	510
0	510	510
0	510	510
0	509	511
0	510	511
0	510	510
0	510	510
0	510	509
0	510	510
0	511	511
0	510	510
0	510	511
0	510	510
0	510	510
0	510	510
0	510	511
0	510	510
0	510	510
0	510	509
0	510	510
0	510	510
0	510	510
0	509	510
0	510	510
0	510	510
0	510	510
0	510	510
0	509	510
0	510	510
0	510	510
0	510	510
0	510	510
0	510	510
0	510	510
0	510	510
0	510	511
0	510	510
0	510	511
0	510	510
0	510	511
0	510	510
0	510	511
0	510	510
0	509	510
0	509	510
0	510	510
0	510	510
0	510	511
0	510	510
0	510	511
0	509	510
0	510	510
0	510	510
0	510	510
0	510	510
0	510	510
0	510	510
0	510	510
0	510	510
0	510	510
0	510	510
0	510	510
0	510	510
0	511	510
0	510	510
0	510	510
0	510	511
0	510	511
0	510	511
0	510	510
0	510	511
0	510	510
0	511	510
0	509	510
0	510	511
0	510	511
0	510	510
0	510	510
0	510	510
0	510	510
0	510	511
0	510	511
0	510	511
0	510	510
0	510	510
0	510	510
0	510	510
0	510	511
0	510	511
0	510	510
0	510	511
0	510	510
0	510	510
0	510	510
0	510	511
0	510	511
0	510	510
0	510	510
0	510	510
0	510	510
0	510	511
0	510	511
0	510	511
0	510	510
0	510	510
0	512	510
0	510	510
0	510	511
0	510	510
0	510	510
0	510	511
0	510	509
0	510	510
0	510	510
0	510	509
0	510	510
0	510	511
0	510	510
0	510	509
0	510	510
0	508	510
0	510	510
0	510	510
0	510	510
0	510	511
0	510	511
0	510	511
0	510	510
0	510	510
0	510	510
0	510	510
0	510	511
0	510	511
0	510	509
0	510	510
0	510	510
0	510	510
0	510	511
0	509	511
0	510	510
0	510	510
0	510	511
0	510	511
0	509	510
0	510	510
0	510	510
0	510	511
0	510	511
0	510	511
0	510	510
0	510	510
0	510	510
0	509	510
0	510	511
0	510	511
0	510	510
0	510	511
0	510	510
0	510	510
0	510	510
0	510	511
0	510	511
0	510	510
0	510	510
0	510	510
0	510	510
0	510	510
0	510	510
0	511	510
0	509	510
0	510	510
0	510	510
0	510	510
0	509	511
0	510	511
0	510	511
0	510	510
0	509	510
0	510	510
0	510	510
0	510	510
0	510	510
0	510	510
0	511	510
0	510	510
0	510	511
0	510	510
0	510	510
0	510	510
0	510	511
0	510	510
0	510	510
0	510	510
0	510	510
0	511	511
0	510	510
0	510	510
0	510	510
0	510	511
0	510	510
0	510	510
0	510	510
0	510	510
0	510	511
0	510	510
0	510	510
0	510	510
0	510	510
0	510	510
0	510	510
0	510	511
0	510	510
0	510	510
0	510	511
0	510	511
0	510	511
0	510	510
0	510	511
0	510	511
0	510	510
0	510	511
0	510	511
0	510	510
0	510	510
0	510	510
0	510	510
0	510	511
0	510	510
0	510	510
0	510	510
0	511	511
0	510	510
0	510	511
0	510	510
0	510	510
0	510	510
0	510	510
0	509	511
0	510	511
0	510	510
0	510	511
0	510	510
0	510	510
0	510	511
0	510	510
0	510	511
0	510	510
0	510	510
0	509	510
0	510	510
0	510	510
0	510	510
0	510	510
0	510	510
0	510	510
0	510	510
0	510	510
0	510	511
0	510	510
0	510	510
0	510	510
0	510	511
0	510	510
0	510	510
0	510	511
0	510	511
0	510	510
0	509	511
0	510	510
0	510	511
0	510	510
0	510	510
0	510	511
0	510	510
0	510	510
0	510	510
0	510	510
0	510	511
0	510	510
0	510	510
0	510	510
0	510	511
0	510	510
0	510	510
0	510	511
0	510	510
0	510	510
0	510	510
0	510	510
0	510	511
0	510	511
0	510	510
0	510	511
0	510	510
0	510	510
0	510	510
0	510	510
0	510	510
0	510	510
0	510	510
0	510	510
0	510	511
0	510	510
0	510	510
0	510	511
0	510	511
0	510	510
0	510	510
0	510	510
0	510	510
0	510	510
0	510	510
0	512	510
0	510	510
0	510	510
0	509	510
0	510	510
0	510	510
0	510	510
0	510	510
0	510	511
0	510	511
0	510	511
0	510	511
0	510	510
0	510	510
0	510	511
0	510	510
0	510	510
0	510	510
0	510	510
0	510	511
0	510	510
0	510	510
0	510	510
0	510	509
0	510	510
0	510	511
0	510	510
0	510	511
0	510	511
0	510	510
0	510	510
0	510	511
0	510	510
0	510	510
0	510	511
0	510	510
0	510	510
0	510	510
0	510	510
0	510	511
0	510	510
0	510	510
0	510	510
0	510	510
0	510	510
0	510	509
0	510	510
0	510	511
0	510	510
0	510	510
0	510	510
0	510	511
0	510	510
0	510	510
0	510	511
0	509	511
0	510	511
0	510	511
0	510	510
0	509	511
0	510	509
0	510	510
0	510	511
0	510	510
0	510	510
0	510	511
0	510	511
0	510	510
0	509	510
0	510	510
0	510	510
0	510	510
0	510	511
0	510	511
0	510	510
0	510	510
0	510	511
0	510	510
0	510	511
0	510	510
0	510	510
0	510	510
0	510	510
0	510	511
0	510	511
0	511	510
0	510	510
0	510	510
0	510	510
0	510	510
0	510	510
0	510	510
0	510	510
0	510	511
0	510	510
0	510	510
0	510	510
0	510	510
0	510	510
0	510	510
0	510	510
0	510	511
0	510	511
0	510	511
0	510	509
0	510	511
0	510	510
0	510	511
0	510	510
0	510	510
0	510	511
0	508	511
0	510	510
0	510	510
0	510	511
0	510	511
0	510	511
0	510	511
0	510	511
0	510	511
0	510	510
0	510	511
0	510	510
0	510	511
0	510	510
0	510	510
0	510	511
0	510	510
0	511	511
0	510	510
0	510	510
0	510	510
0	510	510
0	510	510
0	510	511
0	510	510
0	510	510
0	510	511
0	510	510
0	510	511
0	510	511
0	510	510
0	510	510
0	510	510
0	510	511
0	510	511
0	509	510
0	510	510
0	510	510
0	510	511
0	510	510
0	510	511
0	510	510
0	510	511
0	510	510
0	510	510
0	510	511
0	510	510
0	510	510
0	510	511
0	509	511
0	510	510
0	510	510
0	510	510
0	510	510
0	510	510
0	510	510
0	510	510
0	510	511
0	510	511
0	510	510
0	510	510
0	510	510
0	510	510
0	510	510
0	510	511
0	510	510
0	510	510
0	510	510
0	510	510
0	510	510
0	510	510
0	510	511
0	509	510
0	510	511
0	510	510
0	510	510
0	510	510
0	510	510
0	511	510
0	510	510
0	510	510
0	510	510
0	510	510
0	510	510
0	510	510
0	510	511
0	510	510
0	510	510
0	510	510
0	510	510
0	510	510
0	510	511
0	510	510
0	510	510
0	510	510
0	509	511
0	510	510
0	510	511
0	510	511
0	510	510
0	510	510
0	510	511
0	510	510
0	510	510
0	510	511
0	510	511
0	509	510
0	510	510
0	510	510
0	510	510
0	510	510
0	510	510
0	510	510
0	510	510
0	510	510
0	510	511
0	510	510
0	510	510
0	510	510
0	510	511
0	510	510
0	510	510
0	510	511
0	510	511
0	510	510
0	510	510
0	509	510
0	510	511
0	509	510
0	510	510
0	510	510
0	510	510
0	510	510
0	510	510
0	508	510
0	510	510
0	510	510
0	511	510
0	510	510
0	510	510
0	510	510
0	510	510
0	510	510
0	510	511
0	510	510
0	510	510
0	510	510
0	510	510
0	510	510
0	510	510
0	510	510
0	510	510
0	510	510
0	510	510
0	510	509
0	510	510
0	510	510
0	510	510
0	510	510
0	510	510
0	510	510
0	510	510
0	510	510
0	510	511
0	510	511
0	510	511
0	510	510
0	510	510
0	510	510
0	510	511
0	510	510
0	509	511
0	510	511
0	510	510
0	510	511
0	510	510
0	510	511
0	510	510
0	510	511
0	510	511
0	510	510
0	510	511
0	510	511
0	510	510
0	510	510
0	510	510
0	510	511
0	510	510
0	509	511
0	510	510
0	510	510
0	510	510
0	510	510
0	510	510
0	510	510
0	510	511
0	510	510
0	510	510
0	510	510
0	510	510
0	510	510
0	510	510
0	510	510
0	510	510
0	510	511
0	510	510
0	510	511
0	510	511
0	510	510
0	510	510
0	510	510
0	510	510
0	510	510
0	511	510
0	510	510
0	510	510
0	510	510
0	510	510
0	510	510
0	510	510
0	510	510
0	510	511
0	510	511
0	510	510
0	510	511
0	510	511
0	510	510
0	510	510
0	510	510
0	510	510
0	510	511
0	510	511
0	510	510
0	509	510
0	510	510
0	510	511
0	510	510
0	510	510
0	510	511
0	510	510
0	510	510
0	510	510
0	510	510
0	510	510
0	510	510
0	510	510
0	510	510
0	510	510
0	510	510
0	510	510
0	510	510
0	510	510
0	510	510
0	510	511
0	510	511
0	509	511
0	510	510
0	510	511
0	510	510
0	510	510
0	510	510
0	510	510
0	510	510
0	510	510
0	509	511
0	510	510
0	510	510
0	510	510
0	510	510
0	510	510
0	510	511
0	510	510
0	510	510
0	510	510
0	510	510
0	510	510
0	510	510
0	510	510
0	510	510
0	510	511
0	510	510
0	510	511
0	510	510
0	510	510
0	510	510
0	510	511
0	510	510
0	510	510
0	509	511
0	510	510
0	510	510
0	510	510
0	510	511
0	510	510
0	510	510
0	509	510
0	510	510
0	510	511
0	510	510
0	511	510
0	510	510
0	510	510
0	510	510
0	510	511
0	510	510
0	510	510
0	510	510
0	510	510
0	510	510
0	511	510
0	510	510
0	510	510
0	510	510
0	510	510
0	510	510
0	510	510
0	510	510
0	510	510
0	510	510
0	511	510
0	510	510
0	510	510
0	510	510
0	510	510
0	510	509
0	510	510
0	510	510
0	510	510
0	510	510
0	510	510
0	511	510
0	510	510
0	510	510
0	510	511
0	510	511
0	509	511
0	509	510
0	510	510
0	510	510
0	510	510
0	510	511
0	510	511
0	510	510
0	510	510
0	510	510
0	510	510
0	510	511
0	510	510
0	509	511
0	510	510
0	510	511
0	510	510
0	510	510
0	510	511
0	510	510
0	510	511
0	510	511
0	510	510
0	510	510
0	510	510
0	510	511
0	510	511
0	510	510
0	510	511
0	510	511
0	510	510
0	510	510
0	510	510
0	510	510
0	510	510
0	510	510
0	510	510
0	510	511
0	510	510
0	510	510
0	510	510
0	510	510
0	510	511
0	510	510
0	510	511
0	510	511
0	510	510
0	510	510
0	510	511
0	510	510
0	510	510
0	510	510
0	510	511
0	510	510
0	509	510
0	510	510
0	510	510
0	510	510
0	510	510
0	512	510
0	510	510
0	510	510
0	510	510
0	510	510
0	510	510
0	510	510
0	510	510
0	510	510
0	510	510
0	510	510
0	510	510
0	510	511
0	509	510
0	510	510
0	510	510
0	510	510
0	510	510
0	510	510
0	510	510
0	510	510
0	510	510
0	510	510
0	510	510
0	510	510
0	511	510
0	510	509
0	510	510
0	510	510
0	510	510
0	510	510
0	510	510
0	510	511
0	510	510
0	510	510
0	510	510
0	510	511
0	510	510
0	510	511
0	510	511
0	510	510
0	510	510
0	510	510
0	510	510
0	510	510
0	510	510
0	510	511
0	509	511
0	510	511
0	510	510
0	510	510
0	510	510
0	510	510
0	510	510
0	510	511
0	510	510
0	511	510
0	510	511
0	510	510
0	510	510
0	510	510
0	510	510
0	510	511
0	510	510
0	510	510
0	510	511
0	510	510
0	510	511
0	510	510
0	510	510
0	510	510
0	510	510
0	510	510
0	510	510
0	510	510
0	510	510
0	510	510
0	510	511
0	510	510
0	510	510
0	510	510
0	510	510
0	510	510
0	510	510
0	510	510
0	510	510
0	510	511
0	510	510
0	510	510
0	510	510
0	510	510
0	510	510
0	510	511
0	510	511
0	510	510
0	510	510
0	510	510
0	510	510
0	510	510
0	510	510
0	510	510
0	509	510
0	510	510
0	510	510
0	510	510
0	510	510
0	510	510
0	510	510
0	509	510
0	510	511
0	510	510
0	510	510
0	510	510
0	510	511
0	510	510
0	509	510
0	510	510
0	510	509
0	510	511
0	510	511
0	510	510
0	510	510
0	510	511
0	510	510
0	510	510
0	510	510
0	510	510
0	510	511
0	510	511
0	510	510
0	510	510
0	510	510
0	510	510
0	510	510
0	510	510
0	510	510
0	510	510
0	510	510
0	510	510
0	510	510
0	509	510
0	510	511
0	510	511
0	510	511
0	510	510
0	510	510
0	510	510
0	510	511
0	510	511
0	510	511
0	510	511
0	509	510
0	510	511
0	510	510
0	510	510
0	510	511
0	510	510
0	510	510
0	510	510
0	510	510
0	510	511
0	510	510
0	510	510
0	510	511
0	510	510
0	510	510
0	510	510
0	510	510
0	510	511
0	511	510
0	510	511
0	510	510
0	510	510
0	510	510
0	511	510
0	510	510
0	510	511
0	510	511
0	510	510
0	510	510
0	510	510
0	509	511
0	510	510
0	510	510
0	510	510
0	510	511
0	510	510
0	510	510
0	510	510
0	510	511
0	509	511
0	510	510
0	511	510
0	510	510
0	510	510
0	510	510
0	510	510
0	509	510
0	510	510
0	510	511
0	510	510
0	510	510
0	510	511
0	510	510
0	510	510
0	510	510
0	509	510
0	510	510
0	510	510
0	510	511
0	510	510
0	510	510
0	510	510
0	510	510
0	510	510
0	510	511
0	510	511
0	510	510
0	510	510
0	510	510
0	510	511
0	510	510
0	510	510
0	510	510
0	510	510
0	510	510
0	510	509
0	510	510
0	510	510
0	510	510
0	510	510
0	510	509
0	510	510
0	510	510
0	510	510
0	510	510
0	510	510
0	510	510
0	510	510
0	510	510
0	510	510
0	510	510
0	510	511
0	510	510
0	510	510
0	510	510
0	510	510
0	510	511
0	510	510
0	510	511
0	510	510
0	510	510
0	510	510
0	510	511
0	510	510
0	510	510
0	510	511
0	510	511
0	510	511
0	509	510
0	510	511
0	510	510
0	510	510
0	510	511
0	510	510
0	510	510
0	510	510
0	510	511
0	510	510
0	510	510
0	510	510
0	510	510
0	509	511
0	510	511
0	510	511
0	510	511
0	509	510
0	510	510
0	510	510
0	510	511
0	510	510
0	510	510
0	510	510
0	510	510
0	510	511
0	510	511
0	510	510
0	510	510
0	510	510
0	510	510
0	510	511
0	510	510
0	510	510
0	510	509
0	510	510
0	509	511
0	510	510
0	510	510
0	510	510
0	510	510
0	510	510
0	510	510
0	510	510
0	510	511
0	509	510
0	510	511
0	510	510
0	510	511
0	510	510
0	508	510
0	510	510
0	510	510
0	510	510
0	510	511
0	510	510
0	510	509
0	510	510
0	510	510
0	510	511
0	510	510
0	510	510
0	510	510
0	510	510
0	510	510
0	510	510
0	510	510
0	510	510
0	510	510
0	510	510
0	510	510
0	510	511
0	510	511
0	510	510
0	510	510
0	510	511
0	510	510
0	510	510
0	510	510
0	510	510
0	510	510
0	510	510
0	508	510
0	510	510
0	510	511
0	510	511
0	510	510
0	510	510
0	510	510
0	509	511
0	510	510
0	510	512
0	510	511
0	510	511
0	510	511
0	510	510
0	510	510
0	510	510
0	510	511
0	510	511
0	510	510
0	511	510
0	510	510
0	510	510
0	510	511
0	510	511
0	510	511
0	510	510
0	510	511
0	510	510
0	510	510
0	510	510
0	510	510
0	509	510
0	510	511
0	510	510
0	510	511
0	510	510
0	510	510
0	510	510
0	510	510
0	510	510
0	510	510
0	510	509
0	510	511
0	509	510
0	511	510
0	510	511
0	510	510
0	510	510
0	510	510
0	510	511
0	510	510
0	510	510
0	510	510
0	510	510
0	510	510
0	510	510
0	510	510
0	510	510
0	510	511
0	511	511
0	510	510
0	510	511
0	510	511
0	510	511
0	510	510
0	509	510
0	511	510
0	510	510
0	510	510
0	509	511
0	510	510
0	510	510
0	510	510
0	511	511
0	509	510
0	510	509
0	510	510
0	510	510
0	510	510
0	510	510
0	510	510
0	510	511
0	510	510
0	510	510
0	510	510
0	510	510
0	510	511
0	510	511
0	510	511
0	510	510
0	510	511
0	510	510
0	510	510
0	510	511
0	510	511
0	510	510
0	510	511
0	510	510
0	510	510
0	511	510
0	510	510
0	510	510
0	510	510
0	510	510
0	510	510
0	510	510
0	510	511
0	510	510
0	510	511
0	510	510
0	509	510
0	510	510
0	510	511
0	510	511
0	510	510
0	510	510
0	510	510
0	510	509
0	510	510
0	510	510
0	510	509
0	511	510
0	510	511
0	510	511
0	510	510
0	510	510
0	510	511
0	509	510
0	510	511
0	510	510
0	510	511
0	510	511
0	510	510
0	510	511
0	510	511
0	510	511
0	510	510
0	509	510
0	510	510
0	510	511
0	510	510
0	510	510
0	509	511
0	510	511
0	510	511
0	510	510
0	510	511
0	510	511
0	510	510
0	510	510
0	510	510
0	510	511
0	510	510
0	510	510
0	510	510
0	510	510
0	510	510
0	510	511
0	510	510
0	510	510
0	510	511
0	510	510
0	510	510
0	510	510
0	510	509
0	510	510
0	510	511
0	509	510
0	510	510
0	510	511
0	510	511
0	510	510
0	510	510
0	510	510
0	510	510
0	510	511
0	510	510
0	510	510
0	510	510
0	510	510
0	510	511
0	510	511
0	510	511
0	510	510
0	510	511
0	510	510
0	510	511
0	510	510
0	510	510
0	509	510
0	510	511
0	510	510
0	510	510
0	510	510
0	511	510
0	510	511
0	510	510
0	510	511
0	510	510
0	510	510
0	510	510
0	510	511
0	510	510
0	510	510
0	510	510
0	510	509
0	510	510
0	510	511
0	510	510
0	510	511
0	510	511
0	510	510
0	510	511
0	510	510
0	510	510
0	510	510
0	510	510
0	510	510
0	510	511
0	510	511
0	510	510
0	510	510
0	510	511
0	510	511
0	510	510
0	510	510
0	510	510
0	510	511
0	510	510
0	510	511
0	510	510
0	510	510
0	510	511
0	510	510
0	510	510
0	510	510
0	510	510
0	510	510
0	510	511
0	509	510
0	510	511
0	510	510
0	510	510
0	509	510
0	510	510
0	510	510
0	510	510
0	510	510
0	510	510
0	510	511
0	510	510
0	510	510
0	511	511
0	510	510
0	510	511
0	510	510
0	510	510
0	510	511
0	510	511
0	510	510
0	510	510
0	510	510
0	509	511
0	510	510
0	510	511
0	510	511
0	510	511
0	510	511
0	510	510
0	510	510
0	509	510
0	509	511
0	510	510
0	510	510
0	510	511
0	510	510
0	510	510
0	510	510
0	510	510
0	510	510
0	510	510
0	510	510
0	510	511
