V2_mean	Isense_mean	dt	V2Ref_set
510	510	500	102
PWM	V2_read	Isense_read
0	510	510
0	510	511
0	510	511
0	510	510
0	510	510
0	510	510
0	510	511
0	510	510
0	510	510
0	510	510
0	510	510
0	509	511
0	509	510
0	510	511
0	510	510
0	510	510
0	510	511
0	510	510
0	510	511
0	510	510
0	510	511
0	510	510
0	510	510
0	509	510
0	510	510
0	510	511
0	510	510
0	510	510
0	510	510
0	510	511
0	510	510
0	510	511
0	510	511
0	510	510
0	510	510
0	510	511
0	510	510
0	510	510
0	510	510
0	510	511
0	510	510
0	510	510
0	510	511
0	510	510
0	510	510
0	510	510
0	510	510
0	510	511
0	510	510
0	510	510
0	510	511
0	510	510
0	510	510
0	510	511
0	510	510
0	510	511
0	510	511
0	510	510
0	510	511
0	510	510
0	510	510
0	510	510
0	510	510
0	510	510
0	510	511
0	510	510
0	512	511
0	510	510
0	510	510
0	510	510
0	510	510
0	510	511
0	510	510
0	510	511
0	510	510
0	510	510
0	510	510
0	510	510
0	510	511
0	510	510
0	510	510
0	510	510
0	510	510
0	510	511
0	510	510
0	510	510
0	510	510
0	510	511
0	510	511
0	510	510
0	510	511
0	510	510
0	510	510
0	510	510
0	510	511
0	510	511
0	510	510
0	511	510
0	510	511
0	509	511
0	510	510
0	510	510
0	510	510
0	510	511
0	510	510
0	510	510
0	511	511
0	510	510
0	510	510
0	510	510
0	510	510
0	510	510
0	510	510
0	510	510
0	510	510
0	510	510
0	510	510
0	510	510
0	510	510
0	510	510
0	510	510
0	510	511
0	510	510
0	510	510
0	510	510
0	510	510
0	510	510
0	510	510
0	510	510
0	510	510
0	510	511
0	510	510
0	510	510
0	510	510
0	510	510
0	510	510
0	510	510
0	510	511
0	510	510
0	510	510
0	510	510
0	510	511
0	510	511
0	510	510
0	510	511
0	510	511
0	510	511
0	510	510
0	510	511
0	510	510
0	509	510
0	510	510
0	510	510
0	509	511
0	510	511
0	510	510
0	510	511
0	510	510
0	510	511
0	510	511
0	510	510
0	510	511
0	510	510
0	510	510
0	510	510
0	510	510
0	510	510
0	510	510
0	510	510
0	510	510
0	510	510
0	510	510
0	509	510
0	511	511
0	510	510
0	510	510
0	510	511
0	510	511
0	510	510
0	510	510
0	510	511
0	510	510
0	510	511
0	510	510
0	510	511
0	510	510
0	510	510
0	510	510
0	510	510
0	510	511
0	510	510
0	509	510
0	510	511
0	510	510
0	510	510
0	510	511
0	510	511
0	510	511
0	509	511
0	511	510
42	510	510
46	517	511
48	540	510
49	594	510
48	643	509
46	670	510
43	677	511
42	652	511
42	612	510
44	569	510
47	528	511
46	623	514
48	567	513
51	546	510
51	598	511
50	644	511
48	667	511
47	643	514
46	625	511
48	568	511
46	678	514
50	505	511
52	541	511
54	585	511
45	848	514
43	661	511
45	555	511
50	474	510
54	507	510
56	579	511
47	848	511
44	686	511
46	575	511
50	486	511
55	496	511
45	864	516
47	576	510
51	497	511
55	516	511
45	867	516
46	583	510
49	552	513
54	471	511
46	819	517
49	540	511
53	513	511
46	787	515
49	529	510
53	507	511
47	786	514
50	539	510
42	811	515
49	430	510
56	436	510
47	858	513
47	599	510
50	523	510
54	521	511
46	831	514
48	565	510
45	695	515
51	425	511
57	473	511
49	818	514
48	649	511
46	671	515
50	493	510
44	775	515
51	415	510
57	463	511
49	818	516
48	645	510
49	584	511
52	535	511
55	535	511
46	874	515
46	584	511
49	549	513
55	455	511
58	539	512
57	629	511
54	693	511
53	635	514
51	673	510
51	623	510
53	561	511
46	792	514
51	466	511
58	433	511
51	814	513
52	568	511
46	780	514
52	456	511
47	744	516
54	426	511
47	808	514
52	479	511
57	481	512
58	573	512
52	776	514
54	570	515
54	612	511
45	842	511
49	520	511
56	432	511
59	507	512
65	456	508
75	348	511
83	406	511
90	435	510
89	649	511
95	435	511
103	422	510
109	438	522
116	459	511
122	437	510
127	490	518
140	266	509
147	456	512
154	435	511
161	435	558
167	456	508
175	419	500
181	455	510
188	451	510
195	448	511
201	468	508
208	455	509
214	454	512
221	458	508
255	456	511
255	458	511
255	460	508
255	463	503
255	470	512
255	461	512
255	463	509
255	466	505
255	449	532
255	465	511
255	466	508
255	469	502
255	467	511
255	468	510
255	471	506
255	414	616
255	470	511
255	471	508
255	473	502
255	471	510
255	473	509
255	476	504
255	440	511
255	474	510
255	476	507
255	471	507
255	476	510
255	477	508
255	480	502
255	477	511
255	478	510
255	482	505
255	440	593
255	479	511
255	481	507
255	482	501
255	480	510
255	481	508
255	485	504
255	233	511
255	482	510
255	484	506
255	474	518
255	483	510
255	485	507
255	487	502
255	485	510
255	485	508
255	487	504
255	395	524
255	486	510
255	487	506
255	484	504
255	486	511
255	488	508
255	490	503
255	487	511
255	488	509
255	490	504
255	410	583
255	488	510
255	490	506
255	489	503
255	489	510
255	491	507
255	493	502
255	489	510
255	490	509
255	493	504
255	423	611
255	491	509
255	492	507
255	491	502
255	491	510
255	492	508
255	495	502
255	491	510
255	492	508
255	494	504
255	426	606
255	492	509
255	494	506
255	493	503
255	493	510
255	494	507
255	496	501
255	493	510
255	494	508
255	496	504
255	493	510
255	494	509
255	496	506
255	493	503
255	494	510
255	495	507
255	498	501
255	494	510
255	495	508
255	497	503
255	352	520
255	495	509
255	497	505
255	490	508
255	496	509
255	496	507
255	499	501
255	496	510
255	497	507
255	499	503
255	287	511
255	496	509
255	498	505
255	480	529
255	496	510
255	498	505
255	499	501
255	496	510
255	497	507
255	499	502
255	496	510
255	497	508
255	499	503
255	459	583
255	497	509
255	498	506
255	498	502
255	497	510
255	497	507
255	500	500
255	497	509
255	498	508
255	500	503
255	418	556
255	497	509
255	500	505
255	494	505
255	498	509
255	499	506
255	501	501
255	498	509
255	499	507
255	501	501
255	498	509
255	498	507
255	500	505
255	483	528
255	498	509
255	500	505
255	491	511
255	498	509
255	499	507
255	501	501
255	497	510
255	499	508
255	501	503
255	148	510
255	499	508
255	500	504
255	470	562
255	499	509
255	500	505
255	484	524
255	499	509
255	500	506
255	492	511
255	498	510
255	500	507
255	502	500
255	498	510
255	499	508
255	503	502
255	498	509
255	499	508
255	501	504
255	515	513
255	499	509
255	501	505
255	485	527
255	499	508
255	500	506
255	493	509
255	499	509
255	500	505
255	497	504
255	499	510
255	500	507
255	502	501
255	499	510
255	500	508
255	502	501
255	499	509
255	500	508
255	502	505
255	487	521
255	499	509
255	500	506
255	495	508
255	499	509
255	500	506
255	503	500
255	499	509
255	500	508
255	503	503
255	499	510
255	500	508
255	502	503
255	454	516
255	500	507
255	502	502
255	400	542
255	499	508
255	501	505
255	502	499
255	499	509
255	501	505
255	499	503
255	499	509
255	500	507
255	503	500
255	499	510
255	500	507
255	503	501
255	499	509
255	500	509
255	502	504
255	499	509
255	499	508
255	502	504
255	440	611
255	499	509
255	500	506
255	499	502
255	501	509
255	501	506
255	502	500
255	499	510
255	500	508
255	503	503
255	471	519
255	500	508
255	502	503
255	376	539
255	499	509
255	501	505
255	496	506
255	499	509
255	501	506
255	499	502
255	499	509
255	500	508
255	502	501
255	499	510
255	500	507
255	503	502
255	499	510
255	500	508
255	502	503
255	497	510
255	500	508
255	502	504
255	454	599
255	499	508
255	501	506
255	500	501
255	500	510
255	501	506
255	502	500
255	499	509
255	501	507
255	503	500
255	499	509
255	500	508
255	503	502
255	500	510
255	501	508
255	503	502
255	226	510
255	500	509
255	502	505
255	501	501
255	499	509
255	500	507
255	490	516
255	499	509
255	504	507
255	503	499
255	500	509
255	500	507
255	504	501
255	499	510
255	500	508
255	502	503
255	422	509
255	500	508
255	502	503
255	337	522
255	500	508
255	501	504
255	492	511
255	499	509
255	501	505
255	496	504
255	500	509
255	501	506
255	503	500
255	500	509
255	500	507
255	503	501
255	499	510
255	500	508
255	502	504
255	499	509
255	500	508
255	502	503
255	432	605
255	500	509
255	501	506
255	498	503
255	500	508
255	501	506
255	501	500
255	499	509
255	500	506
255	502	500
255	499	510
255	504	506
255	503	500
255	499	510
255	500	507
255	500	501
255	500	509
255	501	505
255	423	529
255	500	509
255	501	505
255	431	608
255	500	509
255	502	504
255	464	579
255	500	509
255	501	504
255	337	518
255	500	508
255	502	503
255	408	579
255	500	509
255	501	506
255	158	510
255	500	508
255	502	504
255	478	545
255	500	508
255	502	504
255	427	550
255	500	509
255	501	505
255	496	507
255	499	509
255	501	504
255	469	569
255	500	508
255	502	504
255	500	510
255	501	507
255	499	502
255	500	509
255	502	504
255	338	522
255	500	507
255	502	503
255	495	511
255	500	507
255	503	501
255	499	509
255	501	506
255	490	517
255	500	509
255	502	504
255	288	510
255	500	508
255	504	501
255	500	509
255	501	507
255	495	508
255	500	509
255	502	504
255	269	510
255	500	508
255	503	500
255	499	509
255	501	505
255	461	586
255	500	508
255	502	503
255	499	510
255	500	508
255	503	501
255	499	510
255	501	506
255	503	500
255	499	510
255	500	507
255	503	500
255	500	509
255	501	505
255	448	610
255	500	509
255	503	503
255	500	510
255	500	507
255	503	500
255	500	509
255	501	506
255	469	571
255	500	509
255	502	503
255	500	510
255	500	508
255	499	503
255	499	508
255	501	506
255	484	529
255	500	509
255	503	502
255	499	509
255	500	508
255	502	501
255	499	509
255	501	505
255	421	511
255	500	509
255	502	504
255	459	601
255	500	508
255	503	501
255	499	509
255	500	507
255	498	504
255	500	509
255	502	505
255	479	542
255	500	508
255	503	502
255	499	510
255	501	507
255	503	500
255	499	510
255	500	507
255	489	518
255	500	509
255	502	505
255	449	606
255	500	508
255	503	501
255	499	510
255	504	506
255	497	505
255	500	509
255	502	504
255	406	550
255	500	509
255	502	504
255	499	510
255	500	507
255	503	501
255	500	509
255	501	507
255	490	517
255	500	509
255	501	505
255	449	609
255	500	507
255	503	501
255	500	510
255	504	507
255	503	499
255	499	510
255	501	506
255	470	569
255	500	508
255	501	506
255	486	524
255	500	508
255	502	504
255	495	510
255	500	508
255	503	502
255	499	509
255	500	508
255	502	502
255	403	524
255	500	509
255	501	505
255	436	600
255	500	509
255	501	507
255	503	500
255	499	510
255	500	508
255	503	503
255	500	509
255	500	508
255	501	505
255	482	536
255	500	509
255	501	506
255	502	500
255	500	509
255	499	508
255	504	501
255	490	509
255	500	509
-255	502	504
-255	496	516
-255	496	517
-255	497	515
-255	498	515
-255	499	514
-255	499	515
-255	500	514
-255	500	514
-255	501	514
-255	502	513
-255	502	512
-255	503	512
-255	503	512
-255	504	512
-255	504	512
-255	504	512
-255	505	511
-255	505	512
-255	506	511
-255	506	511
-255	507	511
-255	507	511
-255	507	511
-255	507	511
-255	508	510
-255	503	495
-255	508	510
-255	462	454
-255	507	500
-255	503	514
-255	502	518
-255	502	520
-255	504	519
-255	503	519
-255	503	520
-255	504	520
-255	507	517
-255	507	516
-255	508	517
-255	509	515
-255	509	515
-255	510	514
-255	510	514
-255	511	513
-255	510	514
-255	511	513
-255	512	512
-255	513	512
-255	513	512
-255	513	512
-255	513	511
-255	513	512
-255	513	512
-255	514	511
-255	514	510
-255	514	511
-255	514	510
-255	514	510
-255	514	510
-255	515	509
-255	515	510
-255	515	509
-255	513	482
-255	432	419
-255	501	485
-255	71	427
-255	583	444
-255	509	519
-255	509	519
-255	511	518
-255	511	519
-255	511	518
-255	512	516
-255	513	516
-255	514	515
-255	514	515
-255	513	516
-255	515	514
-255	515	514
-255	515	513
-255	516	513
-255	517	513
-255	516	512
-255	516	512
-255	516	513
-255	516	513
-255	517	510
-255	517	511
-255	517	510
-255	517	510
-255	517	510
-255	518	510
-255	518	510
-255	518	510
-255	518	510
-255	518	510
-255	518	509
-255	518	509
-255	518	510
-255	518	500
-255	116	428
-255	518	510
-255	518	487
-255	179	413
-255	488	477
-255	511	508
-255	511	517
-255	511	519
-255	511	513
-255	513	519
-255	513	519
-255	514	518
-255	515	516
-255	516	516
-255	516	515
-255	515	517
-255	516	516
-255	517	515
-255	518	513
-255	518	513
-255	518	512
-255	518	513
-255	520	512
-255	518	512
-255	518	511
-255	520	512
-255	518	513
-255	518	512
-255	518	512
-255	519	511
-255	519	511
-255	519	511
-255	519	511
-255	519	511
-255	519	511
-255	519	511
-255	519	510
-255	520	510
-255	519	509
-255	520	510
-255	520	510
-255	520	511
-255	520	510
-255	520	509
-255	511	500
-255	0	409
-255	509	462
-255	500	461
-255	454	426
-255	520	489
-255	512	511
-255	472	458
-255	506	503
-255	512	516
-255	513	518
-255	513	519
-255	513	518
-255	514	518
-255	513	519
-255	514	518
-255	514	517
-255	515	517
-255	517	516
-255	517	516
-255	518	516
-255	517	516
-255	517	515
-255	518	515
-255	518	514
-255	518	515
-255	518	515
-255	518	514
-255	518	514
-255	519	513
-255	519	513
-255	519	512
-255	518	514
-255	518	514
-255	517	513
-255	519	513
-255	519	513
-255	519	512
-255	519	512
-255	519	513
-255	519	513
-255	519	513
-255	519	513
-255	520	513
-255	519	512
-255	519	512
-255	519	512
-255	520	511
-255	520	511
-255	521	511
-255	520	511
-255	520	511
-255	520	510
-255	520	510
-255	520	510
-255	520	510
-255	520	510
-255	520	510
-255	521	510
-255	521	510
-255	521	510
-255	521	510
-255	521	505
-255	458	460
-255	439	425
-255	518	487
-255	512	511
-255	513	517
-255	515	500
-255	513	514
-255	513	518
-255	515	518
-255	516	517
-255	517	517
-255	515	516
-255	516	517
-255	517	517
-255	517	515
-255	519	513
-255	519	513
-255	519	512
-255	520	512
-255	519	513
-255	520	512
-255	520	512
-255	519	511
-255	520	511
-255	521	511
-255	520	511
-255	520	511
-255	520	511
-255	521	511
-255	521	510
-255	521	511
-255	521	510
-255	520	510
-255	521	510
-255	521	510
-255	519	488
-255	125	408
-255	521	501
-255	281	443
-255	425	439
-255	497	494
-255	512	512
-255	512	517
-255	514	519
-255	512	515
-255	512	519
-255	513	519
-255	514	518
-255	515	518
-255	515	518
-255	517	517
-255	515	518
-255	518	515
-255	518	516
-255	518	515
-255	518	515
-255	519	514
-255	519	514
-255	519	513
-255	519	513
-255	519	513
-255	520	513
-255	519	513
-255	520	513
-255	519	512
-255	520	512
-255	520	512
-255	520	512
-255	520	511
-255	519	512
-255	520	512
-255	520	512
-255	520	511
-255	520	510
-255	521	510
-255	521	510
-255	520	510
-255	520	510
-255	521	510
-255	521	510
-255	521	501
-255	250	440
-255	442	435
-255	499	491
-255	513	512
-255	513	518
-255	511	518
-255	513	516
-255	515	519
-255	514	519
-255	513	519
-208	515	518
-186	520	511
-164	519	512
-141	509	513
-119	507	518
-96	508	511
-73	498	511
-50	494	510
49	508	510
65	691	514
85	577	510
107	531	509
128	543	507
150	544	508
172	523	500
194	536	507
216	524	500
255	527	508
255	521	505
255	521	499
255	519	508
255	519	506
255	522	499
255	518	509
255	518	507
255	521	502
255	162	509
255	516	508
255	518	503
255	469	606
255	515	508
255	516	505
255	513	502
255	514	509
255	515	506
255	518	500
255	513	509
255	513	507
255	515	502
255	200	509
255	512	507
255	515	503
255	471	591
255	511	508
255	512	505
255	511	500
255	510	509
255	511	506
255	513	500
255	510	509
255	510	507
255	512	503
255	482	513
255	509	508
255	510	505
255	494	527
255	508	509
255	509	506
255	511	499
255	507	510
255	508	507
255	510	502
255	506	509
255	508	507
255	510	504
255	455	610
255	506	508
255	507	506
255	506	502
255	506	509
255	507	507
255	509	500
255	505	509
255	505	507
255	508	502
255	364	520
255	505	509
255	507	505
255	498	511
255	505	509
255	506	507
255	507	500
255	504	510
255	505	507
255	507	502
255	200	510
255	504	508
255	506	504
255	483	540
255	504	509
255	505	506
255	507	500
255	503	509
255	504	508
255	507	501
255	501	510
255	503	508
255	506	503
255	458	601
255	503	508
255	504	505
255	504	500
255	502	509
255	503	507
255	506	501
255	502	510
255	503	508
255	505	504
255	431	588
255	503	509
255	504	505
255	501	503
255	502	510
255	503	506
255	506	501
255	502	510
255	503	508
255	505	503
255	361	534
255	502	509
255	508	505
255	499	506
255	501	509
255	503	506
255	505	500
255	501	509
255	502	507
255	504	503
255	400	519
255	501	508
255	503	504
255	495	509
255	501	509
255	502	506
255	505	500
255	501	510
255	502	507
255	504	503
255	555	510
255	501	508
255	503	504
255	490	518
255	501	510
255	504	506
255	504	500
255	501	509
255	502	507
255	504	502
255	243	510
255	501	508
255	503	505
255	488	522
255	501	509
255	504	506
255	504	499
255	500	509
255	501	508
255	504	502
255	206	510
255	500	508
255	502	504
255	487	524
255	500	509
255	501	506
255	504	500
255	500	509
255	501	507
255	503	502
255	149	509
255	500	508
255	502	505
255	483	532
255	500	509
255	501	507
255	504	500
255	500	510
255	501	508
255	503	502
255	203	510
255	501	508
255	502	504
255	479	542
255	500	509
255	501	505
255	503	500
255	500	509
255	501	508
255	503	501
255	498	509
255	500	508
255	502	504
255	473	555
255	500	509
255	501	506
255	503	500
255	500	510
255	500	508
255	503	502
255	499	510
255	501	508
255	502	505
255	472	558
255	500	509
255	501	506
255	503	500
255	500	509
255	501	507
255	503	502
255	495	510
255	500	509
255	502	504
255	467	572
255	500	509
255	501	506
255	503	500
255	500	509
255	500	507
255	503	502
255	493	510
255	500	508
255	502	504
255	462	585
255	500	509
255	502	507
255	502	500
255	500	509
255	501	507
255	503	501
255	499	510
255	500	508
255	502	504
255	459	597
255	500	508
255	501	506
255	502	500
255	500	509
255	501	507
255	503	502
255	499	510
255	499	508
255	502	504
255	449	613
255	500	509
255	501	506
-255	502	501
-255	498	517
-255	496	516
-255	498	516
-255	500	515
-255	499	514
-255	499	514
-255	500	514
-255	500	513
-255	501	513
-255	502	513
-255	502	513
-255	503	512
-255	503	512
-255	504	512
-255	504	512
-255	504	512
-255	505	511
-255	505	512
-255	506	511
-255	506	511
-255	507	511
-255	507	511
-255	507	511
-255	508	510
-255	508	510
-255	507	498
-255	0	423
-255	578	444
-255	503	496
-255	502	514
-255	502	518
-255	503	520
-255	503	520
-255	504	519
-255	506	519
-255	506	518
-255	507	517
-255	508	517
-255	508	516
-255	509	515
-255	509	515
-255	510	514
-255	511	514
-255	511	513
-255	511	513
-255	511	513
-255	512	512
-255	512	512
-255	513	511
-255	513	512
-255	513	512
-255	514	512
-255	514	511
-255	514	510
-255	514	511
-255	515	510
-255	515	511
-255	515	510
-255	515	510
-255	515	510
-255	514	510
-255	515	502
-255	261	442
-255	451	438
-255	494	493
-255	507	512
-255	508	518
-255	509	519
-255	508	518
-255	510	518
-255	511	518
-255	512	518
-255	512	516
-255	513	516
-255	514	515
-255	514	515
-255	515	514
-255	514	514
-255	516	513
-255	516	513
-255	516	512
-255	516	512
-255	517	512
-255	517	512
-255	517	511
-255	517	511
-255	517	511
-255	518	512
-255	517	510
-255	518	510
-255	518	510
-255	518	510
-255	518	510
-255	518	509
-255	518	510
-255	518	510
-255	517	494
-255	240	412
-255	488	483
-255	508	511
-255	510	518
-255	512	519
-255	512	519
-255	512	519
-255	513	518
-255	514	517
-255	515	517
-255	515	516
-255	516	515
-255	515	515
-255	517	514
-255	517	514
-255	518	513
-255	518	513
-255	518	512
-255	518	512
-255	518	512
-255	518	511
-255	518	511
-255	519	510
-255	518	511
-255	518	511
-255	519	511
-255	519	510
-255	519	510
-255	519	510
-255	519	509
-255	519	510
-255	168	407
-255	511	518
-255	512	519
-255	513	519
-255	514	518
-255	514	517
-255	515	517
-255	516	516
-255	517	516
-255	518	515
-255	518	515
-255	518	514
-255	518	513
-255	518	514
-255	519	512
-255	519	513
-255	519	512
-255	519	512
-255	519	511
-255	519	512
-255	519	510
-255	520	511
-255	520	511
-255	520	510
-255	520	510
-255	520	510
-255	520	510
-255	520	510
-255	520	510
-255	520	510
-255	519	496
-255	0	412
-255	530	463
-255	509	504
-255	511	516
-255	512	519
-255	514	519
-255	514	518
-255	514	519
-255	515	517
-255	517	517
-255	517	517
-255	518	516
-255	518	515
-255	519	514
-255	518	514
-255	519	514
-255	520	513
-255	519	512
-255	520	513
-255	520	512
-255	520	511
-255	520	511
-255	520	511
-255	520	510
-255	520	510
-255	520	510
-255	521	509
-255	520	509
-255	519	496
-255	183	409
-255	482	481
-255	510	511
-255	512	518
-255	515	519
-255	513	520
-255	514	519
-197	515	518
-165	515	510
-133	496	516
-114	847	470
-82	516	512
-64	867	473
45	503	514
78	472	507
108	564	509
138	571	506
169	517	560
205	414	508
255	543	506
255	518	508
255	518	506
255	520	501
255	595	508
255	517	507
255	518	503
255	498	533
255	516	508
255	516	505
255	518	499
255	515	509
255	515	507
255	517	501
255	513	509
255	514	507
255	515	503
255	442	590
255	512	508
255	514	504
255	510	504
255	511	508
255	513	506
255	515	500
255	511	509
255	511	507
255	513	503
255	415	518
255	510	508
255	512	504
255	500	517
255	509	508
255	510	506
255	512	499
255	508	510
255	509	507
255	511	502
255	88	509
255	508	508
255	510	503
255	485	546
255	507	509
255	508	506
255	510	499
255	506	509
255	507	506
255	509	502
255	505	509
255	506	508
255	508	503
255	476	567
255	506	509
255	507	507
255	509	501
255	505	509
255	506	507
255	509	501
255	490	509
255	505	508
255	507	504
255	467	582
255	504	509
255	505	506
255	507	502
255	427	518
255	504	508
255	505	507
255	507	501
255	503	510
255	504	508
255	506	504
255	451	610
255	503	508
255	505	506
255	505	500
255	503	509
255	504	507
255	507	501
255	502	510
255	504	507
255	508	505
255	507	500
255	502	510
255	503	507
255	505	503
255	587	511
255	503	508
255	504	505
255	495	511
255	502	508
255	504	506
255	506	500
255	502	510
255	502	508
255	505	502
255	467	520
255	502	508
255	503	504
255	498	505
255	502	508
255	502	507
255	505	500
255	501	509
255	502	508
255	504	503
255	382	541
255	501	508
255	503	505
255	501	503
255	501	509
255	502	507
255	505	501
255	501	509
255	502	508
255	503	503
255	443	613
255	501	508
255	503	506
255	503	500
255	501	509
255	502	507
255	504	502
255	497	510
255	501	508
255	503	504
255	472	568
255	501	509
255	502	506
255	504	500
255	500	510
255	501	508
255	504	502
255	176	509
255	501	508
255	502	505
255	485	531
255	500	509
255	504	507
255	504	499
255	500	510
255	501	507
255	503	503
255	589	511
255	501	509
255	502	505
255	495	510
255	501	509
255	501	506
255	504	500
255	500	510
255	501	507
255	503	502
255	375	538
255	500	508
255	502	505
255	500	502
255	500	509
255	501	507
255	504	501
255	500	510
255	501	508
255	502	504
255	450	611
255	500	509
255	502	506
255	503	500
255	500	510
255	501	507
255	503	502
255	498	510
255	500	508
255	502	504
255	477	550
-255	499	509
-255	496	516
-255	497	516
-255	498	515
-255	499	514
-255	499	514
-255	504	514
-255	501	513
-255	501	513
-255	502	513
-255	502	512
-255	503	513
-255	503	513
-255	504	513
-255	504	512
-255	505	512
-255	505	511
-255	505	511
-255	506	511
-255	506	510
-255	507	511
-255	507	510
-255	507	510
-255	507	510
-255	507	499
-255	2	420
-255	478	451
-255	504	501
-255	502	515
-255	502	519
-255	504	520
-255	503	520
-255	504	519
-255	505	518
-255	505	517
-255	507	517
-255	508	516
-255	508	516
-255	509	515
-255	510	515
-255	510	514
-255	510	514
-255	511	513
-255	511	513
-255	512	513
-255	512	512
-255	512	512
-255	512	512
-255	513	511
-255	513	511
-255	513	511
-255	513	510
-255	514	511
-255	514	510
-255	514	510
-255	514	510
-255	514	510
-255	514	510
-255	515	501
-255	91	431
-255	510	451
-255	505	502
-255	508	516
-255	507	519
-255	509	519
-255	509	520
-255	510	518
-255	511	518
-255	512	517
-255	513	516
-255	514	516
-255	514	515
-255	514	514
-255	514	514
-255	515	513
-255	515	513
-255	514	513
-255	516	513
-255	516	512
-255	516	512
-255	517	511
-255	517	511
-255	517	511
-255	517	510
-255	517	510
-255	517	510
-255	517	510
-255	517	510
-255	518	510
-255	518	510
-255	518	510
-255	512	496
-255	163	408
-255	478	480
-255	508	511
-255	510	518
-255	512	520
-255	512	519
-255	512	519
-255	513	518
-255	515	517
-255	515	516
-255	516	515
-255	516	515
-255	516	514
-255	517	514
-255	517	513
-255	520	513
-255	517	512
-255	518	512
-255	518	512
-255	518	511
-255	518	511
-255	518	511
-255	519	511
-255	519	511
-255	519	510
-255	519	510
-255	519	510
-255	519	510
-255	519	510
-255	519	510
-255	519	509
-255	518	491
-255	363	418
-255	518	487
-255	511	512
-255	511	518
-255	513	519
-255	513	519
-255	514	518
-255	515	518
-255	515	517
-255	516	517
-255	517	515
-255	517	515
-255	518	514
-255	518	514
-255	518	513
-255	520	513
-255	519	513
-255	519	512
-255	519	511
-255	519	512
-255	519	511
-255	519	511
-255	519	510
-255	519	510
-255	520	510
-255	520	510
-255	520	509
-255	520	510
-255	520	510
-255	520	511
-255	520	510
-255	516	490
-219	153	409
-180	520	511
-141	503	510
-102	508	511
-63	503	502
53	502	514
90	559	510
127	567	507
164	555	549
202	518	554
255	527	498
255	518	508
255	519	506
255	520	502
255	423	517
255	517	506
255	518	504
255	508	512
255	516	507
255	516	505
255	519	499
255	514	509
255	515	507
255	517	502
255	249	509
255	514	508
255	515	504
255	495	533
255	512	508
255	513	506
255	515	499
255	511	509
255	512	507
255	514	501
255	330	510
255	511	508
255	512	503
255	487	549
255	510	508
255	511	505
255	512	499
255	509	509
255	509	506
255	512	501
255	507	509
255	509	508
255	510	503
255	484	552
255	508	509
255	509	506
255	511	500
255	507	509
255	508	506
255	511	502
255	78	509
255	507	508
255	508	504
255	491	528
255	506	509
255	507	505
255	510	500
255	506	510
255	506	507
255	509	502
255	546	510
255	506	508
255	507	505
255	499	511
255	505	509
255	505	507
255	508	500
255	504	510
255	504	507
255	507	502
255	364	528
255	504	508
255	506	505
255	503	502
255	503	509
255	504	507
255	507	501
255	503	509
255	504	508
255	506	503
255	452	612
255	503	509
255	505	505
255	505	500
255	505	509
255	504	507
255	506	501
255	502	510
255	503	508
255	505	504
255	483	539
255	503	509
255	504	506
255	506	500
255	502	509
255	503	507
255	505	502
255	620	508
255	502	509
255	504	505
255	497	508
255	502	509
255	503	506
255	505	501
255	502	510
255	502	508
255	504	504
255	419	585
255	502	509
255	503	506
255	503	500
255	501	509
255	502	507
255	505	502
255	501	509
255	502	507
255	503	503
255	473	560
255	502	508
255	503	506
255	505	500
255	501	509
255	502	506
255	505	502
255	419	511
255	501	509
255	503	505
255	495	510
255	501	509
255	502	507
255	505	501
255	500	509
255	501	508
255	504	503
255	405	584
255	501	509
255	502	505
255	502	501
255	500	509
255	501	507
255	504	501
255	494	509
255	499	508
255	503	504
255	477	548
255	501	509
255	502	506
255	504	500
255	500	510
255	501	507
-255	504	502
-255	497	517
-255	497	516
-255	498	515
-255	499	515
-255	500	515
-255	504	514
-255	501	514
-255	502	514
-255	501	513
-255	503	513
-255	503	512
-255	504	512
-255	504	511
-255	505	511
-255	505	511
-255	505	511
-255	505	512
-255	506	511
-255	506	511
-255	507	510
-255	507	511
-255	507	511
-255	508	511
-255	507	479
-255	402	417
-255	495	481
-255	500	511
-255	502	518
-255	502	520
-255	503	520
-255	504	520
-255	505	518
-255	506	518
-255	507	517
-255	507	517
-255	510	516
-255	509	516
-255	509	514
-255	510	515
-255	510	514
-255	511	513
-255	511	513
-255	511	513
-255	511	512
-255	512	512
-255	512	512
-255	512	511
-255	513	512
-255	513	511
-255	513	511
-255	513	510
-255	516	510
-255	514	510
-255	514	510
-255	514	509
-255	515	510
-255	515	500
-255	156	430
-255	534	449
-255	504	501
-255	507	516
-255	507	519
-255	509	520
-255	509	519
-255	511	518
-255	511	518
-255	512	517
-255	512	516
-255	514	516
-255	514	515
-255	514	514
-255	515	514
-255	517	513
-255	515	513
-255	516	513
-255	516	512
-255	516	512
-255	516	511
-255	515	511
-255	517	510
-255	517	511
-255	517	511
-255	517	510
-255	517	510
-255	518	510
-255	518	510
-255	518	509
-255	518	509
-255	518	500
-255	6	416
-255	516	463
-255	510	506
-255	510	517
-255	511	519
-255	511	519
-255	512	519
-255	513	518
-255	514	517
-255	515	516
-255	515	515
-255	516	515
-255	516	515
-255	517	514
-255	517	513
-255	520	513
-255	518	513
-255	517	512
-255	518	512
-255	518	511
-255	518	511
-255	518	511
-255	519	510
-255	518	511
-255	519	510
-255	519	510
-255	519	510
-255	519	509
-255	519	509
-255	520	510
-255	519	509
-255	490	461
-255	383	433
-255	504	496
-255	511	515
0	511	519
0	545	510
0	560	510
0	574	510
0	584	510
0	591	509
0	595	510
0	597	510
0	596	509
0	591	510
0	583	509
0	574	510
0	562	510
0	549	510
0	534	509
0	518	510
0	504	510
0	490	510
0	478	510
0	466	510
0	456	510
0	448	510
0	443	510
0	440	510
0	440	510
0	442	510
0	447	509
0	454	510
0	462	510
0	472	510
0	483	509
0	495	510
0	507	510
0	519	509
0	530	510
0	540	510
0	548	509
0	556	511
0	561	510
0	565	510
0	566	510
0	565	509
0	562	510
0	558	509
0	552	509
0	545	510
0	537	510
0	528	510
0	518	510
0	508	509
0	500	510
0	491	510
0	483	509
0	477	510
0	471	510
0	468	510
0	465	510
0	465	510
0	466	510
0	469	510
0	473	510
0	478	510
0	485	510
0	491	510
0	499	510
0	506	510
0	514	510
0	521	510
0	528	510
0	534	510
0	539	510
0	542	510
0	545	510
0	546	510
0	546	510
0	544	509
0	542	510
0	538	510
0	534	510
0	528	510
0	523	510
0	517	510
0	510	510
0	504	510
0	498	510
0	493	510
0	489	510
0	486	510
0	483	510
0	481	509
0	481	510
0	482	509
0	483	510
0	486	510
0	489	510
0	495	510
0	497	509
0	502	510
0	507	510
0	512	510
0	517	509
0	521	510
0	525	510
0	528	509
0	530	510
0	532	509
0	533	510
0	533	510
0	532	509
0	530	509
0	528	510
0	525	510
0	522	510
0	518	510
0	514	510
0	510	510
0	507	510
0	503	509
0	499	510
0	496	510
0	494	509
0	493	510
0	492	509
0	492	510
0	492	510
0	493	509
0	494	510
0	496	510
0	499	509
0	502	510
0	505	510
0	508	510
0	511	509
0	514	510
0	517	510
0	520	510
0	522	510
0	523	510
0	524	510
0	525	509
0	525	509
0	524	510
0	523	510
0	522	510
0	520	510
0	518	510
0	515	510
0	513	509
0	510	510
0	508	509
0	505	510
0	503	510
0	501	509
0	500	510
0	499	510
0	498	510
0	498	510
0	498	510
0	499	510
0	500	510
0	501	510
0	503	510
0	504	509
0	507	510
0	509	510
0	511	510
0	513	509
0	514	510
0	516	510
0	517	510
0	518	510
0	519	510
0	519	510
0	519	510
0	519	510
0	518	509
0	517	509
0	515	509
0	515	510
0	513	509
0	512	510
0	510	510
0	508	510
0	507	510
0	505	510
0	504	509
0	504	510
0	503	510
0	503	510
0	502	510
0	503	510
0	503	509
0	504	510
0	504	510
0	505	510
0	507	510
0	508	511
0	509	509
0	511	509
0	512	510
0	513	510
0	514	509
0	515	510
0	515	509
0	516	510
0	516	510
0	516	510
0	516	510
0	516	510
0	515	510
0	514	510
0	513	510
0	512	510
0	511	510
0	510	510
0	509	509
0	508	510
0	507	510
0	506	510
0	506	510
0	505	510
0	505	510
0	505	510
0	505	510
0	505	509
0	506	510
0	506	510
0	507	510
0	508	509
0	509	510
0	509	509
0	510	510
0	511	510
0	512	510
0	513	510
0	513	509
0	512	510
0	513	510
0	514	509
0	514	510
0	514	509
0	513	509
0	512	510
0	512	510
0	512	510
0	511	509
0	510	509
0	509	509
0	509	510
0	509	510
0	508	509
0	507	510
0	507	510
0	507	510
0	507	509
0	507	510
0	507	510
0	507	510
0	507	510
0	508	510
0	508	510
0	509	510
0	509	510
0	510	510
0	510	510
0	511	510
0	511	510
0	512	509
0	512	510
0	513	510
0	512	510
0	513	510
0	513	509
0	512	510
0	512	510
0	512	510
0	511	510
0	511	509
0	510	509
0	510	510
0	510	510
0	508	510
0	509	510
0	508	510
0	508	510
0	508	510
0	508	510
0	508	510
0	508	510
0	508	509
0	508	510
0	508	510
0	509	510
0	509	510
0	509	509
0	510	510
0	510	510
0	510	509
0	511	510
0	511	510
0	511	510
0	512	509
0	511	510
0	511	510
0	512	510
0	512	510
0	511	509
0	511	510
0	511	510
0	510	510
0	510	510
0	510	509
0	510	510
0	510	510
0	510	511
0	509	510
0	509	510
0	508	509
0	508	510
0	508	511
0	508	510
0	509	510
0	508	510
0	509	509
0	509	509
0	509	510
0	509	510
0	510	510
0	510	509
0	510	510
0	510	510
0	511	510
0	511	510
0	511	510
0	509	510
0	511	510
0	511	510
0	511	510
0	512	509
0	511	509
0	511	510
0	511	510
0	511	510
0	510	510
0	510	510
0	510	510
0	510	509
0	509	510
0	509	510
0	509	509
0	509	509
0	509	510
0	508	510
0	509	510
0	509	510
0	509	510
0	509	510
0	509	510
0	509	510
0	509	510
0	510	510
0	510	510
0	510	510
0	510	510
0	510	509
0	510	510
0	511	509
0	511	509
0	511	510
0	510	510
0	510	510
0	511	509
0	510	510
0	511	510
0	511	510
0	510	510
0	510	509
0	511	510
0	510	509
0	509	510
0	509	510
0	509	510
0	509	510
0	509	509
0	509	510
0	509	510
0	509	510
0	509	509
0	509	510
0	509	510
0	509	510
0	509	509
0	509	510
0	510	509
0	510	510
0	510	510
0	510	510
0	510	510
0	510	510
0	510	510
0	510	510
0	511	510
0	510	510
0	510	510
0	509	511
0	510	509
0	510	509
0	510	509
0	510	510
0	510	510
0	510	510
0	509	509
0	510	510
0	510	509
0	510	509
0	510	510
0	510	511
0	510	510
0	509	510
0	509	511
0	509	510
0	509	509
0	509	510
0	509	509
0	510	510
0	510	509
0	510	509
0	510	510
0	510	510
0	511	510
0	510	510
0	510	509
0	510	510
0	510	510
0	511	510
0	510	510
0	510	510
0	510	510
0	510	510
0	511	510
0	510	510
0	510	509
0	510	510
0	510	509
0	510	510
0	510	509
0	510	509
0	510	509
0	510	510
0	510	510
0	510	510
0	510	510
0	510	510
0	510	509
0	510	510
0	509	510
0	510	510
0	509	510
0	510	509
0	510	510
0	510	511
0	510	510
0	510	510
0	510	510
0	510	510
0	510	509
0	510	510
0	510	510
0	510	510
0	510	510
0	510	510
0	510	510
0	510	510
0	510	510
0	510	510
0	510	510
0	510	510
0	510	509
0	510	510
0	510	510
0	510	510
0	510	510
0	510	510
0	510	509
0	511	509
0	510	509
0	509	509
0	510	510
0	510	510
0	509	510
0	509	510
0	510	510
0	510	510
0	510	509
0	510	510
0	510	510
0	510	509
0	510	510
0	510	509
0	510	510
0	510	510
0	510	510
0	510	510
0	510	509
0	510	510
0	510	509
0	510	510
0	510	510
0	510	510
0	510	510
0	510	509
0	510	510
0	510	510
0	509	510
0	510	510
0	510	510
0	510	510
0	510	510
0	509	509
0	510	511
0	510	510
0	510	510
0	510	510
0	510	510
0	509	510
0	510	510
0	510	510
0	510	509
0	510	510
0	510	509
0	510	510
0	510	509
0	510	510
0	510	510
0	510	510
0	510	510
0	510	510
0	510	510
0	510	510
0	510	510
0	510	509
0	510	510
0	510	509
0	510	509
0	510	509
0	510	509
0	510	510
0	510	510
0	510	509
0	510	510
0	510	510
0	510	510
0	510	510
0	510	510
0	510	510
0	510	510
0	510	509
0	510	509
0	510	510
0	510	509
0	510	510
0	510	510
0	510	510
0	511	510
0	510	510
0	510	510
0	510	510
0	510	510
0	510	510
0	510	509
0	510	510
0	510	510
0	510	510
0	510	510
0	510	510
0	510	510
0	510	510
0	510	510
0	510	509
0	510	510
0	508	509
0	510	509
0	510	509
0	510	509
0	510	510
0	510	510
0	510	510
0	510	510
0	510	510
0	509	510
0	510	509
0	509	510
0	510	509
0	510	510
0	510	510
0	510	510
0	510	511
0	510	510
0	510	509
0	510	510
0	510	510
0	510	510
0	509	510
0	510	510
0	510	509
0	510	509
0	510	510
0	510	510
0	510	510
0	510	510
0	510	510
0	510	509
0	510	510
0	510	510
0	510	509
0	510	510
0	510	510
0	510	509
0	510	510
0	510	510
0	510	510
0	510	510
0	510	510
0	510	510
0	510	510
0	510	510
0	510	510
0	510	510
0	510	510
0	510	510
0	510	510
0	510	510
0	510	510
0	510	510
0	510	510
0	510	510
0	509	510
0	510	510
0	510	510
0	510	510
0	510	510
0	510	509
0	510	510
0	510	510
0	510	510
0	510	510
0	510	509
0	510	510
0	510	510
0	510	509
0	509	510
0	510	510
0	510	509
0	510	510
0	510	510
0	510	510
0	510	510
0	510	510
0	509	509
0	510	510
0	510	510
0	510	510
0	509	510
0	510	509
0	510	510
0	510	509
0	510	510
0	510	510
0	510	510
0	510	510
0	510	509
0	510	510
0	510	510
0	510	510
0	510	509
0	510	510
0	510	510
0	510	510
0	510	510
0	510	510
0	510	509
0	510	510
0	510	510
0	510	510
0	510	510
0	510	509
0	511	510
0	510	511
0	510	509
0	510	510
0	510	510
0	510	509
0	510	509
0	510	510
0	510	510
0	510	509
0	510	510
0	510	510
0	510	510
0	510	510
0	510	510
0	510	510
0	510	510
0	510	510
0	510	509
0	510	509
0	510	510
0	510	510
0	510	510
0	510	510
0	510	509
0	510	510
0	510	509
0	510	509
0	510	510
0	510	510
0	509	510
0	510	510
0	510	510
0	510	510
0	510	510
0	510	511
0	509	510
0	510	510
0	510	510
0	509	510
0	510	510
0	510	509
0	510	510
0	510	509
0	510	510
0	510	510
0	510	510
0	510	509
0	509	510
0	510	509
0	509	510
0	510	509
0	510	510
0	510	510
0	510	510
0	509	510
0	510	510
0	510	510
0	510	510
0	510	510
0	510	511
0	510	510
0	509	509
0	510	510
0	510	510
0	510	510
0	510	510
0	510	510
0	510	510
0	510	510
0	510	509
0	510	510
0	510	510
0	510	509
0	510	509
0	510	510
0	510	510
0	510	510
0	510	509
0	509	510
0	509	510
0	510	510
0	509	510
0	510	510
0	510	510
0	510	510
0	510	510
0	510	510
0	510	510
0	510	510
0	510	509
0	510	509
0	510	510
0	510	510
0	510	510
0	510	510
0	510	509
0	510	510
0	510	510
0	510	510
0	510	510
0	510	509
0	510	510
0	510	509
0	510	509
0	510	510
0	509	509
0	510	510
0	510	509
0	510	510
0	510	510
0	510	510
0	510	510
0	510	510
0	510	509
0	510	510
0	510	510
0	510	510
0	510	510
0	510	510
0	510	509
0	510	510
0	510	510
0	510	509
0	510	510
0	510	510
0	510	511
0	510	510
0	510	510
0	510	510
0	510	510
0	510	510
0	510	510
0	510	510
0	510	510
0	510	510
0	510	510
0	510	510
0	510	510
0	510	509
0	510	510
0	510	509
0	510	509
0	510	510
0	509	510
0	510	510
0	510	510
0	510	510
0	510	509
0	510	510
0	510	510
0	510	509
0	510	509
0	510	510
0	510	510
0	510	510
0	510	511
0	510	510
0	510	510
0	510	510
0	510	509
0	510	510
0	510	510
0	510	510
0	510	509
0	510	510
0	510	510
0	510	510
0	510	510
0	510	510
0	510	510
0	510	510
0	510	510
0	510	510
0	510	510
0	510	510
0	510	510
0	510	511
0	510	510
0	510	510
0	510	510
0	510	510
0	510	510
0	510	510
0	510	510
0	510	511
0	510	510
0	510	510
0	509	510
0	510	510
0	510	509
0	510	510
0	510	510
0	509	510
0	510	511
0	511	510
0	510	510
0	510	510
0	510	510
0	510	509
0	510	510
0	510	509
0	510	510
0	509	510
0	509	509
0	510	509
0	510	510
0	510	509
0	510	510
0	509	510
0	511	509
0	510	510
0	510	510
0	510	510
0	510	509
0	510	510
0	510	510
0	510	510
0	510	510
0	510	510
0	510	510
0	510	509
0	510	509
0	510	510
0	510	509
0	510	509
0	510	510
0	510	509
0	510	509
0	510	509
0	509	510
0	510	510
0	510	510
0	510	510
0	510	510
0	510	510
0	510	510
0	510	510
0	510	510
0	510	509
0	509	511
0	510	510
0	511	510
0	510	509
0	510	510
0	510	510
0	510	510
0	510	510
0	510	509
0	510	510
0	510	510
0	510	510
0	510	510
0	510	510
0	510	510
0	511	510
0	510	510
0	510	510
0	510	510
0	510	510
0	510	510
0	510	510
0	510	510
0	510	510
0	510	510
0	510	510
0	510	510
0	510	509
0	509	509
0	510	510
0	510	510
0	510	510
0	510	510
0	510	510
0	510	510
0	510	510
0	510	510
0	510	510
0	510	510
0	510	510
0	510	509
0	510	510
0	510	510
0	510	510
0	510	510
0	510	509
0	510	510
0	510	509
0	510	509
0	510	510
0	510	510
0	510	510
0	510	509
0	510	510
0	510	510
0	510	510
0	510	510
0	509	509
0	510	510
0	510	510
0	509	509
0	510	510
0	510	510
0	510	510
0	510	509
0	510	510
0	509	510
0	510	510
0	510	510
0	510	510
0	510	510
0	510	510
0	510	509
0	510	509
0	510	510
0	510	510
0	510	510
0	510	509
0	510	509
0	510	510
0	510	510
0	510	510
0	510	510
0	510	510
0	509	510
0	510	509
0	510	509
0	510	510
0	510	510
0	510	510
0	510	510
0	510	510
0	510	510
0	510	510
0	510	510
0	510	509
0	510	509
0	510	509
0	508	510
0	510	509
0	510	510
0	509	510
0	510	510
0	510	510
0	510	509
0	510	509
0	510	510
0	510	510
0	510	510
0	510	510
0	510	510
0	510	510
0	511	510
0	510	509
0	510	510
0	510	509
0	510	510
0	510	510
0	510	510
0	510	510
0	510	510
0	510	510
0	510	510
0	510	510
0	510	510
0	510	510
0	510	510
0	510	510
0	510	509
0	510	510
0	510	510
0	510	509
0	510	510
0	509	509
0	510	510
0	510	511
0	510	509
0	510	510
0	510	510
0	510	510
0	510	510
0	510	509
0	510	510
0	510	509
0	510	510
0	510	510
0	510	510
0	510	510
0	510	510
0	510	510
0	510	510
0	510	510
0	510	509
0	510	510
0	510	509
0	510	510
0	508	510
0	510	510
0	510	510
0	510	510
0	510	510
0	510	510
0	510	510
0	510	509
0	510	509
0	510	510
0	510	510
0	510	510
0	510	510
0	509	510
0	510	510
0	510	510
0	510	510
0	509	509
0	510	510
0	510	510
0	509	510
0	510	511
0	510	510
0	510	510
0	510	510
0	510	510
0	511	509
0	510	510
0	510	510
0	510	510
0	510	509
0	510	510
0	510	510
0	510	511
0	510	510
0	510	511
0	510	510
0	510	510
0	510	509
0	510	510
0	510	510
0	510	510
0	510	510
0	510	510
0	510	510
0	509	510
0	509	510
0	510	510
0	510	509
0	510	510
0	509	510
0	510	510
0	510	510
0	510	510
0	510	510
0	510	510
0	510	510
0	510	510
0	510	509
0	510	509
0	510	510
0	510	510
0	509	510
0	510	510
0	510	510
0	510	510
0	510	510
0	510	509
0	510	510
0	510	510
0	509	510
0	510	510
0	510	510
0	510	510
0	510	510
0	510	510
0	510	510
0	510	510
0	510	509
0	510	510
0	509	510
0	510	510
0	510	510
0	510	510
0	510	510
0	510	510
0	510	509
0	510	509
0	510	510
0	510	510
0	510	511
0	510	510
0	510	509
0	510	510
0	510	510
0	510	510
0	510	510
0	509	510
0	510	510
0	510	510
0	510	509
0	510	511
0	510	510
0	510	510
0	510	511
0	510	510
0	510	510
0	510	510
0	510	510
0	510	509
0	510	509
0	510	509
0	510	510
0	510	509
0	510	510
0	510	509
0	509	510
0	510	510
0	510	510
0	510	510
0	510	509
0	510	510
0	510	509
0	510	509
0	510	509
0	511	509
0	510	510
0	510	510
0	510	510
0	510	510
0	510	510
0	510	510
0	510	509
0	510	510
0	509	510
0	510	510
0	510	510
0	510	510
0	510	510
0	510	510
0	510	510
0	510	510
0	510	509
0	510	510
0	509	510
0	510	509
0	510	510
0	510	510
0	510	510
0	510	510
0	510	509
0	510	510
0	510	510
0	510	509
0	510	510
0	510	509
0	510	510
0	510	509
0	510	510
0	510	510
0	510	509
0	510	510
0	510	510
0	510	510
0	510	510
0	510	510
0	510	510
0	510	510
0	510	509
0	510	509
0	510	510
0	512	510
0	510	510
0	509	510
0	508	511
0	510	510
0	510	510
0	510	510
0	510	510
0	510	510
0	509	510
0	510	509
0	510	510
0	510	509
0	510	509
0	509	510
0	510	510
0	509	510
0	510	510
0	509	510
0	510	509
0	510	510
0	510	509
0	510	510
0	510	510
0	510	510
0	511	510
0	510	510
0	510	509
0	510	509
0	510	509
0	510	510
0	510	510
0	510	510
0	510	510
0	510	510
0	510	510
0	510	510
0	510	510
0	510	510
0	510	510
0	510	510
0	510	510
0	509	510
0	510	510
0	510	510
0	510	510
0	510	510
0	510	510
0	509	509
0	510	510
0	510	510
0	510	509
0	510	509
0	510	510
0	510	510
0	510	510
0	510	510
0	510	510
0	510	510
0	510	509
0	510	511
0	510	511
0	510	509
0	510	510
0	510	510
0	510	510
0	510	510
0	510	510
0	510	510
0	510	510
0	510	510
0	510	510
0	510	511
0	510	510
0	510	510
