V2_mean	Isense_mean	dt	V2Ref_set
510	510	500	102
PWM	V2_read	Isense_read
0	511	510
0	510	510
0	510	510
0	509	511
0	510	510
0	510	511
0	510	510
0	510	510
0	510	510
0	509	511
0	510	511
0	510	510
0	510	511
0	509	510
0	510	509
0	509	511
0	510	511
0	510	510
0	510	511
0	509	511
0	510	510
0	510	510
0	510	511
0	510	509
0	511	511
0	510	510
0	510	510
0	510	511
0	510	510
0	510	511
0	510	510
0	510	511
0	510	511
0	510	511
0	510	510
0	510	511
0	510	510
0	510	510
0	510	511
0	510	511
0	510	511
0	510	510
0	510	510
0	509	510
0	509	511
0	509	510
0	510	510
0	509	511
0	510	510
0	509	511
0	510	510
0	509	510
0	510	510
0	510	511
0	510	510
0	510	510
0	510	510
0	510	510
0	511	510
0	510	510
0	510	510
0	510	511
0	510	511
0	510	511
0	511	510
0	510	510
0	510	510
0	510	510
0	510	510
0	509	511
0	510	510
0	509	511
0	510	510
0	509	510
0	510	510
0	509	511
0	510	511
0	509	510
0	510	510
0	509	510
0	510	511
0	509	510
0	510	510
0	509	511
0	510	511
0	510	511
0	510	511
0	510	510
0	510	510
0	510	511
0	510	511
0	510	511
0	510	510
0	510	512
0	511	511
0	510	510
0	510	510
0	510	511
0	510	511
0	510	510
0	510	511
0	510	511
0	510	510
0	510	510
0	510	510
0	510	510
0	510	511
0	509	510
0	510	510
0	510	511
0	510	510
0	509	511
0	510	511
0	509	510
0	510	510
0	509	511
0	510	510
0	509	510
0	510	510
0	509	511
0	510	510
0	510	510
0	510	510
0	510	511
0	510	510
0	510	510
0	510	511
0	510	510
0	510	511
0	510	510
0	511	510
0	510	511
0	510	510
0	510	510
0	511	511
0	510	510
0	510	511
0	510	510
0	510	511
0	510	510
0	510	510
0	509	511
0	510	510
0	509	510
0	510	510
0	510	511
0	510	510
0	509	510
0	510	511
0	509	510
0	510	510
0	509	510
0	510	510
0	510	510
0	510	510
0	510	511
0	510	511
0	510	510
0	511	511
0	510	510
0	510	511
0	510	511
0	510	511
0	510	510
0	510	510
0	510	511
0	510	510
0	510	511
0	511	511
0	510	510
0	510	510
0	510	511
0	510	511
0	510	510
0	510	511
0	510	510
0	510	510
0	509	510
0	509	510
0	509	511
0	510	511
0	509	511
0	510	510
0	509	510
0	510	510
0	509	510
0	510	510
0	510	510
0	510	510
0	510	510
0	510	511
0	510	510
0	510	510
0	510	511
0	510	510
0	510	510
0	510	510
0	510	511
0	511	510
0	510	510
53	510	511
68	521	511
83	524	510
100	511	511
115	535	511
125	573	511
131	602	511
135	622	511
135	637	512
138	627	511
133	670	512
137	612	511
136	644	512
140	610	512
140	631	513
141	626	512
136	670	512
139	607	512
143	607	513
135	681	513
141	587	513
138	647	513
140	609	513
145	595	514
136	686	513
144	565	514
138	668	514
145	571	514
138	673	514
143	585	515
147	593	515
138	684	515
147	557	515
139	677	514
148	558	515
140	680	515
148	559	515
140	676	515
145	582	516
150	581	515
140	686	516
151	546	516
141	688	516
150	548	517
142	675	516
152	549	516
142	685	516
147	584	517
153	573	516
143	685	516
153	545	517
144	680	517
146	598	517
155	555	517
145	685	517
147	604	517
155	556	518
146	678	517
156	547	518
147	678	518
157	549	518
148	678	518
147	620	518
148	606	518
147	615	518
149	603	518
158	549	518
150	672	518
148	627	518
149	606	518
149	614	518
149	612	518
160	539	518
153	668	519
160	562	519
154	664	518
161	563	519
155	661	519
162	565	519
156	658	519
163	566	520
157	655	519
153	641	520
153	616	520
152	615	520
164	530	519
159	650	520
166	571	521
160	654	520
167	572	520
161	654	521
159	632	521
157	626	521
156	616	521
156	611	521
157	609	521
157	613	521
168	537	521
163	647	521
170	573	522
163	659	522
170	568	523
165	654	522
170	576	522
166	649	522
171	577	522
166	652	523
166	614	523
173	569	522
166	659	523
167	607	523
174	568	524
168	661	524
174	572	524
168	654	524
175	567	524
169	657	523
175	570	524
170	651	524
176	574	524
170	654	524
177	568	525
171	656	525
177	574	524
172	651	524
178	576	525
172	654	526
178	571	524
173	648	526
179	574	525
174	651	526
179	578	526
175	646	526
179	581	526
175	641	526
181	575	527
176	652	526
181	580	527
176	646	527
178	602	528
181	589	527
178	638	527
178	611	527
183	580	527
179	647	528
183	586	528
179	641	528
184	580	529
180	644	528
180	608	529
185	580	529
181	644	529
185	585	529
182	639	529
185	589	530
183	633	529
186	592	530
183	636	529
187	587	530
183	639	530
188	581	530
184	642	530
188	585	531
185	636	530
189	588	531
184	645	531
190	573	531
185	653	531
190	577	532
185	648	531
191	570	532
186	651	531
189	595	532
190	603	532
187	635	533
193	573	532
187	658	532
193	568	533
191	636	532
188	630	533
195	568	533
187	668	533
192	575	534
193	608	534
190	636	534
194	585	535
190	642	533
193	598	535
193	607	534
192	621	534
196	591	535
191	651	535
196	577	535
191	645	535
195	588	535
195	614	536
193	627	535
198	581	536
192	651	535
197	583	536
195	624	536
195	612	537
198	595	537
195	636	537
196	603	537
199	598	536
195	637	537
200	580	537
197	639	538
199	599	537
197	625	538
200	593	538
198	628	538
199	608	538
200	605	538
200	619	538
200	608	539
200	614	538
202	603	539
201	623	539
202	606	539
201	617	539
203	600	539
204	611	540
203	623	539
204	606	540
203	617	540
206	600	540
204	623	541
206	602	539
206	618	541
206	609	540
207	612	541
207	610	540
208	613	541
208	611	541
208	613	542
210	605	541
209	617	542
211	606	542
211	617	542
211	611	542
212	611	542
212	609	543
213	610	543
214	608	543
215	613	543
215	613	543
215	612	543
217	607	543
217	614	543
218	610	544
218	611	543
220	607	544
221	608	544
222	606	544
255	605	545
255	604	545
255	602	545
255	600	545
255	598	545
255	595	545
255	593	545
255	591	545
255	589	545
255	587	544
255	585	546
255	583	546
255	582	546
255	579	546
255	578	545
255	576	546
255	574	546
255	573	546
255	571	546
255	569	546
255	568	546
255	566	546
255	565	546
255	563	547
255	562	547
255	560	547
255	559	546
255	557	546
255	557	547
255	554	547
255	554	547
255	552	547
255	552	547
255	550	547
255	550	547
255	548	547
255	547	547
255	545	547
255	545	547
255	544	548
255	544	548
255	543	548
255	542	547
255	541	548
255	540	548
255	539	548
255	539	548
255	538	548
255	538	548
255	537	548
255	537	548
255	535	547
255	535	548
255	534	548
255	534	548
255	533	548
255	533	548
255	532	548
255	532	548
255	530	548
255	531	548
255	529	547
255	530	548
255	529	548
255	529	548
255	528	548
255	528	549
255	527	548
255	527	548
255	526	548
255	527	548
255	525	548
255	526	549
255	525	548
255	525	548
255	524	548
255	524	548
255	523	548
255	524	549
255	522	548
255	523	549
255	522	549
255	522	548
255	521	548
255	522	548
255	521	548
255	521	548
255	520	548
255	520	548
255	520	548
255	519	549
255	518	549
255	519	549
255	518	548
255	518	549
255	518	549
255	518	548
255	517	549
255	518	548
255	517	549
255	517	549
255	517	548
255	517	548
255	516	549
255	517	549
255	516	548
255	516	549
255	515	549
255	516	549
255	516	548
255	516	549
255	515	548
255	515	549
255	515	548
255	515	549
255	514	549
255	514	549
255	514	548
255	514	549
255	513	549
255	513	549
255	513	549
255	513	548
255	513	549
255	513	549
255	513	549
-255	513	549
-255	0	547
-255	0	546
-255	0	544
-255	0	543
-255	0	540
-255	0	538
-255	0	537
-255	0	536
-255	0	534
-255	0	533
-255	0	531
-255	0	530
-255	0	528
-255	0	528
-255	0	525
-255	0	524
-255	0	523
-255	0	522
-255	0	521
-255	0	519
-255	0	519
-255	0	517
-255	0	516
-255	0	515
136	0	515
255	550	514
255	1023	515
255	1023	515
255	1023	517
255	1023	518
255	1023	518
255	1023	519
255	1023	519
255	1023	520
255	1023	521
255	1023	522
255	1023	522
255	1015	523
255	1002	523
255	992	524
255	979	525
255	969	525
255	957	525
255	947	527
255	936	527
255	927	528
255	916	528
255	907	528
255	896	529
255	888	529
255	879	529
255	870	530
255	861	531
255	853	532
255	844	532
255	837	533
255	828	533
255	821	533
255	813	533
255	806	534
255	799	534
255	792	534
255	785	535
255	779	536
255	771	536
255	766	536
255	759	536
255	754	536
255	747	537
255	742	537
255	736	538
255	731	538
255	725	538
255	721	539
255	715	539
255	711	539
-255	705	539
-255	0	538
-255	0	536
-255	0	534
-255	0	534
-255	0	531
-255	0	529
-255	0	528
-255	0	527
-255	0	526
-255	0	525
-255	0	523
-255	0	523
-255	0	521
-255	0	520
-255	0	519
-255	0	518
-255	0	516
-255	0	516
-255	0	515
-255	0	513
-255	0	513
-255	0	512
-126	0	510
219	385	510
255	1023	511
255	1023	512
255	1023	512
255	1023	513
255	1023	514
255	1023	515
255	1023	515
255	1023	517
255	1023	518
255	1023	518
255	1023	520
255	1023	520
255	1023	521
255	1023	521
255	1023	522
255	1018	522
255	1007	523
255	994	524
255	984	524
255	971	525
255	961	526
255	950	526
255	940	527
255	929	527
255	920	527
255	910	528
255	900	529
255	890	529
255	882	530
255	873	530
255	865	531
255	856	531
255	848	532
255	839	532
255	832	533
255	824	534
255	817	534
255	809	534
255	802	533
255	794	534
255	788	534
255	781	535
255	775	535
255	768	536
255	762	536
255	755	536
255	750	537
255	743	537
255	738	537
255	732	537
255	727	538
255	721	538
255	717	539
-255	711	539
-255	0	537
-255	0	536
-255	0	534
-255	0	533
-255	0	531
-255	0	530
-255	0	528
-255	0	527
-255	0	526
-255	0	525
-255	0	524
-255	0	522
-255	0	521
-255	0	520
-255	0	519
-255	0	518
-255	0	516
-255	0	515
-255	0	514
-255	0	513
-255	0	512
-255	0	511
-255	0	510
77	0	509
255	1023	511
255	1023	511
255	1023	511
255	1023	512
255	1023	513
255	1023	514
255	1023	516
255	1023	516
255	1023	517
255	1023	518
255	1023	518
255	1023	519
255	1023	520
255	1023	521
255	1023	522
255	1023	522
255	1018	522
255	1006	523
255	994	524
255	982	525
255	972	525
255	960	526
255	950	527
255	939	526
255	928	528
255	918	527
255	909	529
255	899	529
255	890	529
255	880	529
255	873	530
255	864	531
255	855	531
255	846	532
255	839	532
255	830	532
255	823	532
255	815	533
255	808	533
255	800	534
255	794	535
255	787	535
255	781	535
255	773	536
255	768	536
255	761	536
255	756	536
255	749	536
255	744	536
255	737	537
255	732	538
255	726	538
255	722	538
255	716	538
255	711	539
255	706	539
255	702	539
255	696	539
255	692	540
-255	687	540
-255	0	538
-255	0	537
-255	0	535
-255	0	534
-255	0	533
-255	0	531
-255	0	529
-255	0	528
-255	0	527
-255	0	525
-255	0	524
-255	0	523
-255	0	522
-255	0	521
-255	0	520
-255	0	518
-255	0	517
-255	0	516
-255	0	514
-255	0	514
-255	0	512
-255	0	512
-255	0	511
-255	0	510
56	0	510
221	1023	510
255	1023	511
255	1023	512
255	1023	513
255	1023	514
255	1023	514
255	1023	515
255	1023	516
255	1023	517
255	1023	517
255	1023	518
255	1023	519
255	1023	520
255	1023	520
255	1023	521
255	1023	522
255	1018	522
255	1007	523
255	994	524
255	984	525
255	972	525
255	961	526
255	950	526
255	941	526
255	930	527
255	920	527
255	910	528
255	901	528
255	891	530
255	882	530
255	873	530
255	865	531
255	856	531
255	848	532
255	839	532
255	832	533
255	824	533
255	816	533
255	808	534
255	802	534
255	794	535
255	788	534
255	780	535
255	775	536
255	768	536
255	762	536
255	756	536
255	750	536
255	744	536
255	739	537
255	733	538
255	728	538
255	722	538
255	717	538
255	712	538
255	707	539
255	702	539
255	698	539
255	693	540
255	689	540
255	683	540
255	680	541
255	675	540
255	672	540
255	667	541
-255	663	541
-255	0	540
-255	0	538
-255	0	537
-255	0	536
-255	0	533
-255	0	532
-255	0	531
-255	0	529
-255	0	527
-255	0	527
-255	0	525
-255	0	524
-255	0	523
-255	0	522
-255	0	520
-255	0	519
-255	0	518
-255	0	517
-255	0	516
-255	0	515
-255	0	514
-255	0	512
-255	0	512
-255	0	511
-255	0	509
91	0	509
255	1023	510
255	1023	510
255	1023	511
255	1023	512
255	1023	513
255	1023	514
255	1023	515
255	1023	516
255	1023	516
255	1023	517
255	1023	518
255	1023	519
255	1023	520
255	1023	520
255	1023	521
255	1023	522
255	1022	522
255	1010	523
255	998	523
255	987	524
255	976	525
255	966	525
255	954	526
255	944	526
255	933	527
255	923	528
255	913	529
255	904	528
255	894	528
255	885	529
255	876	529
255	867	530
255	858	531
255	851	531
255	841	531
255	834	532
255	826	532
255	818	532
255	811	534
255	804	534
255	797	534
255	790	534
255	783	535
255	777	534
255	770	535
255	764	535
255	758	536
255	752	537
255	745	536
255	741	538
255	734	538
255	729	538
255	723	537
255	719	538
255	713	538
255	709	539
255	704	539
255	699	539
255	694	540
255	690	539
255	685	540
255	681	540
255	676	540
255	673	541
255	668	541
255	664	541
255	660	541
255	657	542
255	653	542
255	650	542
-255	645	542
-255	0	540
-255	0	539
-255	0	537
-255	0	535
-255	0	534
-255	0	533
-255	0	532
-255	0	530
-255	0	529
-255	0	527
-255	0	526
-255	0	524
-255	0	523
-255	0	522
-255	0	521
-255	0	520
-255	0	518
-255	0	517
-255	0	517
-255	0	516
-255	0	514
-255	0	513
-255	0	512
-255	0	512
-255	0	510
-180	0	510
201	0	509
255	1023	510
255	1023	511
255	1023	511
255	1023	512
255	1023	514
255	1023	514
255	1023	514
255	1023	515
255	1023	517
255	1023	518
255	1023	518
255	1023	519
255	1023	520
255	1023	520
255	1023	520
255	1023	521
255	1023	522
255	1014	523
255	1002	524
255	991	524
255	979	525
255	969	525
255	957	526
255	947	526
255	936	527
255	926	527
255	915	528
255	906	528
255	896	529
255	888	529
255	878	529
255	870	530
255	860	531
255	853	531
255	844	531
255	837	533
255	828	532
255	822	532
255	814	533
255	807	534
255	799	534
255	793	534
255	785	535
255	779	535
255	772	537
255	766	536
255	760	537
255	754	536
255	747	536
255	742	537
255	736	537
255	731	537
255	725	538
255	721	538
255	715	538
255	711	539
255	705	538
255	701	539
255	695	540
255	691	539
255	686	541
255	682	540
255	677	540
255	674	541
255	669	541
255	666	541
255	661	542
255	658	541
255	654	541
255	651	541
255	647	541
255	644	542
-255	641	542
-255	0	541
-255	0	540
-255	0	538
-255	0	536
-255	0	534
-255	0	533
-255	0	532
-255	0	530
-255	0	528
-255	0	528
-255	0	526
-255	0	525
-255	0	523
-255	0	522
-255	0	521
-255	0	520
-255	0	518
-255	0	517
-255	0	517
-255	0	516
-255	0	514
-255	0	513
-255	0	512
-255	0	511
-255	0	510
-218	0	510
160	0	508
255	1023	509
255	1023	511
255	1023	512
255	1023	512
255	1023	512
255	1023	514
255	1023	515
255	1023	515
255	1023	516
255	1023	516
255	1023	518
255	1023	519
255	1023	519
255	1023	520
255	1023	521
255	1023	522
255	1023	522
255	1016	523
255	1004	522
255	992	524
255	980	525
255	970	525
255	958	526
255	948	527
255	937	527
255	927	527
255	916	528
255	908	529
255	898	529
255	889	529
255	880	530
255	872	531
255	862	531
255	855	531
255	846	531
255	838	532
255	830	533
255	823	533
255	815	533
255	808	534
255	799	534
255	793	534
255	786	534
255	780	535
255	773	535
255	767	536
255	760	536
255	755	536
255	748	537
255	743	537
255	737	538
255	731	537
255	725	537
255	721	538
255	715	539
255	710	539
255	705	539
255	701	539
255	696	539
255	692	540
255	687	540
255	683	539
255	678	540
255	675	540
255	670	541
255	667	541
255	662	541
255	658	541
255	654	542
255	651	542
255	647	542
255	644	542
255	640	542
255	637	542
255	634	543
255	631	543
255	627	543
-255	625	543
-255	0	542
-255	0	540
-255	0	538
-255	0	536
-255	0	536
-255	0	534
-255	0	532
-255	0	530
-255	0	529
-255	0	528
-255	0	527
-255	0	525
-255	0	524
-255	0	523
-255	0	521
-255	0	521
-255	0	519
-255	0	518
-255	0	517
-255	0	516
-255	0	515
-255	0	514
-255	0	512
-255	0	511
-255	0	511
-255	0	510
-78	0	509
186	776	509
255	1023	510
255	1023	511
255	1023	512
255	1023	513
255	1023	513
255	1023	514
255	1023	516
255	1023	517
255	1023	517
255	1023	518
255	1023	519
255	1023	519
255	1023	520
255	1023	520
255	1023	521
255	1023	521
255	1016	522
255	1005	523
255	993	524
255	983	525
255	970	525
255	960	526
255	949	527
255	939	527
255	928	527
255	919	528
255	908	527
255	899	529
255	890	529
255	881	529
255	872	530
255	864	531
255	855	531
255	847	531
255	838	531
255	830	532
255	822	533
255	815	533
255	807	533
255	800	534
255	793	534
255	786	535
255	779	535
255	773	535
255	767	535
255	761	536
255	754	537
255	750	537
255	743	536
255	737	538
255	732	537
255	726	538
255	720	538
255	716	538
255	710	539
255	706	539
255	701	539
255	697	540
255	691	540
255	687	540
255	682	540
255	679	540
255	674	540
255	670	540
255	666	540
255	662	541
255	658	541
255	655	541
255	650	542
255	647	542
255	643	542
255	640	543
255	636	542
255	634	542
255	630	543
255	628	543
255	625	542
255	622	543
255	619	543
255	617	543
255	614	543
255	612	543
-255	608	544
-255	0	542
-255	0	541
-255	0	539
-255	0	537
-255	0	536
-255	0	535
-255	0	532
-255	0	531
-255	0	530
-255	0	529
-255	0	527
-255	0	526
-255	0	524
-255	0	524
-255	0	522
-255	0	520
-255	0	520
-255	0	518
-255	0	518
-255	0	517
-255	0	516
-255	0	514
-255	0	513
-255	0	512
-255	0	511
-255	0	511
-152	0	510
180	300	509
255	1023	510
255	1023	511
255	1023	511
255	1023	513
255	1023	513
255	1023	514
255	1023	515
255	1023	515
255	1023	516
255	1023	517
255	1023	518
255	1023	519
255	1023	520
255	1023	520
255	1023	521
255	1023	522
255	1020	522
255	1008	523
255	997	523
255	984	524
255	974	525
255	962	525
255	952	527
255	941	527
255	932	527
255	921	527
255	912	528
255	902	529
255	893	529
255	884	529
255	875	530
255	866	530
255	858	531
255	849	531
255	841	532
255	833	532
255	826	533
255	817	534
255	811	533
255	802	534
255	796	534
255	789	534
255	782	534
255	775	536
255	770	535
255	762	536
255	757	536
255	750	536
255	745	536
255	738	537
255	733	537
255	727	538
255	723	538
255	717	539
255	713	538
255	707	539
255	703	539
255	698	539
255	694	539
255	689	540
255	685	540
255	680	540
255	676	540
255	671	541
255	668	541
255	663	541
255	660	541
255	655	541
255	652	541
255	648	542
255	645	542
255	641	542
255	638	542
255	635	542
255	632	542
255	628	543
255	626	543
255	622	543
255	619	542
255	616	543
255	614	543
-255	611	543
-255	0	543
-255	0	540
-255	0	538
-255	0	537
-255	0	536
-255	0	534
-255	0	532
-255	0	531
-255	0	530
-255	0	528
-255	0	527
-255	0	526
-255	0	524
-255	0	524
-255	0	522
-255	0	521
-255	0	520
-255	0	518
-255	0	518
-255	0	517
-255	0	516
-255	0	514
-255	0	513
-255	0	512
-255	0	512
-255	0	511
-141	0	510
183	353	509
255	1023	509
255	1023	510
255	1023	512
255	1023	512
255	1023	514
255	1023	514
255	1023	515
255	1023	517
255	1023	517
255	1023	517
255	1023	518
255	1023	520
255	1023	520
255	1023	520
255	1023	521
255	1023	522
255	1021	522
255	1008	523
255	997	524
255	985	524
255	974	525
255	963	525
255	953	526
255	941	527
255	932	527
