V2_mean	Isense_mean	dt	V2Ref_set
509	509	500	205
PWM	V2_read	Isense_read
0	510	510
0	510	510
0	510	510
0	510	510
0	510	510
0	510	510
0	509	510
0	510	509
0	510	510
0	510	510
0	510	510
0	510	510
0	510	510
0	510	509
0	510	510
0	510	509
0	509	509
0	510	510
0	510	510
0	510	510
0	510	510
0	510	510
0	510	509
0	512	510
0	509	509
0	510	509
0	510	511
0	510	509
0	511	510
0	510	510
0	510	510
0	510	510
0	510	510
0	510	510
0	510	510
0	510	510
0	510	511
0	510	510
0	510	510
0	510	510
0	510	510
0	510	510
0	510	510
0	510	509
0	510	509
0	510	509
0	510	510
0	510	510
0	509	510
0	509	510
0	510	510
0	510	509
0	510	510
0	510	509
0	510	509
0	510	510
0	510	509
0	510	509
0	510	510
0	510	510
0	510	509
0	510	510
0	510	510
0	510	509
0	510	510
0	510	510
0	510	510
0	510	510
0	510	510
0	510	510
0	510	510
0	510	510
0	510	510
0	510	509
0	510	509
0	510	510
0	510	509
0	510	510
0	510	509
0	510	510
0	510	509
0	510	510
0	510	510
0	510	510
0	510	510
0	510	510
0	510	510
0	510	510
0	510	510
0	510	510
0	510	511
0	510	510
0	510	510
0	510	509
0	510	510
0	510	509
0	510	510
0	510	510
0	510	510
0	510	510
0	510	510
0	510	510
0	510	510
0	510	509
0	510	510
0	509	510
0	510	510
0	510	511
0	510	509
0	510	510
0	510	510
0	510	510
0	510	510
0	510	510
0	510	510
0	509	510
0	510	510
0	510	509
0	510	509
0	510	510
0	510	510
0	510	510
0	510	509
0	510	509
0	510	509
0	510	510
0	510	509
0	510	508
0	510	510
0	510	510
0	510	510
0	510	510
0	510	510
0	510	510
0	510	510
0	510	510
0	510	509
0	509	510
0	510	510
0	510	509
0	510	510
0	510	510
0	510	509
0	510	509
0	510	509
0	509	509
0	510	509
0	510	510
0	510	510
0	510	509
0	510	510
0	510	509
0	510	510
0	510	509
0	510	510
0	510	510
0	510	510
0	510	510
0	510	509
0	510	510
0	510	510
0	510	509
0	510	510
0	510	510
0	511	510
0	510	510
0	510	510
0	510	510
0	510	510
0	510	510
0	510	510
0	510	510
0	510	510
0	510	510
0	510	510
0	509	510
0	510	510
0	509	509
0	510	510
0	510	510
0	510	510
0	510	510
0	510	509
0	510	510
0	510	510
0	510	509
0	510	510
0	510	510
0	509	510
0	510	510
0	510	510
0	510	510
0	510	510
0	510	510
0	510	510
0	510	510
0	510	510
0	510	510
0	510	510
0	510	510
46	510	510
51	571	511
55	621	511
55	719	511
51	825	511
44	895	511
-39	888	510
-41	766	510
0	644	510
45	541	509
53	499	512
51	776	516
50	739	516
54	596	510
58	613	511
57	762	513
56	741	511
55	740	513
54	756	511
54	715	510
56	669	511
51	840	511
57	563	514
61	589	512
71	477	508
82	407	515
95	383	512
106	433	510
116	451	509
127	450	510
137	454	509
148	444	509
160	429	514
174	350	615
186	439	509
198	433	510
210	429	511
221	440	505
255	435	511
255	438	511
255	441	507
255	394	608
255	441	513
255	444	509
255	447	504
255	131	513
255	447	511
255	447	509
255	452	502
255	450	512
255	451	511
255	454	508
255	449	510
255	454	513
255	456	510
255	459	505
255	384	571
255	458	511
255	459	509
255	464	503
255	460	512
255	462	511
255	464	507
255	460	508
255	464	511
255	466	509
255	469	504
255	353	523
255	467	511
255	469	508
255	472	502
255	469	511
255	470	510
255	474	505
255	453	535
255	472	511
255	473	508
255	477	502
255	476	511
255	474	510
255	476	506
255	475	504
255	476	511
255	477	509
255	480	504
255	388	530
255	478	510
255	479	507
255	481	501
255	479	511
255	480	509
255	482	505
255	434	599
255	481	510
255	488	508
255	485	501
255	482	510
255	483	509
255	485	506
255	462	542
255	484	510
255	485	507
255	487	501
255	484	511
255	485	509
255	487	505
255	473	522
255	486	510
255	487	508
255	490	500
255	487	510
255	488	508
255	491	504
255	488	510
255	488	509
255	490	505
255	482	511
255	488	510
255	490	508
255	493	502
255	489	510
255	490	509
255	492	504
255	484	511
255	490	509
255	491	507
255	494	502
255	491	510
255	491	508
255	493	505
255	485	513
255	491	509
255	493	508
255	495	502
255	492	510
255	493	508
255	495	503
255	405	551
255	493	509
255	495	505
255	483	518
255	494	510
255	494	507
255	497	502
255	493	510
255	495	508
255	497	503
255	399	519
255	495	509
255	496	507
255	498	500
255	494	510
255	496	508
255	499	502
255	281	510
255	495	509
255	497	505
255	494	503
255	495	509
255	496	507
255	499	500
255	495	510
255	496	508
255	499	501
255	496	510
255	496	509
255	498	505
255	490	510
255	496	509
255	497	507
255	499	500
255	496	510
255	497	508
255	499	503
255	333	525
255	498	509
255	498	506
255	474	544
255	497	509
255	498	507
255	500	500
255	497	510
255	498	507
255	500	502
255	74	510
255	497	509
255	499	505
255	493	507
255	497	509
255	499	506
255	500	500
255	497	510
255	496	509
255	500	504
255	482	529
255	498	508
255	501	504
255	475	545
255	498	509
255	499	506
255	502	499
255	498	509
255	499	507
255	501	503
255	497	510
255	499	508
255	502	499
255	498	510
255	499	508
255	501	503
255	409	576
255	498	508
255	499	506
255	364	532
255	498	509
255	500	506
255	483	526
255	498	508
255	500	505
255	480	532
255	499	509
255	501	504
255	476	543
255	500	509
255	501	502
255	631	513
255	499	508
255	503	503
255	498	509
255	499	508
255	502	502
255	499	509
255	500	508
255	503	500
255	499	509
255	500	507
255	502	500
255	499	509
255	500	506
255	495	506
255	499	509
255	500	506
255	493	510
255	500	509
255	501	505
255	427	568
255	499	509
255	500	506
255	501	500
255	499	509
255	500	506
255	500	501
255	499	509
255	500	506
255	479	536
255	499	509
255	500	505
255	475	547
255	500	508
255	503	502
255	560	510
255	499	508
255	501	505
255	461	581
255	500	508
255	502	504
255	212	510
255	500	508
255	501	503
255	499	510
255	500	508
255	503	501
255	499	510
255	500	507
255	503	499
255	499	510
255	501	507
255	502	499
255	499	510
255	500	507
255	502	500
255	500	510
255	501	506
255	487	520
255	499	509
255	501	504
255	365	528
255	500	508
255	501	505
255	540	519
255	500	508
255	502	503
255	499	510
255	500	508
255	503	500
255	499	509
255	500	507
255	503	501
255	499	509
255	500	508
255	501	505
255	497	504
255	499	508
-255	501	505
-255	496	516
-255	500	516
-255	497	515
-255	498	515
-255	499	514
-255	500	513
-255	500	513
-255	501	513
-255	500	513
-255	502	513
-255	502	512
-255	502	511
-255	503	512
-255	504	511
-255	504	511
-255	505	511
-255	505	511
-255	505	511
-255	506	511
-255	506	453
-255	481	441
-255	505	502
-255	501	517
-255	494	491
-255	501	514
-255	502	519
-255	501	520
-255	502	519
-255	503	519
-255	504	518
-255	503	519
-255	505	518
-255	506	516
-255	506	515
-255	507	518
-255	507	517
-255	508	514
-255	509	514
-255	510	513
-255	510	513
-255	511	513
-255	511	513
-255	511	512
-255	510	512
-255	512	511
-255	512	511
-255	512	512
-255	513	511
-255	513	511
-255	513	510
-255	513	511
-255	513	510
-255	514	501
-255	45	420
-255	538	469
-255	184	436
-255	463	459
-255	508	507
-255	507	518
-255	504	507
-255	507	518
-255	507	520
-255	509	520
-255	509	519
-255	510	518
-255	511	517
-255	511	517
-255	513	516
-255	513	515
-255	514	514
-255	514	514
-255	515	512
-255	515	512
-255	515	513
-255	515	513
-255	515	513
-255	516	512
-255	516	512
-255	516	511
-255	517	511
-255	517	511
-255	516	511
-255	517	510
-255	517	511
-255	517	511
-255	517	510
-255	517	510
-255	517	510
-255	518	510
-255	517	510
-255	518	511
-255	517	511
-255	518	511
-255	518	511
-255	518	510
-255	518	509
-255	518	510
-255	518	500
-255	518	509
-255	518	499
-255	0	405
-255	481	483
-255	0	410
-255	475	481
-255	511	513
-255	510	519
-255	511	520
-255	512	519
-255	513	518
-255	512	519
-255	513	517
-255	515	516
-255	515	516
-255	518	516
-255	518	513
-255	518	513
-255	517	514
-255	518	513
-255	518	513
-255	518	512
-255	518	512
-255	518	512
-255	518	513
-255	518	511
-255	519	511
-255	519	511
-255	519	511
-255	519	511
-255	519	511
-255	519	510
-255	519	510
-255	519	509
-255	520	509
-255	518	486
-255	520	509
-255	516	498
-255	435	419
-255	496	495
-255	513	519
-255	514	519
-255	515	518
-255	514	519
-255	515	518
-255	517	517
-255	517	516
-255	517	517
-255	517	516
-255	518	515
-255	518	515
-255	518	514
-255	519	513
-201	520	513
-157	511	511
-112	500	517
-68	526	511
55	478	510
99	538	505
141	563	508
184	568	505
255	523	503
255	519	508
255	519	505
255	521	499
255	517	509
255	517	507
255	520	502
255	622	510
255	516	507
255	517	504
255	511	505
255	515	508
255	516	506
255	518	500
255	513	509
255	514	507
255	518	502
255	473	585
255	513	509
255	513	506
255	516	500
255	511	509
255	512	507
255	514	502
255	525	520
255	511	508
255	512	504
255	509	501
255	510	509
255	510	506
255	512	501
255	508	510
255	509	508
255	511	503
255	496	519
255	508	509
255	509	506
255	512	499
255	508	508
255	508	507
255	510	503
255	462	595
255	508	508
255	508	506
255	511	500
255	507	509
255	507	508
255	509	502
255	438	535
255	507	509
255	507	505
255	507	500
255	505	509
255	506	507
255	509	501
255	247	509
255	505	508
255	507	504
255	502	504
255	505	509
255	506	507
255	508	501
255	497	510
255	505	508
255	506	504
255	492	519
255	504	509
255	505	506
255	508	500
255	502	509
255	504	508
255	506	504
255	474	562
255	504	508
255	505	505
255	507	499
255	503	510
255	504	507
255	506	503
255	434	613
255	502	509
255	504	506
255	506	500
255	502	509
255	503	507
255	506	502
255	435	533
255	503	509
255	504	505
255	504	500
255	502	509
255	502	507
255	505	502
255	476	510
255	502	508
255	503	505
255	501	503
255	502	509
255	503	508
255	505	502
255	465	510
255	502	509
255	504	504
255	496	509
255	501	509
255	502	507
255	505	501
255	501	509
255	503	507
255	504	504
255	486	525
255	501	509
255	502	506
255	505	500
255	501	509
255	501	508
255	503	504
255	466	576
255	501	509
-255	502	506
-255	497	517
-255	498	517
-255	498	515
-255	500	516
-255	500	515
-255	504	514
-255	501	514
-255	502	513
-255	502	512
-255	503	512
-255	503	512
-255	504	512
-255	504	512
-255	505	511
-255	505	511
-255	506	511
-255	506	511
-255	507	511
-255	507	511
-255	507	511
-255	508	510
-255	452	459
-255	396	437
-255	505	499
-255	502	515
-255	501	520
-255	503	520
-255	503	519
-255	504	519
-255	505	518
-255	506	517
-255	507	517
-255	508	516
-255	509	515
-255	509	515
-255	510	514
-255	510	513
-255	510	513
-255	511	512
-255	511	512
-255	512	512
-255	512	512
-255	512	511
-255	512	511
-255	513	512
-255	513	511
-255	513	510
-255	513	510
-255	514	511
-255	514	510
-255	514	501
-255	103	426
-255	471	460
-255	508	507
-255	507	518
-255	507	520
-255	508	520
-255	509	519
-255	510	518
-255	511	516
-255	513	516
-255	513	515
-255	513	514
-255	514	514
-255	514	513
-255	520	513
-255	515	513
-255	515	512
-255	516	513
-255	516	512
-255	516	511
-255	516	511
-255	516	511
-255	516	510
-255	517	509
-255	517	510
-255	517	510
-255	517	509
-255	518	510
-255	515	498
-255	112	407
-255	517	489
-255	509	514
-255	510	520
-255	511	520
-255	511	519
-255	512	519
-255	513	517
-255	514	517
-255	515	516
-255	515	515
-255	516	514
-255	516	514
-255	517	513
-255	517	513
-255	517	513
-255	517	512
-255	518	511
-255	518	511
-205	518	511
-143	516	517
-81	509	513
59	501	513
119	563	509
180	541	508
255	533	508
255	510	510
255	518	508
255	518	505
255	520	499
255	516	509
255	517	507
255	518	503
255	460	610
255	515	508
255	516	505
255	517	499
255	514	508
255	514	506
255	517	502
255	344	509
255	513	509
255	514	505
255	508	506
255	511	509
255	512	506
255	515	500
255	512	509
255	511	508
255	513	503
255	486	548
255	510	508
255	511	506
255	514	499
255	512	509
255	510	507
255	512	503
255	431	592
255	508	508
255	510	506
255	511	500
255	508	509
255	508	507
255	511	502
255	637	510
255	508	508
255	509	504
255	506	503
255	507	509
255	507	507
255	510	501
255	503	510
255	506	509
255	508	504
255	496	515
255	506	509
255	506	506
255	509	500
255	505	509
255	506	507
255	507	503
255	479	550
255	505	509
255	505	506
255	508	499
255	504	509
255	505	508
255	507	503
255	452	610
255	504	508
255	505	506
255	507	500
255	504	509
255	504	507
255	506	503
255	409	555
255	503	509
255	505	505
255	506	500
255	503	509
255	504	507
255	506	502
255	552	517
255	503	508
255	505	505
255	503	501
255	503	510
255	503	507
255	506	502
255	162	510
255	503	508
255	504	505
255	500	504
255	502	509
-255	503	507
-255	499	517
-255	499	516
-255	500	515
-255	501	514
-255	502	514
-255	502	513
-255	503	513
-255	504	513
-255	504	511
-255	504	512
-255	505	512
-255	505	511
-255	505	511
-255	506	510
-255	506	510
-255	507	509
-255	507	510
-255	507	510
-255	508	500
-255	0	412
-255	485	477
-255	501	512
-255	501	519
-255	502	521
-255	502	521
-255	503	519
-255	505	518
-255	506	517
-255	508	517
-255	508	516
-255	509	515
-255	509	514
-255	510	514
-255	509	513
-255	510	513
-255	511	512
-255	511	512
-255	511	512
-255	512	512
-255	512	512
-255	512	511
-255	513	511
-255	513	511
-255	513	510
-255	513	510
-255	513	511
-255	514	510
-255	512	482
-255	375	433
-255	509	501
-255	506	516
-255	506	519
-255	508	520
-255	509	519
-255	510	518
-255	511	517
-255	512	516
-255	513	515
-255	513	515
-255	514	514
-255	514	514
-255	515	513
-255	515	513
-255	515	512
-255	516	512
-255	516	512
-255	516	511
-255	516	511
-255	517	511
-255	516	510
-255	517	510
-255	517	510
-255	517	509
-255	517	510
-255	517	502
-255	48	415
-255	540	473
-255	507	511
-255	509	519
-197	511	520
-121	517	510
-44	501	512
111	447	509
187	527	508
255	523	505
255	521	504
255	512	510
255	519	508
255	519	505
255	521	499
255	517	508
255	518	506
255	520	503
255	461	609
255	516	508
255	517	505
255	518	499
255	515	509
255	515	506
255	517	502
255	640	510
255	514	507
255	515	504
255	511	504
255	513	508
255	513	506
255	516	501
255	511	509
255	512	507
255	513	504
255	493	532
255	510	509
255	511	505
255	514	500
255	510	509
255	510	507
255	512	503
255	457	601
255	509	508
255	510	505
255	512	499
255	508	509
255	509	507
255	511	502
255	395	534
255	508	508
255	509	505
255	509	500
255	507	509
255	508	507
255	511	500
255	421	509
255	507	507
255	508	505
255	505	503
255	506	509
255	507	507
255	509	501
255	506	510
255	506	508
255	507	504
255	499	510
255	505	509
255	506	506
255	508	501
255	504	509
255	505	508
255	507	504
255	491	522
255	504	508
255	505	507
255	508	500
255	504	510
255	504	508
255	506	504
255	481	542
255	504	509
255	504	507
-255	506	500
-255	500	516
-255	500	516
-255	501	515
-255	502	514
-255	504	513
-255	503	513
-255	504	513
-255	504	513
-255	505	512
-255	505	512
-255	505	512
-255	506	511
-255	506	511
-255	508	511
-255	507	510
-255	507	511
-255	508	510
-255	508	511
-255	508	500
-255	0	409
-255	475	481
-255	503	512
-255	502	519
-255	504	520
-255	504	519
-255	504	519
-255	506	517
-255	507	517
-255	508	516
-255	509	516
-255	509	515
-255	510	514
-255	510	514
-255	511	513
-255	511	513
-255	511	513
-255	512	512
-255	512	512
-255	512	512
-255	513	512
-255	513	511
-255	513	510
-255	514	510
-255	513	510
-255	514	510
-255	514	510
-255	514	500
-255	0	410
-255	507	474
-255	505	512
-255	506	519
-255	508	520
-255	509	519
-255	510	518
-255	511	518
-255	512	517
-255	514	515
-255	513	515
-255	514	515
-255	514	513
-255	520	513
-255	515	512
-255	515	512
-255	515	512
-255	515	512
-255	516	511
-255	516	511
-255	516	510
-174	517	511
-87	515	511
78	503	510
160	691	508
255	523	504
255	518	505
255	521	499
255	516	509
255	517	507
255	518	503
255	442	612
255	515	509
255	516	505
255	518	499
255	514	509
255	514	507
255	517	501
255	612	512
255	513	508
255	516	504
255	512	502
255	512	508
255	513	506
255	515	500
255	502	508
255	511	507
255	513	504
255	499	518
255	510	508
255	511	506
255	513	500
255	509	509
255	510	508
255	511	504
255	479	563
255	508	508
255	509	506
255	512	499
255	508	509
255	508	507
255	510	502
255	438	612
255	507	509
255	508	505
255	510	499
255	507	509
255	507	507
255	510	502
255	412	528
255	506	509
255	507	506
255	509	500
255	505	509
255	506	507
255	509	502
255	427	518
255	505	508
255	507	505
255	506	501
255	505	509
255	505	506
255	508	501
255	256	509
255	504	508
255	506	505
255	503	504
255	504	509
255	505	506
255	507	502
-255	418	510
-255	500	517
-255	501	515
-255	501	515
-255	502	514
-255	504	514
-255	504	513
-255	504	513
-255	505	512
-255	505	512
-255	506	511
-255	506	512
-255	506	511
-255	507	512
-255	507	510
-255	507	510
-255	508	511
-255	508	510
-255	509	510
-255	509	502
-255	0	413
-255	495	476
-255	501	511
-255	502	519
-255	503	520
-255	503	520
-255	505	519
-255	506	518
-255	507	517
-255	508	516
-255	508	515
-255	509	514
-255	510	514
-255	510	513
-255	511	513
-255	511	512
-255	512	513
-255	512	511
-255	513	511
-255	513	511
-255	513	511
-255	513	510
-255	514	510
-255	514	510
-255	514	511
-255	514	510
-255	514	510
-255	514	495
-255	191	414
-255	503	490
-255	506	514
-255	507	519
-255	508	521
-255	509	519
-255	510	518
-255	511	518
-255	512	516
-255	513	515
-255	514	515
-255	514	514
-255	514	513
-197	515	513
-99	511	520
76	500	512
173	552	508
255	524	509
255	519	503
255	506	515
255	516	508
255	516	505
255	519	500
255	514	509
255	515	507
255	518	503
255	478	574
255	513	508
255	514	506
255	517	499
255	512	509
255	513	507
255	515	503
255	413	577
255	511	508
255	512	505
255	514	499
255	510	509
255	511	507
255	513	501
255	603	513
255	510	508
255	511	505
255	508	502
255	508	509
255	509	507
255	512	501
255	356	510
255	508	507
255	510	504
255	503	507
255	507	508
255	509	507
255	511	500
255	507	510
255	507	508
255	509	504
255	495	517
255	506	509
255	507	506
255	510	500
255	506	509
255	506	507
255	508	504
255	486	533
255	505	509
255	506	506
255	509	499
255	505	510
255	505	508
255	507	503
255	475	558
255	504	509
255	506	507
255	508	500
-255	503	509
-255	500	516
-255	501	515
-255	502	514
-255	503	514
-255	504	513
-255	504	514
-255	505	513
-255	505	513
-255	506	512
-255	506	512
-255	507	511
-255	507	511
-255	507	511
-255	508	511
-255	508	511
-255	508	510
-255	509	511
-255	509	511
-255	507	500
-255	0	406
-255	488	485
-255	502	513
-255	502	520
-255	503	520
-255	504	519
-255	505	518
-255	507	517
-255	507	516
-255	508	516
-255	509	515
-255	510	515
-255	510	514
-255	511	514
-255	511	513
-255	511	513
-255	512	512
-255	512	512
-255	512	512
-255	513	511
-255	513	511
-255	513	511
-255	514	510
-255	514	510
-255	514	510
-255	514	510
-255	514	510
-255	515	500
-255	0	408
-255	492	483
-255	506	513
-255	507	519
-255	508	520
-255	509	519
-255	510	519
-255	511	518
-169	512	517
-61	513	510
124	500	514
255	417	509
255	518	505
255	521	499
255	516	509
255	516	507
255	518	503
255	485	560
255	515	508
255	516	505
255	519	499
255	514	509
255	515	507
255	516	502
255	421	589
255	513	508
255	514	505
255	516	499
255	512	509
255	513	507
255	514	502
255	542	519
255	511	508
255	512	505
255	511	500
255	510	508
255	511	506
255	513	501
255	224	509
255	509	508
255	510	504
255	507	502
255	508	509
255	509	507
255	509	502
255	504	505
255	508	508
255	509	506
255	511	501
255	499	509
255	507	508
255	509	504
255	498	513
255	507	509
255	507	506
255	510	500
255	506	509
255	506	508
255	508	504
255	491	525
255	505	509
255	507	506
255	509	500
255	505	510
255	505	508
-255	507	504
-255	498	518
-255	501	517
-255	501	517
-255	502	516
-255	503	515
-255	508	514
-255	504	514
-255	505	514
-255	505	514
-255	506	513
-255	506	512
-255	507	512
-255	507	512
-255	508	512
-255	508	511
-255	509	511
-255	509	511
-255	510	511
-255	510	510
-255	510	511
-255	510	510
-255	510	499
-255	0	404
-255	507	487
-255	504	514
-255	503	519
-255	505	520
-255	505	520
-255	506	519
-255	509	517
-255	508	516
-255	510	516
-255	510	515
-255	510	515
-255	511	513
-255	512	513
-255	512	513
-255	512	512
-255	513	512
-255	514	511
-255	514	511
-255	514	512
-255	514	511
-255	514	511
-255	515	510
-255	515	511
-255	515	510
-255	515	510
-255	515	505
-255	127	425
-182	509	464
-66	513	514
128	503	515
255	961	508
255	517	506
255	521	500
255	516	509
255	516	507
255	518	503
255	485	563
255	514	508
255	520	505
255	518	499
255	514	508
255	514	508
255	516	502
255	441	612
255	512	508
255	514	505
255	515	498
255	511	509
255	512	506
255	514	502
255	415	525
255	511	508
255	512	505
255	513	500
255	510	509
255	510	507
255	513	502
255	618	511
255	509	508
255	510	504
255	510	500
255	508	508
255	509	506
255	511	501
255	233	509
255	508	508
255	509	504
255	507	502
255	507	509
255	508	507
255	510	501
255	183	510
255	507	508
255	508	504
255	505	503
255	506	509
255	507	507
255	509	501
255	171	510
255	506	508
-255	507	504
-255	502	517
-255	502	516
-255	503	515
-255	504	514
-255	505	514
-255	505	513
-255	506	513
-255	506	512
-255	506	512
-255	507	512
-255	507	512
-255	508	511
-255	508	511
-255	508	511
-255	509	511
-255	509	510
-255	509	510
-255	509	511
-255	507	496
-255	479	420
-255	496	498
-255	503	516
-255	503	520
-255	504	520
-255	505	520
-255	506	519
-255	507	518
-255	508	517
-255	510	516
-255	510	515
-255	511	514
-255	511	513
-255	511	513
-255	512	513
-255	512	513
-255	513	512
-255	512	512
-255	513	512
-255	513	511
-255	514	511
-255	514	511
-255	514	511
-255	514	510
-255	515	510
-255	515	510
-255	512	500
-255	264	412
-160	490	495
41	501	517
162	611	510
255	509	505
255	516	504
255	506	511
255	513	509
255	514	507
255	517	500
255	512	509
255	512	507
255	514	504
255	494	530
255	511	508
255	512	505
255	515	499
255	510	509
255	511	508
255	514	502
255	479	566
255	510	508
255	511	506
255	513	500
255	509	510
255	509	508
255	510	504
255	512	500
255	508	509
255	508	507
255	510	502
255	452	612
255	507	508
255	509	505
255	511	499
255	507	509
255	507	507
255	509	503
255	442	608
255	506	509
255	508	505
255	510	500
255	505	509
255	506	507
255	508	503
255	439	604
255	506	509
255	506	506
255	509	499
255	505	509
255	505	507
-255	508	503
-255	502	516
-255	502	516
-255	502	516
-255	503	515
-255	504	514
-255	504	513
-255	505	513
-255	505	513
-255	506	512
-255	505	512
-255	506	512
-255	507	511
-255	507	511
-255	508	512
-255	508	510
-255	508	510
-255	509	510
-255	509	510
-255	508	471
-255	417	436
-255	499	501
-255	502	518
-255	503	521
-255	504	520
-255	505	519
-255	506	518
-255	507	517
-255	508	516
-255	509	515
-255	510	514
-255	510	515
-255	511	513
-255	511	513
-255	512	513
-255	512	512
-255	512	512
-255	513	511
-255	513	511
-255	513	511
-255	513	511
-255	514	511
-255	514	510
-255	514	510
-255	515	510
-145	514	509
64	503	511
194	549	509
255	523	509
255	515	506
255	518	501
255	265	509
255	514	508
255	515	504
255	509	507
255	512	508
255	513	507
255	516	500
255	494	509
255	512	508
255	513	504
255	502	514
255	511	508
255	512	506
255	514	500
255	509	508
255	510	507
255	511	504
255	494	524
255	509	508
255	510	506
255	512	500
255	508	509
255	508	507
255	509	503
255	485	541
255	507	508
255	508	506
255	511	500
255	506	509
255	507	508
255	510	503
255	479	554
255	506	509
255	508	506
255	510	500
255	507	509
255	506	507
255	510	504
255	476	558
255	505	509
255	506	506
-255	509	500
-255	502	517
-255	502	515
-255	503	515
-255	503	515
-255	504	514
-255	505	513
-255	505	513
-255	506	513
-255	506	513
-255	506	512
-255	507	511
-255	507	511
-255	508	511
-255	508	511
-255	508	511
-255	509	510
-255	509	511
-255	509	510
-255	275	447
-255	492	452
-255	502	507
-255	502	518
-255	503	521
-255	504	520
-255	505	519
-255	507	519
-255	508	517
-255	509	516
-255	509	516
-255	511	515
-255	511	514
-255	511	514
-255	511	512
-255	512	512
-255	512	512
-255	513	511
-255	513	512
-255	513	512
-255	513	511
-255	514	511
-255	514	510
-255	514	511
-109	514	511
106	506	513
255	686	509
255	516	505
255	519	500
255	514	509
255	515	507
255	516	504
255	497	527
255	514	508
255	514	506
255	517	499
255	512	509
255	513	507
255	514	503
255	489	541
255	511	508
255	512	506
255	515	499
255	511	508
255	511	507
255	514	504
255	478	565
255	510	508
255	510	506
255	513	499
255	509	509
255	509	508
255	511	503
255	471	575
255	508	508
255	509	505
255	512	500
255	507	509
255	508	508
255	510	503
255	468	587
255	508	508
255	508	506
255	510	500
255	506	509
255	507	507
255	509	503
255	466	590
-255	506	508
-255	502	515
-255	503	516
-255	504	515
-255	504	514
-255	505	513
-255	505	513
-255	506	513
-255	506	512
-255	507	512
-255	507	512
-255	508	511
-255	508	511
-255	508	510
-255	509	511
-255	509	510
-255	509	510
-255	510	511
-255	506	497
-255	174	411
-255	508	491
-255	502	515
-255	503	520
-255	504	520
-255	505	520
-255	506	519
-255	507	518
-255	508	516
-255	510	516
-255	510	515
-255	511	514
-255	511	513
-255	512	513
-255	512	513
-255	512	512
-255	513	513
-255	513	511
-255	513	511
-255	514	511
-255	514	510
-255	514	510
-187	514	510
-42	515	511
183	453	508
255	447	508
255	517	507
255	519	503
255	483	567
255	515	507
255	520	505
255	519	499
255	514	508
255	515	507
255	516	503
255	457	613
255	513	508
255	514	505
255	517	499
255	512	509
255	513	507
255	515	502
255	418	593
255	512	508
255	513	505
255	514	499
255	510	509
255	511	506
255	513	503
255	369	540
255	509	508
255	511	505
255	513	499
255	509	509
255	509	508
255	509	502
255	432	525
255	508	509
255	509	505
255	511	499
255	507	509
255	507	507
255	510	502
255	363	544
255	507	508
-255	508	505
-255	503	517
-255	503	516
-255	504	515
-255	505	515
-255	505	514
-255	506	513
-255	506	513
-255	507	513
-255	507	512
-255	508	512
-255	508	512
-255	509	511
-255	509	510
-255	509	511
-255	510	511
-255	510	511
-255	510	511
-255	510	501
-255	4	417
-255	519	472
-255	502	511
-255	503	519
-255	504	520
-255	505	519
-255	507	519
-255	507	518
-255	509	517
-255	510	516
-255	510	515
-255	511	514
-255	511	514
-255	512	513
-255	512	512
-255	513	512
-255	513	512
-255	514	512
-255	514	512
-255	514	510
-117	514	511
112	497	512
255	527	508
255	518	504
255	506	513
255	514	509
255	515	506
255	518	500
255	513	509
255	514	507
255	515	503
255	498	525
255	512	508
255	513	505
255	516	500
255	511	509
255	511	507
255	513	504
255	493	531
255	510	508
255	511	506
255	514	500
255	509	510
255	510	508
255	512	503
255	490	536
255	509	508
255	510	506
255	513	499
255	508	509
255	508	508
255	510	503
255	488	534
255	508	509
255	508	507
255	511	501
255	507	509
255	507	508
255	509	504
255	491	526
255	506	509
-255	507	506
-255	502	516
-255	503	516
-255	504	515
-255	504	513
-255	505	513
-255	506	513
-255	506	512
-255	506	512
-255	507	512
-255	507	511
-255	508	512
-255	508	511
-255	509	511
-255	509	511
-255	509	510
-255	510	511
-255	510	510
-255	505	486
-255	476	426
-255	502	499
-255	503	517
-255	503	520
-255	503	520
-255	505	519
-255	507	518
-255	508	517
-255	509	517
-255	510	515
-255	510	515
-255	510	514
-255	511	514
-255	512	513
-255	512	513
-255	512	512
-255	513	512
-255	513	512
-186	512	511
49	513	512
205	552	510
255	520	509
255	514	507
255	516	502
255	376	542
255	512	508
255	514	505
255	515	499
255	512	509
255	512	507
255	514	502
255	396	528
255	511	508
255	512	505
255	513	499
255	509	509
255	510	507
255	513	502
255	443	525
255	509	508
255	510	505
255	512	499
255	508	508
255	509	507
255	511	502
255	364	542
255	508	508
255	509	505
255	511	499
255	507	509
255	508	507
255	509	502
255	408	587
255	506	508
255	508	505
255	510	499
255	506	509
-255	506	508
-255	502	517
-255	503	515
-255	504	515
-255	504	514
-255	505	514
-255	505	513
-255	506	514
-255	507	513
-255	507	512
-255	507	512
-255	508	512
-255	508	512
-255	508	511
-255	509	511
-255	509	510
-255	509	511
-255	510	510
-255	495	495
-255	385	412
-255	488	496
-255	502	516
-255	503	520
-255	504	520
-255	506	519
-255	506	518
-255	508	517
-255	509	516
-255	509	516
-255	510	514
-255	511	514
-255	512	514
-255	512	514
-255	512	513
-255	512	512
-255	513	512
-255	513	512
-86	513	512
155	496	514
255	395	594
255	516	507
255	517	504
255	506	512
255	514	508
255	515	506
255	517	500
255	513	510
255	513	508
255	514	504
255	504	512
255	512	508
255	513	507
255	515	501
255	510	509
255	511	508
255	514	504
255	503	512
255	510	508
255	511	506
255	514	500
255	488	509
255	510	507
255	511	504
255	503	508
255	509	509
255	509	506
255	512	500
255	505	510
255	508	508
255	510	504
0	504	504
0	520	511
0	514	510
0	507	510
0	501	510
0	496	510
0	491	510
0	487	510
0	484	510
0	481	510
0	480	510
0	480	510
0	481	511
0	483	511
0	486	511
0	490	511
0	494	511
0	499	511
0	504	510
0	509	510
0	514	511
0	519	510
0	523	510
0	527	510
0	530	510
0	532	510
0	533	510
0	534	510
0	533	510
0	532	510
0	530	511
0	527	511
0	524	511
0	521	511
0	517	510
0	513	510
0	509	510
0	505	510
0	501	511
0	498	510
0	495	510
0	493	511
0	492	510
0	491	509
0	491	510
0	492	511
0	493	510
0	495	510
0	497	510
0	500	510
0	503	510
0	506	510
0	509	511
0	513	510
0	515	511
0	518	511
0	521	510
0	523	510
0	524	510
0	525	510
0	525	510
0	525	510
0	524	511
0	523	511
0	522	510
0	519	510
0	517	510
0	514	510
0	512	510
0	509	511
0	507	510
0	505	510
0	502	509
0	500	510
0	499	511
0	498	510
0	498	510
0	498	510
0	498	511
0	500	510
0	500	510
0	502	511
0	503	510
0	505	511
0	507	510
