V2_mean	Isense_mean	dt
509	509	500
PWM	V2_read	Isense_read	e
0	509	509	0
0	510	509	-1
0	510	509	-1
0	510	510	-1
0	509	510	0
0	510	510	-1
0	509	509	0
0	510	509	-1
0	509	509	0
0	510	510	-1
0	509	510	0
0	510	509	-1
0	509	510	0
0	509	509	0
0	509	509	0
0	510	510	-1
0	510	509	-1
0	510	509	-1
0	510	509	-1
0	509	510	0
0	510	509	-1
0	510	510	-1
0	510	509	-1
0	510	509	-1
0	509	510	0
0	510	509	-1
0	510	510	-1
0	510	509	-1
0	510	509	-1
0	509	509	0
0	510	510	-1
0	510	510	-1
0	510	509	-1
0	510	510	-1
0	510	509	-1
0	510	510	-1
0	510	510	-1
0	510	509	-1
0	510	510	-1
0	509	510	0
0	509	509	0
0	509	509	0
0	509	510	0
0	510	510	-1
0	509	509	0
0	510	510	-1
0	509	510	0
0	509	509	0
0	509	509	0
0	509	509	0
0	509	510	0
0	509	510	0
0	509	509	0
0	510	510	-1
0	509	509	0
0	510	510	-1
0	510	510	-1
0	510	510	-1
0	510	510	-1
0	510	509	-1
0	510	509	-1
0	510	510	-1
0	510	509	-1
0	510	509	-1
0	510	510	-1
0	510	510	-1
0	509	510	0
0	510	510	-1
0	510	510	-1
0	509	509	0
0	510	509	-1
0	509	509	0
0	510	510	-1
0	510	510	-1
0	509	509	0
0	509	510	0
0	510	509	-1
0	509	509	0
0	510	510	-1
0	509	509	0
0	510	509	-1
0	509	510	0
0	510	510	-1
0	510	509	-1
0	510	509	-1
0	509	509	0
0	509	509	0
0	509	510	0
0	509	510	0
0	510	509	-1
0	510	510	-1
0	509	510	0
0	510	509	-1
0	510	509	-1
0	510	509	-1
0	510	509	-1
0	510	510	-1
0	510	510	-1
0	510	510	-1
0	509	509	0
0	510	509	-1
0	510	510	-1
0	510	510	-1
0	509	510	0
0	509	509	0
0	510	510	-1
0	509	509	0
0	509	510	0
0	510	510	-1
0	509	510	0
0	510	510	-1
0	509	509	0
0	510	510	-1
0	509	509	0
0	509	510	0
0	509	510	0
0	510	510	-1
0	510	509	-1
0	509	509	0
0	509	510	0
0	510	510	-1
0	510	510	-1
0	510	509	-1
0	510	510	-1
0	510	509	-1
0	510	509	-1
0	509	510	0
0	510	509	-1
0	509	509	0
0	510	510	-1
0	510	510	-1
0	510	510	-1
0	510	509	-1
0	510	509	-1
0	510	510	-1
0	510	509	-1
0	510	510	-1
0	509	510	0
0	509	509	0
0	509	509	0
0	509	509	0
0	509	509	0
0	509	509	0
0	510	509	-1
0	510	509	-1
0	510	510	-1
0	510	510	-1
0	510	509	-1
0	509	510	0
0	509	509	0
0	510	510	-1
0	510	510	-1
0	510	509	-1
0	510	509	-1
0	510	510	-1
0	510	511	-1
0	509	509	0
0	510	509	-1
0	510	510	-1
0	509	509	0
0	510	510	-1
0	510	510	-1
0	510	510	-1
0	509	509	0
0	510	510	-1
0	509	509	0
0	510	509	-1
0	510	509	-1
0	510	510	-1
0	509	510	0
0	509	510	0
0	509	510	0
0	510	510	-1
0	509	510	0
0	510	510	-1
0	509	510	0
0	509	510	0
0	509	509	0
0	510	509	-1
0	509	509	0
0	510	509	-1
0	509	510	0
0	509	510	0
0	510	510	-1
0	509	510	0
0	509	510	0
0	510	508	-1
0	509	510	0
0	510	509	-1
0	510	510	-1
0	509	509	0
0	510	509	-1
0	509	509	0
0	510	509	-1
0	510	510	-1
0	510	509	-1
0	509	509	0
0	510	510	-1
0	509	509	0
0	510	509	-1
0	509	510	0
0	510	510	-1
0	510	510	-1
0	510	509	-1
0	509	509	0
0	509	509	0
0	509	510	0
0	510	509	-1
137	509	510	77
-127	688	510	-102
208	182	510	404
-144	1023	510	-437
255	15	510	571
124	999	510	-413
122	648	511	-62
136	533	510	53
130	605	510	-19
131	583	511	3
132	580	511	6
132	583	510	3
137	563	511	23
133	602	512	-16
134	583	511	3
134	582	512	4
135	580	511	6
136	582	512	4
136	585	512	1
136	583	512	3
137	580	513	6
141	567	512	19
138	598	513	-12
138	585	513	1
139	580	512	6
143	568	513	18
140	598	513	-12
143	571	513	15
141	593	513	-7
142	583	514	3
145	571	514	15
142	594	513	-8
144	580	513	6
144	584	513	2
144	583	514	3
148	570	513	16
147	588	515	-2
146	590	514	-4
147	582	514	4
147	583	515	3
148	581	514	5
150	576	516	10
149	590	516	-4
149	584	515	2
150	580	515	6
151	582	516	4
152	580	515	6
151	588	516	-2
152	581	516	5
153	582	516	4
153	585	516	1
153	583	516	3
155	575	517	11
155	588	516	-2
154	586	517	0
157	574	517	12
156	590	517	-4
156	584	517	2
157	580	517	6
158	583	517	3
158	582	517	4
159	584	518	2
158	586	518	0
160	579	518	7
160	586	518	0
161	581	518	5
160	587	519	-1
161	580	518	6
162	581	519	5
162	585	519	1
164	579	519	7
162	591	519	-5
165	575	519	11
163	590	519	-4
165	579	519	7
165	585	520	1
166	581	520	5
165	587	520	-1
167	579	520	7
166	587	520	-1
168	580	520	6
167	589	520	-3
168	582	521	4
168	583	521	3
169	583	520	3
168	586	521	0
170	579	521	7
169	591	521	-5
170	582	521	4
169	586	522	0
172	575	521	11
169	596	521	-10
172	573	521	13
171	590	522	-4
171	585	522	1
172	580	523	6
172	585	522	1
173	583	523	3
173	587	523	-1
173	585	523	1
173	583	523	3
175	580	523	6
173	591	523	-5
176	576	523	10
174	593	524	-7
175	579	523	7
176	581	524	5
176	587	524	-1
176	585	524	1
177	582	524	4
176	587	524	-1
178	578	524	8
177	589	524	-3
178	581	525	5
178	585	525	1
179	583	525	3
178	589	525	-3
179	580	525	6
180	582	525	4
179	588	526	-2
181	579	526	7
180	590	526	-4
181	582	525	4
181	586	526	0
181	584	526	2
182	583	526	3
181	587	526	-1
183	577	527	9
182	589	527	-3
184	580	528	6
182	591	527	-5
185	576	528	10
182	596	528	-10
186	572	528	14
183	595	527	-9
186	575	528	11
184	591	528	-5
186	577	529	9
186	587	529	-1
186	586	528	0
187	583	528	3
186	588	528	-2
188	579	529	7
186	590	529	-4
189	574	530	12
187	596	529	-10
188	581	529	5
188	583	529	3
190	579	530	7
186	601	530	-15
191	565	530	21
187	602	531	-16
192	565	531	21
187	606	531	-20
194	560	531	26
185	620	531	-34
196	544	531	42
184	632	531	-46
197	536	531	50
184	636	532	-50
198	530	532	56
185	637	531	-51
198	532	532	54
186	634	531	-48
199	534	532	52
186	636	532	-50
200	533	532	53
192	652	533	-26
205	575	534	51
195	662	533	-36
201	602	533	24
198	636	534	-10
201	618	534	8
199	632	534	-6
201	617	534	9
201	625	534	1
202	623	534	3
202	625	535	1
203	622	535	4
203	623	536	3
204	621	535	5
205	622	535	4
205	627	536	-1
206	623	536	3
206	623	536	3
208	620	536	6
207	627	537	-1
209	618	537	8
209	623	537	3
211	621	537	5
210	626	538	0
212	618	537	8
213	622	538	4
214	622	539	4
214	623	538	3
216	620	539	6
255	618	540	46
255	626	539	38
255	624	540	40
255	620	540	44
255	617	539	47
255	613	541	51
255	610	540	54
255	607	540	57
255	603	540	61
255	601	540	63
255	598	541	66
255	595	541	69
255	592	541	72
255	590	541	74
255	587	542	77
255	585	542	79
255	582	542	82
255	580	542	84
255	578	542	86
255	575	542	89
255	573	543	91
255	571	542	93
255	569	543	95
255	567	542	97
255	566	543	98
255	564	543	100
255	562	543	102
255	560	543	104
255	559	543	105
255	557	543	107
255	556	543	108
255	554	543	110
255	553	543	111
255	551	543	113
255	550	544	114
255	549	543	115
255	548	544	116
255	546	544	118
255	545	543	119
255	544	544	120
255	544	544	120
255	543	544	121
255	541	544	123
255	540	544	124
255	539	544	125
255	538	543	126
255	537	544	127
255	537	544	127
255	536	544	128
255	535	544	129
255	534	544	130
255	533	544	131
255	533	545	131
255	532	544	132
255	531	544	133
255	530	545	134
255	530	544	134
255	529	544	135
255	528	545	136
255	527	544	137
255	527	544	137
255	526	544	138
255	526	545	138
255	526	545	138
255	526	545	138
255	525	544	139
255	524	544	140
255	524	545	140
255	523	544	141
255	523	545	141
255	523	544	141
255	522	545	142
0	521	545	-12
0	0	543	509
0	0	541	509
0	0	539	509
0	0	539	509
0	0	537	509
0	0	535	509
0	0	533	509
0	0	532	509
0	0	531	509
0	0	529	509
0	0	527	509
0	0	527	509
0	0	525	509
0	0	524	509
0	0	523	509
0	0	521	509
0	0	520	509
0	0	519	509
0	0	518	509
0	0	517	509
0	0	516	509
0	0	514	509
0	0	513	509
0	0	512	509
0	0	512	509
0	0	510	509
0	62	510	447
0	472	510	37
0	502	510	7
0	506	511	3
0	507	509	2
0	507	510	2
0	508	510	1
0	508	510	1
0	509	510	0
0	508	510	1
0	508	509	1
0	509	510	0
0	509	509	0
0	509	509	0
0	509	510	0
0	509	510	0
0	509	511	0
0	509	510	0
0	509	510	0
0	509	510	0
0	509	510	0
0	509	510	0
0	509	510	0
0	509	510	0
0	509	510	0
0	509	510	0
0	509	510	0
0	509	510	0
0	509	510	0
0	509	510	0
0	509	511	0
0	509	510	0
0	509	510	0
0	509	510	0
0	509	510	0
0	509	510	0
0	509	510	0
0	509	511	0
0	510	510	-1
0	510	510	-1
0	509	510	0
0	510	510	-1
0	509	510	0
0	509	510	0
0	509	510	0
0	509	510	0
0	509	510	0
0	509	510	0
0	509	510	0
0	509	510	0
0	509	510	0
0	509	510	0
0	509	510	0
0	509	510	0
0	510	511	-1
0	509	510	0
0	510	509	-1
0	510	509	-1
0	510	510	-1
0	510	510	-1
0	509	510	0
0	509	510	0
0	510	510	-1
0	509	510	0
0	509	510	0
0	509	510	0
0	509	510	0
0	509	510	0
0	509	510	0
0	510	511	-1
0	509	510	0
0	510	510	-1
0	509	509	0
0	510	510	-1
0	510	510	-1
0	510	510	-1
0	510	511	-1
0	509	509	0
0	509	510	0
0	510	510	-1
0	509	510	0
0	510	510	-1
0	509	510	0
0	510	510	-1
0	509	510	0
0	509	510	0
0	510	509	-1
0	509	510	0
0	509	509	0
0	509	510	0
0	510	509	-1
0	509	511	0
0	509	509	0
0	509	510	0
0	510	510	-1
0	509	510	0
0	509	511	0
0	509	510	0
0	509	510	0
0	510	510	-1
0	509	510	0
0	510	510	-1
0	509	510	0
0	510	510	-1
0	510	509	-1
0	510	510	-1
0	509	510	0
0	510	510	-1
0	509	510	0
0	510	510	-1
0	509	511	0
0	509	510	0
0	510	510	-1
0	510	510	-1
0	509	509	0
0	509	510	0
0	510	510	-1
0	509	510	0
0	509	510	0
0	510	510	-1
0	510	511	-1
0	510	510	-1
0	509	509	0
0	509	511	0
0	509	510	0
0	510	510	-1
0	510	510	-1
0	510	510	-1
0	510	510	-1
0	509	510	0
0	510	510	-1
0	510	510	-1
0	510	510	-1
0	510	511	-1
0	510	510	-1
0	509	510	0
0	510	510	-1
0	510	510	-1
0	509	510	0
0	509	510	0
0	509	510	0
0	509	510	0
0	509	510	0
0	510	510	-1
0	509	510	0
0	509	510	0
0	510	510	-1
0	510	510	-1
0	509	509	0
0	509	510	0
0	509	510	0
0	509	510	0
0	509	510	0
0	510	509	-1
0	510	510	-1
0	509	510	0
0	510	510	-1
0	510	510	-1
-136	510	510	-74
127	337	510	99
-207	837	510	-401
144	0	509	436
-255	1012	510	-576
-120	6	509	430
-125	402	509	34
-135	477	509	-41
-130	420	509	16
-135	454	509	-18
-133	433	509	3
-135	445	508	-9
-135	439	508	-3
-134	431	507	5
-137	450	507	-14
-137	437	508	-1
-137	438	507	-2
-136	432	507	4
-137	441	507	-5
-140	449	507	-13
-138	433	507	3
-138	436	507	0
-141	450	506	-14
-141	436	506	0
-140	436	506	0
-140	436	506	0
-141	440	506	-4
-143	446	506	-10
-142	436	506	0
-142	435	505	1
-144	447	506	-11
-144	438	506	-2
-145	439	506	-3
-145	436	505	0
-143	431	505	5
-145	445	505	-9
-147	445	505	-9
-146	434	505	2
-147	441	505	-5
-146	433	504	3
-149	447	505	-11
-147	432	503	4
-149	445	503	-9
-163	440	504	-63
-152	338	504	39
-161	409	504	-32
-156	360	503	17
-161	399	503	-22
-158	366	502	11
-162	395	502	-18
-159	365	502	12
-163	394	502	-17
-159	365	501	12
-165	401	501	-24
-160	359	501	18
-166	399	501	-22
-161	360	500	17
-166	395	501	-18
-162	365	500	12
-167	396	500	-19
-163	365	499	12
-168	397	499	-20
-165	365	500	12
-167	388	499	-11
-168	380	499	-3
-167	373	499	4
-168	385	499	-8
-170	383	499	-6
-167	369	499	8
-172	396	498	-19
-168	364	497	13
-173	397	497	-20
-170	367	498	10
-172	385	497	-8
-172	378	496	-1
-173	380	497	-3
-172	376	496	1
-175	388	496	-11
-173	369	495	8
-175	386	496	-9
-175	381	495	-4
-176	383	495	-6
-177	380	496	-3
-176	372	494	5
-177	383	494	-6
-178	381	494	-4
-178	381	494	-4
-180	384	493	-7
-179	376	493	1
-180	381	493	-4
-181	380	492	-3
-180	375	492	2
-182	387	492	-10
-182	375	492	2
-181	376	492	1
0	402	491	107
0	1023	493	-514
0	1023	495	-514
0	1023	495	-514
0	1023	496	-514
0	1023	498	-514
0	1023	499	-514
0	1023	501	-514
0	1023	502	-514
0	1023	502	-514
0	1023	504	-514
0	1023	505	-514
0	1023	506	-514
0	1023	507	-514
0	1023	507	-514
0	1023	509	-514
0	1023	510	-514
0	592	509	-83
0	520	509	-11
0	513	510	-4
0	511	509	-2
0	511	510	-2
0	511	509	-2
0	510	510	-1
0	510	509	-1
0	510	509	-1
0	510	509	-1
0	510	510	-1
0	510	510	-1
0	510	510	-1
0	510	510	-1
0	510	509	-1
0	510	510	-1
0	510	510	-1
0	510	509	-1
0	510	510	-1
0	510	510	-1
0	510	510	-1
0	510	509	-1
0	510	509	-1
0	510	509	-1
0	510	510	-1
0	509	510	0
0	510	510	-1
0	510	510	-1
0	510	510	-1
0	510	509	-1
0	510	510	-1
0	510	509	-1
0	510	510	-1
0	510	510	-1
0	510	509	-1
0	510	509	-1
0	510	510	-1
0	509	509	0
0	510	509	-1
0	510	510	-1
0	510	509	-1
0	510	510	-1
0	509	510	0
0	510	510	-1
0	509	510	0
0	509	509	0
0	509	510	0
0	509	510	0
0	510	509	-1
0	509	509	0
0	509	510	0
0	510	509	-1
0	510	510	-1
0	510	510	-1
0	510	510	-1
0	510	510	-1
0	510	510	-1
0	509	509	0
0	510	510	-1
0	510	509	-1
0	510	510	-1
0	510	510	-1
0	510	511	-1
0	510	510	-1
0	510	509	-1
0	510	510	-1
0	510	509	-1
0	510	510	-1
0	510	509	-1
0	510	510	-1
0	510	510	-1
0	510	510	-1
0	509	510	0
0	509	509	0
0	509	510	0
0	509	510	0
0	510	510	-1
0	510	509	-1
0	509	509	0
0	510	510	-1
0	510	510	-1
0	510	510	-1
0	510	510	-1
0	510	509	-1
0	510	510	-1
0	509	510	0
0	509	509	0
0	510	510	-1
0	510	509	-1
0	510	510	-1
0	509	509	0
0	509	510	0
0	510	510	-1
0	510	509	-1
0	509	510	0
0	510	509	-1
0	510	510	-1
0	509	510	0
0	509	510	0
0	510	509	-1
0	509	509	0
0	510	509	-1
0	510	510	-1
126	510	510	28
-140	650	509	-112
177	215	509	323
-167	955	510	-417
208	0	510	538
-155	1006	510	-468
217	20	510	518
-147	1015	510	-477
255	18	510	520
-125	998	511	-460
255	12	510	526
-125	997	510	-459
255	18	510	520
-120	976	511	-438
255	2	510	536
-121	980	511	-442
255	16	510	522
-120	974	511	-436
255	4	510	534
120	970	510	-432
-127	630	511	-92
255	0	510	538
-122	983	510	-445
255	8	509	530
-120	973	510	-435
255	12	510	526
-124	992	511	-454
255	19	510	519
-120	973	511	-435
255	11	510	527
-120	977	511	-439
255	6	510	532
-120	974	511	-436
255	14	510	524
-120	976	510	-438
255	12	510	526
-121	978	511	-440
255	19	510	519
120	971	510	-433
-123	610	511	-72
255	0	510	538
121	965	510	-427
-126	628	511	-90
255	0	510	538
-122	982	511	-444
255	18	510	520
120	971	510	-433
-126	622	511	-84
255	0	510	538
125	1023	513	-409
138	612	513	2
147	573	512	41
144	619	512	-5
147	601	513	13
146	617	514	-3
147	610	513	4
148	610	513	4
149	605	513	9
149	613	514	1
150	610	514	4
150	610	514	4
152	607	514	7
152	613	515	1
152	610	514	4
154	607	515	7
154	613	515	1
155	606	515	8
155	611	516	3
157	608	516	6
156	614	516	0
158	607	517	7
158	612	516	2
159	607	516	7
160	611	517	3
160	610	517	4
161	610	516	4
161	611	518	3
163	605	518	9
163	615	517	-1
163	613	517	1
164	606	518	8
165	610	519	4
166	610	518	4
165	616	519	-2
167	604	519	10
167	614	519	0
167	612	519	2
169	606	519	8
167	619	519	-5
171	600	520	14
167	628	520	-14
171	598	520	16
169	619	521	-5
171	605	520	9
171	615	520	-1
171	614	521	0
171	610	522	4
173	606	521	8
172	616	522	-2
174	608	522	6
173	617	522	-3
176	602	522	14
175	619	522	-3
176	612	522	4
176	614	523	2
177	611	522	5
177	615	523	1
178	612	524	4
177	616	523	0
180	606	524	10
178	623	523	-7
180	608	524	8
179	617	525	-1
181	608	525	8
180	618	525	-2
181	610	525	6
182	611	524	5
181	619	525	-3
184	606	525	10
182	623	525	-7
183	610	526	6
184	610	526	6
184	615	526	1
185	612	527	4
185	616	527	0
185	616	528	0
186	612	526	4
186	613	527	3
188	610	528	6
186	622	528	-6
188	608	528	8
187	617	528	-1
190	605	528	11
186	633	529	-17
191	593	529	23
187	631	529	-15
192	598	528	18
186	636	529	-20
195	581	529	35
185	657	529	-41
196	572	530	44
184	660	530	-44
199	558	530	58
184	673	530	-57
200	555	531	61
185	671	531	-55
201	554	530	62
187	671	531	-55
200	564	532	52
188	660	531	-44
201	565	532	51
189	663	532	-47
201	571	532	45
190	656	533	-40
201	572	533	44
192	650	533	-34
200	585	533	31
194	638	533	-22
200	593	533	23
195	634	534	-18
200	597	534	19
197	629	534	-13
198	611	534	5
200	609	535	7
198	621	535	-5
201	607	535	9
199	620	535	-4
201	609	535	7
201	614	535	2
202	613	535	3
202	615	536	1
203	612	535	4
202	617	537	-1
205	606	536	10
204	619	536	-3
214	606	537	44
213	648	537	2
214	645	537	5
216	644	537	6
216	648	538	2
217	645	539	5
219	642	538	8
255	641	538	9
255	642	539	8
255	639	539	11
255	635	539	15
255	630	539	20
255	627	540	23
255	623	539	27
255	620	540	30
255	616	540	34
255	612	540	38
255	609	540	41
255	606	540	44
255	603	541	47
255	600	541	50
255	597	540	53
255	594	540	56
255	591	541	59
255	589	541	61
255	587	541	63
255	584	542	66
255	582	542	68
255	579	541	71
255	577	542	73
255	575	542	75
255	573	543	77
255	571	543	79
255	569	542	81
255	567	543	83
255	565	542	85
255	563	542	87
255	562	543	88
255	560	543	90
255	558	542	92
255	556	543	94
255	555	543	95
255	553	543	97
255	552	543	98
255	551	544	99
255	549	544	101
255	548	544	102
255	547	543	103
255	545	544	105
255	544	544	106
255	543	544	107
255	542	544	108
255	541	544	109
255	540	543	110
255	539	544	111
255	538	544	112
255	538	544	112
255	537	544	113
255	537	544	113
255	536	545	114
255	535	544	115
255	534	545	116
255	533	545	117
255	532	545	118
255	532	545	118
255	531	544	119
255	530	545	120
255	530	545	120
255	529	544	121
255	528	544	122
255	528	544	122
255	527	544	123
255	527	544	123
255	526	544	124
255	525	545	125
255	525	545	125
255	524	545	126
255	524	545	126
255	523	545	127
255	523	545	127
255	523	545	127
255	522	545	128
255	522	545	128
255	521	545	129
255	521	544	129
255	521	545	129
255	520	545	130
255	520	545	130
255	520	545	130
255	519	545	131
255	519	545	131
255	518	544	132
255	518	545	132
255	518	545	132
255	518	545	132
255	517	546	133
255	517	545	133
255	517	545	133
255	516	545	134
255	516	545	134
255	516	545	134
255	516	546	134
255	516	546	134
255	515	544	135
255	515	545	135
255	515	545	135
255	515	546	135
255	515	545	135
255	515	545	135
255	514	545	136
255	514	545	136
255	514	545	136
255	513	545	137
255	514	545	136
255	513	545	137
255	513	545	137
255	513	545	137
255	513	545	137
255	513	545	137
255	513	545	137
255	513	544	137
255	513	545	137
255	513	545	137
255	512	545	138
255	512	545	138
255	512	545	138
255	512	545	138
255	512	545	138
255	512	545	138
255	512	545	138
255	512	545	138
255	512	546	138
255	512	545	138
255	512	545	138
0	511	545	-2
0	0	543	509
0	0	542	509
0	0	540	509
0	0	539	509
0	0	537	509
0	0	535	509
0	0	534	509
0	0	533	509
0	0	530	509
0	0	530	509
0	0	528	509
0	0	526	509
0	0	525	509
0	0	525	509
0	0	523	509
0	0	521	509
0	0	521	509
0	0	520	509
0	0	518	509
0	0	517	509
0	0	515	509
0	0	515	509
0	0	514	509
0	0	513	509
0	0	512	509
0	0	510	509
0	0	510	509
0	441	509	68
0	499	510	10
0	505	510	4
0	507	510	2
0	507	510	2
0	508	510	1
0	508	510	1
0	508	510	1
0	509	510	0
0	508	509	1
0	509	510	0
0	509	511	0
0	509	510	0
0	509	510	0
0	509	510	0
0	509	509	0
0	509	510	0
0	509	510	0
0	509	510	0
0	509	510	0
0	509	510	0
0	509	510	0
0	509	510	0
0	509	510	0
0	509	510	0
0	509	510	0
0	509	510	0
0	509	510	0
0	509	510	0
0	509	509	0
0	509	509	0
0	509	510	0
0	509	510	0
0	509	510	0
-122	509	511	-12
142	389	510	108
-169	796	510	-299
179	61	510	436
-192	1016	510	-519
172	21	509	476
-198	1005	510	-508
162	35	510	462
-206	999	510	-502
155	32	510	465
-216	1010	509	-513
150	9	509	488
-219	997	510	-500
143	27	510	470
-255	1012	509	-515
128	24	510	473
-255	1003	510	-506
123	48	509	449
-255	1007	510	-510
126	36	510	461
-255	1006	509	-509
122	52	509	445
-255	1006	510	-509
123	49	509	448
-255	1004	509	-507
121	55	509	442
-255	1016	509	-519
121	57	509	440
-255	1004	510	-507
123	46	509	451
-255	1003	510	-506
121	56	509	441
-255	1004	510	-507
122	52	509	445
-255	1003	509	-506
121	57	509	440
-255	1010	509	-513
124	44	509	453
-255	1003	509	-506
121	57	508	440
-255	1012	509	-515
120	60	509	437
-255	1011	509	-514
122	51	509	446
-255	1011	510	-514
122	52	509	445
-255	1004	510	-507
124	42	509	455
-255	1002	510	-505
121	56	509	441
-255	1004	510	-507
123	49	509	448
-255	1004	510	-507
120	59	509	438
-255	1012	510	-515
120	61	509	436
-255	1005	510	-508
121	54	509	443
-255	1011	510	-514
131	0	507	484
-255	1023	508	-539
-128	88	508	396
-123	410	507	74
-134	525	507	-41
-132	481	507	3
-132	483	507	1
-132	487	508	-3
-131	478	508	6
-133	495	507	-11
-133	486	507	-2
-133	485	507	-1
-133	487	506	-3
-132	478	507	6
-132	484	507	0
-135	497	507	-13
-133	481	507	3
-135	491	506	-7
-134	483	506	1
-135	488	506	-4
-135	485	507	-1
-135	485	506	-1
-135	487	506	-3
-133	477	506	7
-135	490	507	-6
-136	492	506	-8
-136	485	507	-1
-136	486	506	-2
-134	477	506	7
-138	500	506	-16
-136	479	505	5
-137	489	505	-5
-137	486	506	-2
-138	486	505	-2
-135	472	505	12
-138	500	505	-16
-138	486	505	-2
-136	474	506	10
-139	497	506	-13
-136	473	505	11
-137	488	505	-4
-139	497	506	-13
-139	485	505	-1
-155	487	505	-71
-147	388	504	28
-150	429	505	-13
-151	421	504	-5
-150	416	504	0
-152	425	505	-9
-152	416	504	0
-152	417	504	-1
-153	421	504	-5
-153	415	504	1
-154	421	503	-5
-154	418	502	-2
-155	421	503	-5
-154	415	503	1
-156	426	503	-10
-156	418	503	-2
-157	420	502	-4
-157	416	503	0
-157	418	502	-2
-158	422	502	-6
-159	418	502	-2
-157	410	502	6
-160	429	502	-13
-158	408	501	8
-160	427	501	-11
-159	413	501	3
-161	424	501	-8
-159	407	501	9
-161	428	501	-12
-160	413	500	3
-162	425	500	-9
-161	410	499	6
-161	418	499	-2
-163	423	499	-7
-161	410	500	6
-163	427	499	-11
-163	416	500	0
-163	417	499	-1
-164	420	499	-4
-164	417	499	-1
-164	417	498	-1
-165	420	498	-4
-165	416	498	0
-165	419	497	-3
-166	420	497	-4
-165	415	498	1
-168	427	497	-11
-165	405	498	11
-168	429	497	-13
-167	412	496	4
-167	419	497	-3
-169	423	497	-7
-167	410	496	6
-170	429	496	-13
-168	408	496	8
-170	424	496	-8
-169	413	496	3
-170	422	496	-6
-171	418	496	-2
-170	412	495	4
-171	422	496	-6
-172	421	495	-5
-171	412	496	4
-172	422	495	-6
-173	421	495	-5
-173	415	495	1
-172	414	494	2
-174	426	494	-10
-174	414	494	2
-174	418	494	-2
-174	418	493	-2
-175	421	493	-5
-175	416	494	0
-175	418	493	-2
-179	429	492	-17
-189	401	492	-44
-183	338	492	19
-187	370	491	-13
-186	357	492	0
-186	358	492	-1
-189	369	492	-12
-188	355	491	2
-190	363	490	-6
-190	360	490	-3
-192	364	490	-7
-192	362	490	-5
-194	366	489	-9
-196	365	489	-8
-197	363	489	-6
-198	364	488	-7
-200	364	488	-7
-199	356	489	1
-201	364	488	-7
-202	361	488	-4
-202	360	488	-3
-204	364	487	-7
-204	360	487	-3
-206	364	487	-7
-206	360	487	-3
-208	364	486	-7
-209	362	486	-5
-209	359	486	-2
-211	364	486	-7
-212	362	485	-5
-212	359	485	-2
-213	363	484	-6
-215	364	484	-7
-215	360	484	-3
-217	364	484	-7
-218	362	484	-5
-219	363	483	-6
-255	364	483	-7
-217	348	483	9
-255	385	483	-28
-255	359	482	-2
-255	359	482	-2
-255	364	481	-7
-255	369	481	-12
-255	373	481	-16
-255	377	481	-20
-255	382	481	-25
-255	385	481	-28
-255	390	480	-33
-255	393	479	-36
-255	397	480	-40
-255	401	479	-44
-255	404	479	-47
-255	408	479	-51
-255	411	479	-54
-255	414	479	-57
-255	417	479	-60
-255	420	478	-63
-255	423	479	-66
-255	426	478	-69
-255	428	479	-71
-255	431	479	-74
-255	433	478	-76
-255	436	478	-79
-255	438	478	-81
-255	440	477	-83
-255	442	478	-85
-255	444	477	-87
-255	447	477	-90
-255	449	477	-92
-255	451	477	-94
-255	452	476	-95
-255	454	476	-97
-255	456	477	-99
-255	458	477	-101
-255	460	477	-103
-255	461	477	-104
-255	463	477	-106
-255	464	476	-107
-255	466	476	-109
-255	467	476	-110
-255	469	476	-112
-255	470	476	-113
-255	471	476	-114
-255	472	476	-115
-255	474	476	-117
-255	475	476	-118
-255	476	476	-119
-255	477	476	-120
-255	478	476	-121
-255	479	476	-122
-255	480	476	-123
-255	481	476	-124
-255	482	475	-125
-255	483	476	-126
-255	483	475	-126
-255	484	475	-127
-255	485	475	-128
-255	486	475	-129
-255	487	475	-130
-255	487	475	-130
-255	488	475	-131
-255	489	475	-132
-255	489	475	-132
-255	490	475	-133
-255	491	476	-134
-255	491	475	-134
-255	492	475	-135
-255	493	475	-136
-255	493	475	-136
-255	494	474	-137
-255	494	475	-137
-255	494	475	-137
-255	495	475	-138
-255	495	475	-138
-255	496	476	-139
-255	496	475	-139
-255	497	475	-140
-255	497	475	-140
0	498	475	11
0	1023	476	-514
0	1023	479	-514
0	1023	479	-514
0	1023	482	-514
0	1023	483	-514
0	1023	485	-514
0	1023	487	-514
0	1023	488	-514
0	1023	489	-514
0	1023	491	-514
0	1023	492	-514
0	1023	493	-514
0	1023	495	-514
0	1023	496	-514
0	1023	497	-514
0	1023	498	-514
0	1023	499	-514
0	1023	500	-514
0	1023	502	-514
0	1023	503	-514
0	1023	504	-514
0	1023	504	-514
0	1023	506	-514
0	1023	507	-514
0	1023	508	-514
0	1023	508	-514
0	939	510	-430
0	550	509	-41
0	518	509	-9
0	513	510	-4
0	512	510	-3
0	512	510	-3
0	511	510	-2
0	511	510	-2
0	511	509	-2
0	511	509	-2
0	511	509	-2
0	511	509	-2
0	510	510	-1
0	510	510	-1
0	511	509	-2
0	510	509	-1
0	510	510	-1
0	510	510	-1
0	510	510	-1
0	510	509	-1
0	510	510	-1
0	510	509	-1
0	510	510	-1
0	510	509	-1
0	510	509	-1
0	510	510	-1
0	510	510	-1
0	510	510	-1
0	509	510	0
0	510	510	-1
0	510	510	-1
0	510	510	-1
0	510	510	-1
0	510	510	-1
0	510	509	-1
0	510	509	-1
0	510	510	-1
0	510	510	-1
0	510	510	-1
0	510	509	-1
0	510	510	-1
0	510	509	-1
0	510	510	-1
0	510	509	-1
0	510	509	-1
0	510	509	-1
0	510	510	-1
0	510	510	-1
0	510	510	-1
0	510	510	-1
0	509	509	0
0	510	510	-1
0	510	510	-1
0	510	510	-1
0	510	509	-1
0	510	509	-1
0	510	510	-1
0	510	509	-1
0	510	510	-1
0	510	509	-1
0	510	509	-1
0	510	509	-1
0	510	509	-1
0	509	510	0
0	510	509	-1
0	509	509	0
0	510	510	-1
0	510	510	-1
0	510	510	-1
0	509	510	0
0	510	509	-1
0	510	509	-1
0	510	509	-1
0	510	509	-1
0	510	510	-1
0	509	510	0
0	510	510	-1
0	510	510	-1
0	509	509	0
0	509	509	0
0	509	509	0
0	510	510	-1
0	510	510	-1
0	510	509	-1
0	509	509	0
0	509	510	0
0	510	510	-1
0	509	509	0
0	509	509	0
0	509	509	0
0	509	509	0
0	509	510	0
0	509	509	0
0	510	510	-1
0	509	510	0
0	510	509	-1
0	510	509	-1
0	510	510	-1
0	510	510	-1
0	510	510	-1
0	509	509	0
0	510	509	-1
0	510	509	-1
0	510	509	-1
0	510	509	-1
0	510	509	-1
129	510	509	42
-136	662	510	-110
183	219	509	333
-161	964	510	-412
217	0	510	552
-143	1009	510	-457
255	17	509	535
-125	1009	511	-457
255	12	510	540
-121	994	510	-442
255	10	509	542
0	986	510	-434
255	0	511	552
-123	1002	510	-450
255	5	510	547
123	971	510	-419
-124	641	511	-89
255	0	510	552
121	979	510	-427
-124	632	511	-80
255	0	510	552
124	968	511	-416
-120	628	511	-76
255	0	510	552
124	966	510	-414
-124	644	511	-92
255	0	510	552
125	960	510	-408
-124	651	512	-99
255	0	510	552
122	974	510	-422
-124	640	511	-88
255	0	510	552
125	963	510	-411
-120	631	511	-79
255	0	510	552
125	963	510	-411
-120	631	511	-79
255	0	511	552
125	961	511	-409
-124	649	511	-97
255	0	510	552
126	957	511	-405
-125	658	511	-106
255	0	510	552
123	971	511	-419
-124	641	511	-89
255	0	510	552
125	961	511	-409
-123	645	510	-93
255	0	509	552
125	961	511	-409
-123	647	511	-95
255	0	510	552
127	955	510	-403
-124	656	511	-104
255	0	510	552
123	969	510	-417
120	621	511	-69
135	495	511	57
124	590	511	-38
128	540	512	12
127	553	511	-1
127	549	511	3
128	546	512	6
132	534	511	18
127	573	511	-21
128	546	511	6
129	546	511	6
129	551	512	1
129	551	512	1
134	532	512	20
127	575	511	-23
131	539	511	13
130	554	512	-2
134	533	511	19
129	570	512	-18
131	544	512	8
131	550	512	2
136	532	512	20
130	574	512	-22
132	545	513	7
132	550	512	2
132	551	511	1
132	549	512	3
137	530	512	22
132	572	512	-20
133	550	512	2
133	549	513	3
133	549	512	3
138	530	512	22
133	570	513	-18
134	548	513	4
135	548	513	4
134	553	513	-1
135	547	512	5
136	550	513	2
135	555	513	-3
135	549	513	3
140	530	513	22
135	569	513	-17
140	532	514	20
136	566	514	-14
137	550	514	2
141	534	513	18
136	568	513	-16
142	530	513	22
137	569	514	-17
138	549	514	3
142	533	514	19
138	565	515	-13
155	529	514	70
148	620	514	-21
150	591	515	8
150	597	515	2
151	595	515	4
151	597	516	2
152	594	516	5
153	591	516	8
153	598	515	1
154	595	516	4
155	593	516	6
155	600	516	-1
155	597	515	2
156	594	517	5
158	591	517	8
156	603	517	-4
158	591	517	8
158	596	517	3
160	591	516	8
160	598	517	1
160	600	518	-1
160	596	517	3
161	593	518	6
162	595	518	4
162	598	518	1
163	592	518	7
164	597	518	2
163	600	518	-1
165	589	519	10
165	599	519	0
165	597	519	2
166	594	519	5
167	596	519	3
167	597	519	2
168	595	519	4
167	601	520	-2
169	592	520	7
168	602	520	-3
170	592	521	7
168	605	520	-6
171	586	520	13
169	607	520	-8
171	591	521	8
170	601	522	-2
172	591	521	8
170	603	521	-4
173	587	521	12
172	603	522	-4
172	597	522	2
174	592	522	7
173	603	522	-4
174	595	523	4
174	598	523	1
174	595	523	4
176	592	523	7
174	604	523	-5
177	588	523	11
175	605	524	-6
177	590	523	9
177	600	524	-1
177	598	524	1
178	595	524	4
177	600	524	-1
180	590	525	9
177	608	525	-9
180	586	525	13
179	601	524	-2
181	594	525	5
179	604	526	-5
182	589	526	10
179	608	526	-9
183	583	526	16
181	607	525	-8
182	593	526	6
183	595	527	4
182	601	526	-2
184	591	526	8
183	602	527	-3
184	594	527	5
185	596	527	3
183	605	527	-6
186	587	527	12
185	602	527	-3
189	589	528	14
184	622	528	-19
189	580	528	23
187	611	528	-8
188	599	529	4
189	597	529	6
188	609	529	-6
190	593	529	10
188	613	530	-10
190	592	529	11
189	609	530	-6
190	596	530	7
190	604	530	-1
191	600	530	3
190	606	530	-3
192	595	530	8
190	609	530	-6
193	592	530	11
191	609	530	-6
193	593	531	10
193	604	531	-1
193	603	531	0
194	600	532	3
193	607	532	-4
195	594	532	9
192	614	532	-11
197	583	533	20
192	623	532	-20
198	577	533	26
193	624	533	-21
198	582	533	21
194	618	533	-15
198	587	534	16
195	614	533	-11
199	589	534	14
195	616	534	-13
200	583	534	20
196	617	534	-14
200	587	535	16
198	613	534	-10
199	599	535	4
199	603	536	0
200	598	535	5
199	604	535	-1
201	595	535	8
201	602	536	1
202	601	536	2
201	604	536	-1
203	596	536	7
203	604	536	-1
203	602	537	1
204	599	536	4
204	603	537	0
205	599	537	4
205	601	537	2
206	599	538	4
206	602	537	1
207	598	537	5
207	602	538	1
208	598	537	5
209	600	538	3
209	602	538	1
210	599	538	4
210	601	539	2
211	598	539	5
212	599	540	4
213	599	539	4
213	601	540	2
215	598	540	5
214	604	540	-1
216	597	540	6
216	601	540	2
217	599	541	4
218	598	540	5
219	598	541	5
255	597	541	6
255	599	541	4
255	597	541	6
255	594	541	9
255	591	541	12
255	588	541	15
255	586	541	17
255	584	542	19
255	581	542	22
255	579	542	24
255	577	542	26
255	574	542	29
255	572	541	31
255	571	542	32
255	568	542	35
255	566	542	37
255	565	542	38
255	563	542	40
255	561	543	42
255	560	543	43
255	558	543	45
255	556	543	47
255	555	544	48
255	553	543	50
255	552	543	51
255	550	544	53
255	549	543	54
255	548	543	55
255	546	544	57
255	545	543	58
255	544	543	59
255	543	544	60
255	542	543	61
255	542	544	61
255	541	544	62
255	540	544	63
255	539	545	64
255	538	544	65
255	537	544	66
255	536	543	67
255	535	544	68
255	534	545	69
255	533	544	70
255	533	544	70
255	532	544	71
255	531	545	72
255	531	545	72
255	530	544	73
255	529	544	74
255	528	544	75
255	528	544	75
255	527	545	76
255	527	544	76
255	526	545	77
255	526	544	77
255	525	545	78
255	525	545	78
255	524	545	79
255	524	545	79
255	523	545	80
255	523	545	80
255	522	545	81
255	522	544	81
255	521	544	82
255	521	544	82
255	521	545	82
255	520	544	83
255	520	544	83
255	520	545	83
255	519	544	84
255	520	544	83
255	519	544	122
255	518	545	123
255	518	545	123
255	518	546	123
255	518	545	123
255	518	545	123
255	517	545	124
255	517	545	124
255	517	545	124
255	516	545	125
255	516	546	125
255	516	545	125
255	516	545	125
255	515	545	126
255	515	545	126
255	515	544	126
255	515	545	126
255	515	545	126
255	514	545	127
255	514	544	127
255	514	545	127
255	514	545	127
255	514	545	127
255	514	545	127
255	513	545	128
255	513	545	128
255	513	545	128
255	513	545	128
255	513	545	128
255	513	545	128
255	513	545	128
255	513	546	128
255	512	545	129
255	512	545	129
255	512	545	129
255	512	546	129
255	512	545	129
255	512	545	129
0	512	545	-3
0	0	544	509
0	0	542	509
0	0	540	509
0	0	538	509
0	0	537	509
0	0	536	509
0	0	534	509
0	0	532	509
0	0	531	509
0	0	529	509
0	0	527	509
0	0	526	509
0	0	525	509
0	0	524	509
0	0	522	509
0	0	522	509
0	0	520	509
0	0	520	509
0	0	519	509
0	0	517	509
0	0	516	509
0	0	515	509
0	0	514	509
0	0	513	509
0	0	512	509
0	0	511	509
0	0	511	509
0	433	510	76
0	499	510	10
0	505	509	4
0	507	510	2
0	507	510	2
0	508	510	1
0	508	510	1
0	508	510	1
0	508	510	1
0	509	510	0
0	508	510	1
0	509	510	0
0	509	510	0
0	509	510	0
0	509	510	0
0	509	510	0
0	509	510	0
0	509	510	0
0	509	510	0
0	509	510	0
0	510	510	-1
0	509	510	0
0	509	510	0
0	509	510	0
0	509	510	0
0	509	510	0
0	509	510	0
0	509	510	0
0	509	510	0
0	509	510	0
0	509	510	0
0	509	510	0
0	509	510	0
0	510	511	-1
0	509	510	0
0	509	510	0
0	509	510	0
0	510	511	-1
0	509	510	0
0	510	510	-1
0	509	510	0
0	509	510	0
0	509	510	0
0	509	510	0
0	510	510	-1
0	509	510	0
0	509	510	0
-134	509	510	-63
130	347	510	99
-201	832	510	-386
150	10	509	436
-255	1003	510	-557
-120	13	509	433
-124	408	508	38
-134	488	509	-42
-130	435	508	11
-132	452	508	-6
-132	448	508	-2
-132	450	508	-4
-134	454	508	-8
-134	446	508	0
-131	437	508	9
-136	467	508	-21
-135	444	508	2
-135	449	508	-3
-134	443	507	3
-135	451	508	-5
-138	459	507	-13
-137	443	507	3
-138	450	506	-4
-138	448	507	-2
-136	441	506	5
-138	454	507	-8
-140	457	506	-11
-140	446	506	0
-138	438	507	8
-141	462	506	-16
-139	439	506	7
-142	460	506	-14
-142	446	505	0
-140	438	505	8
-143	461	506	-15
-143	447	506	-1
-143	447	505	-1
-144	450	505	-4
-143	446	505	0
-143	446	505	0
-144	449	505	-3
-145	454	505	-8
-146	449	505	-3
-145	444	504	2
-145	445	504	1
-147	456	504	-10
-146	446	505	0
-148	450	504	-7
-148	447	504	-4
-149	448	503	-5
-149	444	504	-1
-150	446	504	-3
-149	442	503	1
-151	450	503	-7
-149	436	504	7
-151	454	503	-11
-151	446	503	-3
-152	446	503	-3
-151	442	502	1
-153	450	503	-7
-152	441	503	2
-153	448	503	-5
-153	442	502	1
-153	447	502	-4
-154	446	502	-3
-154	445	502	-2
-155	446	502	-3
-154	443	502	0
-155	447	502	-4
-156	447	501	-4
-155	442	501	1
-157	450	501	-7
-156	440	501	3
-157	447	501	-4
-156	442	501	1
-158	452	501	-9
-157	441	500	2
-158	447	501	-4
-158	443	500	0
-158	445	501	-2
-159	448	500	-5
-158	440	500	3
-160	451	500	-8
-158	434	500	9
-160	454	500	-11
-159	440	500	3
-161	449	500	-6
-158	431	499	12
-162	462	500	-19
-158	429	499	14
-164	465	499	-22
-157	418	498	25
-165	473	499	-30
-157	415	499	28
-166	477	498	-34
-157	411	499	32
-166	479	498	-36
-159	417	498	26
-165	467	498	-24
-160	425	498	18
-166	464	498	-21
-160	420	498	23
-166	468	498	-25
-161	427	497	16
-166	460	498	-17
-161	427	497	16
-167	464	497	-21
-162	424	498	19
-166	460	497	-17
-163	435	497	8
-167	457	496	-14
-163	430	497	13
-168	461	497	-18
-163	426	496	17
-168	463	496	-20
-165	431	496	12
-167	452	496	-9
-166	441	496	2
-168	449	497	-6
-166	438	496	5
-168	452	496	-9
-167	440	496	3
-168	448	496	-5
-168	443	495	0
-168	444	495	-1
-169	446	495	-3
-168	440	495	3
-170	450	495	-7
-168	437	495	6
-171	455	495	-12
-168	433	494	10
-171	456	495	-13
-170	437	494	6
-170	444	495	-1
-171	447	494	-4
-171	444	493	-1
-170	442	494	1
-173	453	494	-10
-170	431	494	12
-173	455	493	-12
-172	440	493	3
-172	446	494	-3
-173	446	493	-3
-172	440	493	3
-173	449	492	-6
-174	448	493	-5
-173	437	493	6
-173	446	493	-3
-175	450	492	-7
-173	436	492	7
-175	452	492	-9
-174	440	493	3
-175	448	492	-5
-175	444	492	-1
-176	445	492	-2
-175	439	492	4
-177	452	492	-9
-176	440	492	3
-176	443	492	0
-177	447	491	-4
-177	445	491	-2
-177	442	491	1
-177	444	491	-1
-177	446	491	-3
-179	449	491	-6
-178	441	491	2
-178	443	490	0
-179	446	491	-3
-178	442	491	1
-180	449	490	-6
-180	445	490	-2
-179	440	490	3
-180	449	490	-6
-181	446	490	-3
-180	439	490	4
-181	448	489	-5
-182	448	489	-5
-181	439	489	4
-181	445	489	-2
-183	449	489	-6
-181	438	489	5
-184	455	488	-12
-182	435	488	8
-183	445	488	-2
-182	441	488	2
-184	451	488	-8
-184	443	488	0
-183	438	488	5
-189	452	488	-28
-188	424	487	0
-187	421	488	3
-189	429	487	-5
-188	423	487	1
-189	429	487	-5
-191	433	487	-9
-191	422	486	2
-191	424	486	0
-191	427	487	-3
-192	429	487	-5
-193	429	487	-5
-194	428	486	-4
-196	432	486	-8
-196	424	486	0
-196	425	486	-1
-197	428	485	-4
-197	428	485	-4
-199	430	485	-6
-198	420	485	4
-199	428	485	-4
-200	429	485	-5
-199	423	485	1
-201	429	485	-5
-200	423	485	1
-201	429	484	-5
-202	428	485	-4
-202	426	484	-2
-203	428	484	-4
-204	426	484	-2
-204	424	484	0
-204	426	483	-2
-205	429	483	-5
-206	427	483	-3
-206	425	483	-1
-207	430	483	-6
-207	425	483	-1
-208	428	483	-4
-209	426	482	-2
-208	423	482	1
-210	430	482	-6
-210	427	482	-3
-211	426	482	-2
-211	424	482	0
-211	426	481	-2
-213	430	481	-6
-212	423	481	1
-213	429	481	-5
-214	428	481	-4
-215	426	480	-2
-215	424	481	0
-255	431	480	-80
-255	400	480	-49
-255	398	480	-47
-255	401	480	-50
-255	405	479	-54
-255	408	479	-57
-255	412	479	-61
-255	415	479	-64
-255	418	479	-67
-255	421	479	-70
-255	423	479	-72
-255	426	479	-75
-255	429	478	-78
-255	431	479	-80
-255	434	478	-83
-255	436	479	-85
-255	439	478	-88
-255	441	478	-90
-255	443	477	-92
-255	445	477	-94
-255	447	478	-96
-255	449	477	-98
-255	451	477	-100
-255	453	477	-102
-255	455	477	-104
-255	457	477	-106
-255	459	477	-108
-255	460	477	-109
-255	462	477	-111
-255	463	477	-112
-255	465	477	-114
-255	466	476	-115
-255	467	477	-116
-255	469	476	-118
-255	470	476	-119
-255	471	476	-120
-255	473	476	-122
-255	474	476	-123
-255	475	476	-124
-255	476	476	-125
-255	477	476	-126
-255	478	476	-127
-255	479	477	-128
-255	480	476	-129
-255	481	476	-130
-255	482	475	-131
-255	483	476	-132
-255	484	476	-133
-255	485	475	-134
-255	485	475	-134
-255	486	476	-135
-255	487	475	-136
-255	488	476	-137
-255	488	476	-137
-255	489	475	-138
-255	489	475	-138
-255	490	475	-139
-255	491	475	-140
-255	491	475	-140
-255	492	476	-141
-255	493	475	-142
-255	493	475	-142
-255	494	476	-143
-255	494	475	-143
-255	495	476	-144
-255	495	475	-144
-255	496	476	-145
-255	496	475	-145
-255	497	476	-146
-255	497	475	-146
-255	497	475	-146
-255	498	475	-147
-255	498	475	-147
-255	499	475	-148
-255	499	474	-148
-255	499	475	-148
-255	500	475	-149
-255	500	475	-149
-255	500	475	-149
-255	500	475	-149
-255	501	475	-150
-255	501	475	-150
-255	501	475	-150
-255	501	475	-150
-255	502	475	-151
-255	502	475	-151
-255	502	475	-151
-255	503	475	-152
-255	503	475	-152
-255	503	474	-152
-255	503	475	-152
-255	503	475	-152
-255	504	475	-153
-255	504	475	-153
-255	504	475	-153
-255	504	475	-153
-255	505	474	-154
-255	505	474	-154
-255	505	475	-154
-255	505	474	-154
-255	505	474	-154
-255	505	475	-154
-255	505	475	-154
-255	505	474	-154
-255	506	474	-155
-255	505	474	-154
-255	506	475	-155
-255	506	475	-155
-255	506	474	-155
-255	506	475	-155
-255	506	475	-155
-255	506	475	-155
-255	506	474	-155
-255	507	474	-156
-255	507	474	-156
-255	507	474	-156
-255	507	474	-156
-255	507	475	-156
-255	507	475	-156
-255	507	474	-156
-255	507	475	-156
-255	507	474	-156
-255	507	474	-156
-255	508	475	-157
-255	508	474	-157
-255	507	475	-156
-255	508	475	-157
-255	508	475	-157
-255	508	475	-157
-255	508	474	-157
-255	508	474	-157
-255	508	474	-157
-255	508	475	-157
-255	508	474	-157
-255	508	474	-157
-255	508	475	-157
-255	508	474	-157
-255	508	474	-157
-255	508	475	-157
-255	508	473	-157
-255	508	475	-157
-255	509	475	-158
-255	508	474	-157
-255	509	474	-158
-255	508	475	-157
-255	508	475	-157
-255	509	474	-158
-255	509	474	-158
-255	509	474	-158
-255	509	475	-158
-255	509	474	-158
-255	509	475	-158
-255	509	474	-158
-255	509	475	-158
-255	509	474	-158
-255	509	475	-158
-255	509	474	-158
-255	509	474	-158
-255	509	475	-158
-255	509	474	-158
-255	509	474	-158
-255	509	475	-158
-255	509	474	-158
-255	509	474	-158
0	509	475	0
0	1023	476	-514
0	1023	478	-514
0	1023	480	-514
0	1023	481	-514
0	1023	483	-514
0	1023	485	-514
0	1023	486	-514
0	1023	488	-514
0	1023	488	-514
0	1023	490	-514
0	1023	492	-514
0	1023	493	-514
0	1023	495	-514
0	1023	496	-514
0	1023	497	-514
0	1023	498	-514
0	1023	499	-514
0	1023	500	-514
0	1023	502	-514
0	1023	502	-514
0	1023	504	-514
0	1023	505	-514
0	1023	507	-514
0	1023	507	-514
0	1023	508	-514
0	1023	508	-514
0	1023	510	-514
0	570	510	-61
0	520	509	-11
0	514	510	-5
0	513	509	-4
0	512	509	-3
0	511	510	-2
0	511	509	-2
0	511	509	-2
0	511	510	-2
0	511	509	-2
0	510	509	-1
0	510	509	-1
0	510	509	-1
0	510	509	-1
0	510	509	-1
0	510	509	-1
0	510	510	-1
0	510	509	-1
0	510	509	-1
0	510	510	-1
0	510	509	-1
0	510	509	-1
0	510	509	-1
0	510	510	-1
0	510	510	-1
0	510	510	-1
0	510	509	-1
0	510	509	-1
0	510	509	-1
0	510	509	-1
0	510	509	-1
0	510	510	-1
0	510	510	-1
0	510	510	-1
0	510	509	-1
0	510	509	-1
0	510	510	-1
0	510	509	-1
0	510	509	-1
0	510	510	-1
0	510	510	-1
0	510	509	-1
0	510	509	-1
0	510	510	-1
0	510	510	-1
0	510	510	-1
0	510	509	-1
0	510	509	-1
0	510	509	-1
0	510	510	-1
0	510	509	-1
0	509	510	0
0	510	510	-1
0	510	509	-1
0	510	509	-1
0	510	510	-1
0	510	510	-1
0	510	510	-1
0	510	510	-1
0	510	509	-1
0	510	510	-1
0	510	509	-1
0	510	510	-1
0	510	510	-1
0	510	509	-1
0	510	510	-1
0	510	509	-1
0	510	509	-1
0	510	509	-1
0	510	510	-1
0	510	509	-1
0	510	509	-1
0	510	510	-1
0	509	509	0
0	509	509	0
0	510	509	-1
0	510	510	-1
0	510	509	-1
0	509	510	0
0	510	509	-1
0	509	509	0
0	510	510	-1
0	510	510	-1
0	510	510	-1
0	509	509	0
0	510	509	-1
0	509	509	0
0	510	509	-1
0	509	509	0
0	510	510	-1
0	510	509	-1
0	510	509	-1
0	510	510	-1
0	510	509	-1
0	510	509	-1
0	510	509	-1
0	510	509	-1
0	510	510	-1
0	509	509	0
0	510	510	-1
0	510	510	-1
0	510	509	-1
0	510	509	-1
0	510	510	-1
0	510	510	-1
0	510	510	-1
0	509	509	0
0	509	509	0
0	510	510	-1
0	509	510	0
0	510	510	-1
0	510	509	-1
0	510	510	-1
0	510	509	-1
0	509	510	0
0	510	509	-1
0	510	509	-1
128	510	509	39
-137	658	510	-109
181	220	509	329
-162	960	510	-411
215	1	509	548
-147	1014	510	-465
255	27	510	522
-125	1006	510	-457
255	14	510	535
-122	995	510	-446
255	16	510	533
120	980	511	-431
-123	623	511	-74
255	0	510	549
122	973	510	-424
-124	635	511	-86
255	0	510	549
123	968	511	-419
-124	640	510	-91
255	0	510	549
120	980	511	-431
-120	610	511	-61
255	0	511	549
122	970	511	-421
-123	633	511	-84
255	0	510	549
123	966	510	-417
-120	621	510	-72
255	0	510	549
125	961	510	-412
-125	649	510	-100
255	0	509	549
121	975	510	-426
-124	634	511	-85
255	0	510	549
124	965	510	-416
-121	627	510	-78
255	0	510	549
124	963	511	-414
-124	644	511	-95
255	0	510	549
125	958	510	-409
-125	650	512	-101
255	0	510	549
122	973	510	-424
-125	637	511	-88
255	0	510	549
124	963	510	-414
-120	626	511	-77
255	0	510	549
124	962	509	-413
-120	626	511	-77
255	0	510	549
125	960	509	-411
-124	647	511	-98
255	0	510	549
125	958	510	-409
-126	654	510	-105
255	0	510	549
122	972	511	-423
-125	637	511	-88
255	0	510	549
125	960	510	-411
-120	629	510	-80
255	0	510	549
125	960	510	-411
-124	645	511	-96
255	0	511	549
126	955	510	-406
-125	652	511	-103
255	0	510	549
122	970	511	-421
-124	637	511	-88
255	0	510	549
125	960	510	-411
-120	629	511	-80
255	0	510	549
125	960	511	-411
-120	629	511	-80
255	0	510	549
126	955	510	-406
-125	652	511	-103
255	0	509	549
123	969	510	-420
-125	641	511	-92
255	0	510	549
125	959	511	-410
-120	630	511	-81
255	0	510	549
125	959	511	-410
-120	629	511	-80
255	0	510	549
125	958	511	-409
-124	646	511	-97
255	0	510	549
126	955	511	-406
-126	656	511	-107
255	0	510	549
122	970	511	-421
-124	635	511	-86
255	0	510	549
125	959	511	-410
-121	633	511	-84
255	0	510	549
125	958	510	-409
-124	646	512	-97
255	0	510	549
126	954	510	-405
-124	650	511	-101
255	0	510	549
123	968	511	-419
-124	639	512	-90
255	0	510	549
125	958	510	-409
-123	644	511	-95
255	0	510	549
125	958	510	-409
-123	643	512	-94
255	0	511	549
126	954	511	-405
-124	650	511	-101
255	0	510	549
124	963	511	-414
-124	642	511	-93
255	0	510	549
124	963	511	-414
-123	639	511	-90
255	0	510	549
125	958	511	-409
-123	643	511	-94
255	0	510	549
126	955	510	-406
-124	650	511	-101
255	0	510	549
127	952	510	-403
-125	655	512	-106
255	0	510	549
123	966	510	-417
0	620	511	-71
255	0	511	549
127	952	510	-403
153	551	511	61
136	673	512	-61
138	612	511	0
143	589	512	23
140	622	512	-10
144	596	512	16
142	619	512	-7
142	610	512	2
144	604	512	8
146	599	512	13
147	608	513	4
145	617	513	-5
147	605	513	7
147	608	514	4
148	606	514	6
149	607	513	5
151	603	514	9
150	614	514	-2
151	607	514	5
152	608	515	4
152	609	515	3
154	602	515	10
154	612	515	0
154	611	516	1
155	607	515	5
156	604	516	8
156	610	516	2
157	606	516	6
158	608	516	4
158	610	516	2
159	607	516	5
161	605	517	7
159	615	517	-3
162	603	517	9
161	613	517	-1
162	607	517	5
163	607	517	5
163	609	518	3
164	606	518	6
165	608	518	4
165	611	518	1
166	608	518	4
166	610	519	2
167	607	518	5
168	607	520	5
167	614	519	-2
170	601	519	11
167	621	519	-9
170	599	520	13
170	613	520	-1
169	614	520	-2
171	602	520	10
170	614	520	-2
172	604	521	8
172	613	521	-1
172	612	521	0
172	608	521	4
174	605	522	7
173	616	521	-4
174	607	522	5
174	609	523	3
175	607	522	5
175	610	522	2
176	608	522	4
176	611	523	1
177	609	523	3
176	613	523	-1
179	602	523	10
176	620	523	-8
180	598	524	14
177	620	524	-8
181	599	524	13
178	621	525	-9
181	600	525	12
180	615	525	-3
181	609	525	3
181	610	525	2
182	607	526	5
182	611	525	1
183	608	526	4
183	612	525	0
183	610	526	2
184	606	526	6
184	610	526	2
185	610	527	2
185	611	527	1
186	609	527	3
185	613	527	-1
187	603	527	9
186	616	527	-4
187	607	528	5
188	606	527	6
188	612	528	0
189	609	528	3
187	621	529	-9
190	599	529	13
187	622	529	-10
192	591	529	21
187	632	529	-20
193	586	530	26
188	633	530	-21
193	591	529	21
189	628	530	-16
194	592	530	20
188	633	530	-21
197	575	530	37
186	655	530	-43
201	556	531	56
185	674	531	-62
201	548	531	64
188	662	531	-50
200	563	532	49
189	654	532	-42
201	565	532	47
190	656	532	-44
200	573	533	39
192	643	532	-31
200	580	533	32
193	638	532	-26
200	584	533	28
194	634	533	-22
201	585	533	27
196	632	533	-20
199	601	534	11
197	616	535	-4
200	602	535	10
198	619	535	-7
200	604	533	8
200	611	536	1
201	609	536	3
200	612	535	0
202	604	535	8
202	612	536	0
202	610	536	2
204	607	535	5
202	616	536	-4
205	603	536	9
204	613	537	-1
205	607	536	5
206	608	537	4
206	611	537	1
207	608	538	4
207	611	537	1
208	607	538	5
209	609	538	3
209	610	538	2
210	607	539	5
211	609	538	3
211	609	538	3
213	606	539	6
213	610	539	2
214	607	539	5
215	609	539	3
215	610	539	2
216	606	539	6
217	607	540	5
218	607	540	5
255	606	540	6
255	604	541	66
255	602	541	68
255	599	541	71
255	596	541	74
255	593	541	77
255	590	541	80
255	588	541	82
255	585	541	85
255	583	541	87
255	580	542	90
255	578	542	92
255	576	542	94
255	574	542	96
255	572	542	98
255	570	542	100
255	568	543	102
255	566	543	104
255	564	542	106
255	563	542	107
255	561	543	109
255	559	543	111
255	558	543	112
255	556	543	114
255	555	544	115
255	553	543	117
255	552	543	118
255	551	543	119
255	549	543	121
255	548	543	122
255	547	544	123
255	546	544	124
255	544	544	126
255	543	544	127
255	543	544	127
255	541	543	129
255	540	544	130
255	539	544	131
255	538	544	132
255	537	544	133
255	537	544	133
255	536	544	134
255	535	544	135
255	534	544	136
255	533	544	137
255	532	544	138
255	532	545	138
255	531	544	139
255	530	544	140
255	530	544	140
255	529	544	141
255	528	545	142
255	528	544	142
0	526	545	-17
0	0	543	509
0	0	542	509
0	0	540	509
0	0	537	509
0	0	536	509
0	0	534	509
0	0	533	509
0	0	531	509
0	0	530	509
0	0	529	509
0	0	528	509
0	0	526	509
0	0	525	509
0	0	524	509
0	0	522	509
0	0	521	509
0	0	520	509
0	0	518	509
0	0	517	509
0	0	517	509
0	0	516	509
0	0	514	509
0	0	512	509
0	0	512	509
0	0	512	509
0	0	510	509
0	184	510	325
0	481	510	28
0	503	510	6
0	506	510	3
0	507	510	2
0	508	511	1
0	508	510	1
0	508	510	1
0	508	510	1
0	509	510	0
0	509	510	0
0	509	510	0
0	509	510	0
0	509	510	0
0	509	510	0
0	509	510	0
0	509	510	0
0	509	510	0
0	509	510	0
0	509	511	0
0	509	510	0
0	509	510	0
0	509	510	0
0	509	510	0
0	509	509	0
0	509	510	0
0	509	509	0
0	509	509	0
0	509	510	0
-121	509	510	-8
142	398	510	103
-167	791	510	-290
179	71	510	430
-192	1019	510	-518
174	18	509	483
-194	998	511	-497
167	37	510	464
-165	818	511	-341
194	0	510	477
-159	911	510	-434
202	5	510	472
-163	963	511	-486
195	23	509	454
-163	936	510	-459
198	6	509	471
-166	962	510	-485
193	16	510	461
-167	942	510	-465
193	13	510	464
-168	949	510	-472
191	14	510	463
-169	942	511	-465
190	19	510	458
-170	943	510	-466
190	12	510	465
-174	958	510	-481
186	14	510	463
-176	950	511	-473
185	9	510	468
-181	971	510	-494
178	18	510	459
-190	977	511	-500
169	20	510	457
-204	1002	510	-525
155	22	510	455
-216	993	511	-516
144	16	510	461
-255	1002	509	-525
125	19	509	458
-255	1009	510	-532
120	39	509	438
-255	1011	510	-534
120	42	509	435
-255	1004	510	-527
121	37	510	440
-255	1003	509	-526
120	42	509	435
-255	1010	510	-533
120	42	509	435
-255	1010	509	-533
120	38	509	439
-255	1010	509	-533
120	39	510	438
-255	1010	510	-533
-121	48	509	429
122	405	508	72
-255	1023	510	-546
-123	58	509	419
123	392	509	85
-255	1023	509	-546
-122	55	509	422
123	396	508	81
-255	1023	509	-546
-123	60	509	417
-147	499	509	-47
-124	363	509	89
-133	479	508	-27
-133	457	508	-5
-133	452	508	0
-131	445	507	7
-135	469	508	-17
-134	451	508	1
-132	446	508	6
-137	471	508	-19
-135	446	507	6
-133	447	507	5
-138	473	507	-21
-134	438	507	14
-138	469	507	-17
-138	452	506	0
-137	451	507	1
-139	459	507	-7
-138	451	507	1
-137	448	506	4
-138	457	507	-5
-140	464	507	-12
-140	454	506	-2
-141	455	507	-3
-140	451	506	1
-140	450	506	2
-140	453	506	-1
-142	464	506	-12
-142	455	506	-3
-143	455	505	-3
-143	452	506	0
-141	445	505	7
-144	468	504	-16
-142	446	505	6
-145	465	505	-13
-145	451	504	1
-144	451	505	1
-146	459	504	-7
-145	450	505	2
-146	457	504	-5
-146	454	504	-2
-147	455	504	-3
-146	451	504	1
-148	459	504	-7
-147	450	504	2
-148	456	504	-4
-146	447	503	5
-150	467	504	-15
-146	441	504	11
-151	470	503	-18
-148	444	503	8
-150	460	503	-8
-150	453	503	-1
-149	448	503	4
-151	462	503	-10
-150	448	503	4
-151	459	502	-7
-152	455	502	-3
-151	450	503	2
-152	458	502	-6
-153	455	502	-3
-152	449	502	3
-153	457	502	-5
-152	450	502	2
-154	461	502	-9
-154	451	501	1
-153	452	502	0
-154	457	502	-5
-155	454	502	-2
-154	451	501	1
-156	459	502	-7
-155	449	501	3
-155	455	501	-3
-157	459	501	-7
-155	447	501	5
-157	461	500	-9
-157	452	501	0
-156	450	500	2
-158	461	501	-9
-157	449	501	3
-158	456	501	-4
-158	452	500	0
-158	451	500	1
-158	455	500	-3
-159	457	499	-5
-158	449	500	3
-160	459	499	-7
-157	443	499	9
-161	469	499	-17
-157	436	499	16
-162	472	499	-20
-157	432	499	20
-162	472	499	-20
-158	437	499	15
-162	469	499	-17
-158	439	498	13
-164	475	499	-23
-157	427	498	25
-165	483	498	-31
-158	425	498	27
-164	477	498	-25
-159	434	498	18
-165	474	497	-22
-159	430	497	22
-165	477	498	-25
-160	434	499	18
-165	471	497	-19
-161	435	497	17
-163	463	496	-11
-163	453	497	-1
-163	452	497	0
-164	455	497	-3
-163	448	497	4
-164	457	496	-5
-182	455	497	-81
-166	313	497	61
-178	421	496	-47
-172	355	497	19
-177	390	496	-16
-173	360	495	14
-177	389	496	-15
-175	367	495	7
-177	382	495	-8
-177	378	494	-4
-178	380	495	-6
-178	374	494	0
-180	381	494	-7
-178	369	493	5
-182	388	493	-14
-178	360	493	14
-182	391	493	-17
-180	369	493	5
-184	391	492	-17
-181	362	492	12
-185	390	492	-16
-182	364	491	10
-185	385	491	-11
-185	376	491	-2
-185	373	491	1
-186	377	491	-3
-186	377	490	-3
-187	380	490	-6
-188	379	490	-5
-189	378	490	-4
-191	383	490	-9
-191	374	490	0
-191	377	489	-3
-193	381	489	-7
-195	384	489	-10
-195	377	489	-3
-197	380	488	-6
-198	379	488	-5
-198	378	488	-4
-200	381	487	-7
-200	374	488	0
-200	376	487	-2
-202	381	486	-7
-202	377	486	-3
-203	379	487	-5
-204	379	486	-5
-205	379	486	-5
-206	378	486	-4
-207	377	485	-3
-207	377	485	-3
-208	380	485	-6
-210	381	485	-7
-210	375	484	-1
-211	379	484	-5
-212	378	484	-4
-213	380	484	-6
-214	377	483	-3
-214	377	483	-3
-216	381	483	-7
-217	378	483	-4
-217	378	483	-4
-219	381	482	-7
-255	380	483	-6
-217	363	481	11
-255	399	482	-25
-219	373	482	1
-255	393	481	-19
-255	380	481	-6
-255	381	481	-7
-255	385	481	-11
-255	389	481	-15
-255	393	480	-19
-255	396	480	-22
-255	400	480	-26
-255	404	479	-30
-255	407	479	-33
-255	410	479	-36
-255	413	478	-39
-255	416	479	-42
-255	419	479	-45
-255	422	479	-48
-255	425	478	-51
-255	427	478	-53
-255	430	478	-56
-255	433	478	-59
-255	435	478	-61
-255	437	478	-63
-255	440	478	-66
-255	442	478	-68
-255	444	478	-70
-255	446	477	-72
-255	449	476	-75
-255	451	477	-77
-255	452	477	-78
-255	454	477	-80
-255	456	477	-82
-255	458	477	-84
-255	459	477	-85
-255	461	477	-87
-255	462	476	-88
-255	464	477	-90
-255	466	476	-92
-255	467	476	-93
-255	468	476	-94
-255	470	476	-96
-255	471	477	-97
-255	472	476	-98
-255	473	476	-99
-255	475	476	-101
-255	476	476	-102
-255	477	476	-103
-255	478	476	-104
-255	479	476	-105
-255	480	475	-106
-255	481	476	-107
-255	482	476	-108
-255	483	475	-109
-255	484	476	-110
-255	484	475	-110
-255	485	476	-111
-255	486	475	-112
-255	486	475	-112
-255	487	475	-113
-255	488	475	-114
-255	489	476	-115
-255	489	475	-115
-255	490	476	-116
-255	491	475	-117
-255	491	475	-117
-255	492	475	-118
-255	492	476	-118
-255	493	475	-119
-255	493	476	-119
-255	494	475	-120
-255	495	475	-121
-255	495	474	-121
-255	495	475	-121
-255	496	475	-122
-255	496	476	-122
-255	497	475	-123
-255	497	475	-123
-255	498	475	-124
-255	498	474	-124
-255	498	474	-124
-255	499	475	-125
-255	499	474	-125
-255	499	475	-125
-255	500	475	-126
-255	500	475	-126
-255	500	475	-126
-255	501	475	-127
-255	501	475	-127
-255	501	475	-127
-255	502	475	-128
-255	502	475	-128
-255	502	475	-128
-255	502	475	-128
-255	502	475	-128
-255	503	475	-129
-255	503	475	-129
-255	503	475	-129
-255	503	475	-129
-255	504	475	-130
-255	504	474	-130
-255	504	475	-130
-255	504	475	-130
-255	504	474	-130
-255	504	475	-130
-255	505	474	-131
-255	505	475	-131
-255	505	474	-131
-255	505	474	-131
-255	505	474	-131
-255	505	474	-131
-255	505	475	-131
-255	506	474	-132
-255	506	475	-132
-255	506	475	-132
-255	506	474	-132
-255	506	475	-132
-255	506	475	-132
-255	506	475	-132
-255	506	474	-132
-255	507	474	-133
-255	507	475	-133
-255	507	475	-133
-255	507	475	-133
-255	507	474	-133
-255	507	474	-133
-255	507	474	-133
-255	507	475	-133
-255	507	475	-136
-255	508	475	-137
-255	508	474	-137
-255	507	474	-136
-255	508	475	-137
-255	508	474	-137
-255	508	474	-137
-255	508	475	-137
-255	508	475	-137
-255	508	474	-137
-255	508	474	-137
-255	508	474	-137
-255	508	474	-137
-255	508	475	-137
-255	508	475	-137
-255	508	475	-137
-255	508	475	-137
-255	508	475	-137
-255	508	475	-137
-255	508	474	-137
-255	508	474	-137
-255	509	474	-138
-255	509	474	-138
-255	509	475	-138
-255	508	475	-137
-255	509	474	-138
-255	509	475	-138
-255	509	474	-138
-255	509	474	-138
-255	509	474	-138
-255	509	474	-138
-255	509	474	-138
-255	509	474	-138
-255	509	475	-138
-255	509	475	-138
-255	509	474	-138
-255	509	474	-138
-255	509	474	-138
-255	509	475	-138
-255	509	475	-138
-255	509	474	-138
-255	509	475	-138
-255	509	474	-138
-255	509	474	-138
-255	509	475	-138
-255	509	474	-138
-255	509	475	-138
-255	509	474	-138
-255	509	474	-138
-255	509	474	-138
-255	509	474	-138
-255	509	473	-138
-255	509	474	-138
-255	509	474	-138
-255	509	474	-138
-255	509	474	-138
-255	510	474	-139
-255	509	474	-138
-255	509	473	-138
-255	509	475	-138
-255	509	475	-138
-255	509	474	-138
-255	509	475	-138
-255	510	474	-139
-255	509	475	-138
-255	509	475	-138
-255	509	475	-138
-255	510	474	-139
-255	509	474	-138
-255	509	474	-138
-255	509	474	-138
-255	510	475	-139
-255	510	474	-139
-255	509	475	-138
-255	509	474	-138
-255	510	474	-139
-255	509	474	-138
-255	509	474	-138
-255	509	474	-138
-255	509	474	-138
-255	509	474	-138
-255	509	474	-138
-255	510	474	-139
-255	510	474	-139
-255	510	474	-139
-255	509	474	-138
-255	509	474	-138
-255	510	474	-139
-255	510	474	-139
-255	510	475	-139
-255	510	474	-139
-255	510	474	-139
0	510	474	-1
0	1023	475	-514
0	1023	478	-514
0	1023	480	-514
0	1023	482	-514
0	1023	482	-514
0	1023	484	-514
0	1023	486	-514
0	1023	487	-514
0	1023	489	-514
0	1023	491	-514
0	1023	492	-514
0	1023	494	-514
0	1023	495	-514
0	1023	496	-514
0	1023	496	-514
0	1023	498	-514
0	1023	500	-514
0	1023	501	-514
0	1023	502	-514
0	1023	503	-514
0	1023	504	-514
0	1023	505	-514
0	1023	505	-514
0	1023	506	-514
0	1023	507	-514
0	1023	509	-514
0	1023	509	-514
0	581	509	-72
0	520	510	-11
0	514	510	-5
0	513	510	-4
0	512	509	-3
0	511	510	-2
0	511	510	-2
0	511	510	-2
0	511	509	-2
0	510	509	-1
0	510	510	-1
0	510	509	-1
0	510	509	-1
0	510	509	-1
0	510	510	-1
0	510	510	-1
0	510	509	-1
0	510	510	-1
0	510	509	-1
0	510	510	-1
0	510	510	-1
0	510	510	-1
0	510	510	-1
0	510	510	-1
0	510	510	-1
0	510	509	-1
0	510	510	-1
0	510	510	-1
0	510	509	-1
0	510	510	-1
0	510	510	-1
0	510	510	-1
0	510	508	-1
0	510	509	-1
0	510	510	-1
0	510	509	-1
0	510	510	-1
0	510	510	-1
0	510	510	-1
0	510	509	-1
0	510	510	-1
0	510	510	-1
0	510	510	-1
0	510	509	-1
0	510	509	-1
0	510	509	-1
0	510	510	-1
0	510	509	-1
0	510	509	-1
0	509	510	0
0	510	510	-1
0	510	510	-1
0	510	510	-1
0	510	509	-1
0	509	510	0
0	510	510	-1
0	510	509	-1
0	510	510	-1
0	510	509	-1
0	510	509	-1
0	510	509	-1
0	510	509	-1
0	510	510	-1
0	510	509	-1
0	510	509	-1
0	510	510	-1
0	510	510	-1
0	510	510	-1
0	509	509	0
0	510	509	-1
0	510	509	-1
0	510	510	-1
0	510	510	-1
0	510	509	-1
0	509	510	0
0	510	510	-1
0	510	510	-1
0	509	509	0
0	509	510	0
0	509	510	0
0	510	509	-1
0	509	509	0
0	510	509	-1
0	509	509	0
0	510	509	-1
0	510	509	-1
0	509	509	0
0	510	510	-1
0	510	509	-1
0	509	509	0
0	510	510	-1
0	510	509	-1
0	510	510	-1
0	510	509	-1
0	509	509	0
0	510	509	-1
0	510	510	-1
0	510	510	-1
0	510	509	-1
0	510	509	-1
0	509	510	0
0	509	510	0
0	510	510	-1
0	510	509	-1
121	509	509	9
-144	631	509	-113
167	219	510	299
-177	937	509	-419
190	18	509	500
-177	1008	509	-490
190	25	509	493
-172	991	509	-473
197	12	510	506
-167	997	509	-479
201	20	509	498
-161	986	510	-468
206	22	509	496
-157	994	510	-476
211	21	510	497
-152	993	510	-475
214	29	509	489
-149	990	510	-472
218	25	510	493
-146	999	511	-481
255	13	510	505
-125	977	511	-459
255	15	510	503
-126	980	510	-462
255	22	510	496
-124	971	511	-453
255	17	509	501
-123	970	510	-452
255	22	510	496
-124	974	510	-456
255	14	510	504
-122	965	510	-447
255	19	510	499
-124	971	510	-453
255	14	510	504
-124	972	511	-454
255	18	510	500
-125	977	510	-459
255	21	510	497
-123	966	511	-448
255	7	509	511
-123	969	510	-451
255	19	509	499
-123	970	510	-452
255	7	509	511
-123	970	510	-452
255	20	510	498
-123	969	510	-451
255	22	510	496
-123	968	510	-450
255	19	511	499
-124	972	510	-454
255	20	510	498
-123	967	509	-449
255	8	510	510
-122	964	510	-446
255	20	510	498
-124	971	510	-453
255	15	510	503
-123	970	510	-452
255	20	510	498
-124	973	511	-455
255	24	510	494
-123	967	510	-449
255	20	510	498
-123	970	510	-452
255	23	510	495
-124	972	510	-454
255	15	510	503
-122	962	510	-444
255	14	510	504
-125	977	510	-459
255	15	510	503
-123	969	510	-451
255	20	510	498
-124	972	510	-454
255	23	510	495
-123	967	510	-449
255	21	510	497
-123	970	510	-452
255	24	510	494
-122	965	510	-447
255	9	510	509
-122	963	511	-445
255	14	509	504
-124	972	510	-454
255	16	510	502
-124	971	511	-453
255	17	510	501
-125	977	510	-459
255	21	510	497
-123	966	511	-448
255	20	509	498
-123	970	510	-452
255	24	510	494
-123	966	510	-448
255	8	509	510
-123	967	510	-449
255	21	510	497
-123	968	510	-450
255	9	510	509
-124	974	510	-456
255	17	510	501
-124	971	511	-453
255	23	510	495
-124	972	510	-454
255	21	510	497
-121	960	511	-442
255	15	510	503
-123	970	511	-452
255	9	510	509
-123	970	510	-452
255	21	510	497
-124	974	511	-456
255	16	510	502
-123	968	510	-450
255	21	510	497
-124	974	510	-456
255	23	510	495
-122	965	510	-447
255	9	510	509
-122	963	511	-445
255	15	510	503
-124	971	511	-453
255	17	510	501
-123	967	511	-449
255	21	509	497
-123	970	510	-452
166	417	509	160
-155	912	510	-335
255	27	509	550
-121	1020	510	-443
255	19	510	558
120	1008	510	-431
122	625	511	-48
134	529	511	48
129	594	511	-17
133	559	511	18
129	590	511	-13
131	568	510	9
132	574	511	3
131	578	511	-1
132	571	511	6
133	573	511	4
132	577	511	0
134	570	512	7
133	577	511	0
139	554	512	23
136	583	511	-6
134	585	512	-8
136	570	512	7
136	575	512	2
140	559	512	18
136	591	513	-14
137	573	513	4
138	572	513	5
142	560	513	17
138	591	513	-14
139	574	513	3
139	573	513	4
140	571	513	6
144	561	513	16
140	589	514	-12
141	573	514	4
142	571	513	6
143	574	513	3
145	566	514	11
143	584	514	-7
146	564	515	13
144	584	514	-7
144	575	513	2
148	560	514	17
147	579	514	-2
146	581	515	-4
147	573	514	4
147	575	515	2
148	573	515	4
149	569	515	8
148	578	515	-1
150	572	516	5
149	578	515	-1
150	572	516	5
152	568	516	9
151	577	517	0
153	570	516	7
151	582	517	-5
154	566	516	11
153	578	517	-1
153	577	517	0
154	573	517	4
154	576	517	1
154	574	517	3
156	567	518	10
156	579	517	-2
155	578	517	-1
157	567	517	10
157	577	517	0
158	573	518	4
158	575	518	2
158	577	518	0
158	575	518	2
160	568	518	9
159	580	519	-3
160	574	518	3
160	576	519	1
160	574	519	3
161	571	519	6
162	574	519	3
162	575	520	2
162	576	520	1
163	574	520	3
163	573	520	4
164	575	520	2
164	574	519	3
164	576	520	1
165	574	520	3
165	576	520	1
166	572	520	5
166	575	520	2
166	576	520	1
167	574	521	3
166	577	521	0
169	567	521	10
166	587	520	-10
168	567	521	10
169	574	521	3
168	581	521	-4
169	573	521	4
169	576	521	1
174	570	522	22
170	606	523	-14
173	579	523	13
172	594	522	-2
173	588	522	4
173	591	522	1
174	589	522	3
173	593	523	-1
175	584	523	8
174	594	523	-2
176	586	523	6
174	596	523	-4
177	582	524	10
175	599	524	-7
177	584	524	8
176	593	524	-1
188	580	525	51
178	665	524	-34
186	601	524	30
182	647	524	-16
185	620	525	11
184	633	526	-2
185	628	526	3
185	627	526	4
187	624	526	7
186	634	527	-3
187	625	527	6
187	630	527	1
189	623	527	8
187	638	528	-7
191	617	528	14
186	650	528	-19
192	604	528	27
187	649	528	-18
194	605	528	26
186	663	528	-32
195	595	528	36
186	666	528	-35
197	588	530	43
186	673	530	-42
199	579	529	52
186	681	530	-50
200	574	530	57
188	676	530	-45
201	580	530	51
189	677	531	-46
202	584	531	47
189	678	531	-47
203	576	531	55
192	675	531	-44
200	600	532	31
194	654	532	-23
200	606	532	25
196	647	533	-16
199	619	533	12
198	634	533	-3
199	626	533	5
199	630	534	1
201	625	534	6
199	635	534	-4
202	619	535	12
202	632	535	-1
201	633	535	-2
203	623	535	8
204	627	536	4
204	631	536	0
204	628	535	3
206	624	536	7
206	632	536	-1
206	628	536	3
208	623	537	8
208	630	537	1
209	627	537	4
210	628	537	3
210	628	537	3
212	624	537	7
212	627	537	4
214	625	538	6
214	629	538	2
215	626	538	5
216	625	539	6
217	626	539	5
219	625	539	6
255	625	539	6
255	626	539	5
255	623	539	8
255	619	540	12
255	616	540	15
255	612	540	19
255	609	540	22
255	606	541	25
255	603	541	28
255	600	541	31
255	597	540	34
255	594	541	37
255	592	541	39
255	589	542	42
255	586	542	45
255	584	542	47
255	582	541	49
255	579	542	52
255	577	541	54
255	575	542	56
255	573	542	58
255	571	542	60
255	569	542	62
255	567	543	64
255	565	542	66
255	563	543	68
255	562	543	69
255	560	543	71
255	559	543	72
255	557	542	74
255	556	543	75
255	554	543	77
255	552	543	79
255	551	543	80
255	550	543	81
255	549	543	82
255	547	544	84
255	546	543	85
255	545	544	86
255	543	543	88
255	543	544	88
255	542	545	89
255	541	544	90
255	540	543	91
255	539	543	92
255	537	543	94
255	537	544	94
255	536	544	95
255	535	544	96
255	534	544	97
255	534	543	97
255	533	543	98
255	532	544	99
255	531	544	100
255	530	544	101
255	530	544	101
255	529	544	102
255	528	544	103
255	528	544	103
255	527	545	104
255	527	545	104
255	526	545	105
255	526	544	105
255	525	545	106
255	525	544	106
255	524	545	107
255	524	545	107
255	523	544	108
255	523	545	108
255	523	545	108
255	522	544	109
255	521	545	110
255	521	545	110
255	521	544	110
255	521	544	110
255	520	545	111
255	520	545	111
255	520	545	111
255	519	545	112
255	519	545	112
255	519	545	112
255	518	545	113
255	518	545	113
255	518	545	113
255	517	544	114
255	517	545	114
255	517	545	114
255	517	545	114
255	516	545	115
255	516	545	115
255	516	546	156
255	515	545	157
255	515	545	157
255	515	545	157
255	515	545	157
255	515	545	157
255	515	545	157
255	514	545	158
255	514	545	158
255	514	545	158
255	514	545	158
255	514	545	158
255	514	545	158
255	513	546	159
255	513	545	159
255	513	546	159
255	513	546	159
255	513	545	159
255	513	545	159
255	513	545	159
255	512	545	160
255	513	545	159
255	513	546	159
255	512	545	160
255	512	546	160
255	512	545	160
255	512	545	160
255	512	545	160
255	512	545	160
255	512	545	160
255	512	544	160
255	512	546	160
255	511	545	161
255	511	545	161
255	511	545	161
255	511	545	161
255	511	545	161
255	511	544	161
255	511	545	161
255	511	545	161
255	511	545	161
255	511	545	161
255	511	545	161
255	511	545	161
255	511	545	161
255	511	545	161
255	511	545	161
255	511	545	161
255	510	545	162
255	510	545	162
255	510	545	162
255	510	546	162
255	510	545	162
255	510	546	162
255	510	545	162
255	510	545	162
255	510	545	162
255	510	545	162
255	510	546	162
255	510	545	162
255	510	545	162
255	510	545	162
255	510	546	162
255	510	545	162
255	510	545	162
255	510	544	162
255	510	546	162
255	510	545	162
255	510	545	162
255	510	545	162
255	510	545	162
255	509	545	163
255	510	546	162
255	510	545	162
255	509	546	163
255	510	545	162
255	509	545	163
255	510	546	162
255	510	545	162
255	510	546	162
255	509	545	163
255	510	545	162
255	510	545	162
255	510	545	162
255	509	545	163
255	510	545	162
255	509	545	163
255	510	545	162
255	509	544	163
255	509	545	163
255	509	545	163
255	509	546	163
255	509	545	163
255	509	546	163
255	509	545	163
255	509	545	163
255	509	545	163
255	509	546	163
255	509	545	163
255	509	545	163
255	509	545	163
255	509	546	163
255	509	545	163
255	509	545	163
255	509	545	163
255	509	545	163
255	509	545	163
255	509	545	163
255	509	546	163
255	509	545	163
255	509	545	163
255	509	545	163
255	509	545	163
255	509	545	163
255	509	545	163
255	509	545	163
255	509	545	163
255	509	546	163
255	509	545	163
255	509	545	163
255	509	545	163
255	509	545	163
255	509	545	163
255	509	545	163
255	509	545	163
255	509	545	163
255	509	545	163
255	509	545	163
255	509	545	163
255	509	545	163
255	509	545	163
255	509	545	163
255	509	545	163
255	509	546	163
255	509	545	163
255	509	545	163
255	509	546	163
255	509	545	163
255	509	544	163
255	509	545	163
255	509	545	163
255	509	546	163
255	509	545	163
255	509	545	163
255	509	545	163
255	509	545	163
255	509	545	163
255	509	544	163
255	509	545	163
255	509	545	163
255	509	546	163
255	509	544	163
255	509	545	163
255	508	545	164
255	508	545	164
255	509	545	163
255	509	545	163
255	508	545	164
255	509	545	163
255	509	545	163
255	508	545	164
255	508	545	164
255	508	545	164
255	509	545	163
255	508	545	164
0	508	544	1
0	0	544	509
0	0	541	509
0	0	540	509
0	0	539	509
0	0	537	509
0	0	535	509
0	0	534	509
0	0	532	509
0	0	530	509
0	0	529	509
0	0	528	509
0	0	527	509
0	0	525	509
0	0	525	509
0	0	523	509
0	0	522	509
0	0	520	509
0	0	520	509
0	0	518	509
0	0	517	509
0	0	516	509
0	0	514	509
0	0	514	509
0	0	512	509
0	0	512	509
0	0	511	509
0	0	509	509
0	449	510	60
0	500	510	9
0	505	510	4
0	507	510	2
0	507	510	2
0	508	510	1
0	508	510	1
0	508	510	1
0	508	510	1
0	508	510	1
0	509	510	0
0	509	510	0
0	509	510	0
0	509	510	0
0	509	510	0
0	509	510	0
0	509	510	0
0	509	509	0
0	509	510	0
0	509	510	0
0	509	509	0
0	509	511	0
0	509	510	0
0	509	510	0
0	509	510	0
0	509	510	0
0	509	510	0
0	509	510	0
0	509	510	0
0	509	511	0
0	509	509	0
0	509	509	0
0	509	510	0
0	509	510	0
0	509	510	0
0	509	511	0
0	509	510	0
0	509	510	0
0	509	510	0
0	509	510	0
0	509	510	0
0	509	510	0
0	509	511	0
0	510	510	-1
0	510	510	-1
0	509	510	0
0	510	510	-1
0	510	510	-1
0	510	510	-1
0	510	509	-1
0	510	510	-1
0	510	510	-1
0	509	511	0
0	509	509	0
0	510	509	-1
0	510	510	-1
0	510	509	-1
0	509	510	0
0	509	510	0
0	509	510	0
0	509	511	0
0	509	510	0
0	509	509	0
0	510	510	-1
0	509	510	0
0	510	509	-1
0	510	510	-1
0	509	510	0
0	510	510	-1
0	509	510	0
0	509	510	0
0	509	510	0
0	509	510	0
0	509	510	0
0	509	511	0
0	510	510	-1
0	509	510	0
0	510	510	-1
0	509	509	0
-135	509	509	-67
129	342	510	100
-201	826	510	-384
148	10	510	432
-255	1003	510	-561
-121	13	508	429
-123	396	509	46
-135	491	509	-49
-131	430	509	12
-132	446	508	-4
-133	448	509	-6
-133	445	508	-3
-134	448	508	-6
-135	446	508	-4
-135	443	508	-1
-135	445	508	-3
-134	438	507	4
-137	458	507	-16
-137	444	507	-2
-135	435	507	7
-139	459	507	-17
-136	431	507	11
-140	458	506	-16
-139	440	506	2
-137	436	507	6
-142	461	507	-19
-139	435	506	7
-141	452	506	-10
-142	445	506	-3
-141	441	506	1
-143	449	506	-7
-142	440	506	2
-141	439	505	3
-144	457	506	-15
-144	443	506	-1
-144	443	505	-1
-144	445	504	-3
-146	448	505	-6
-145	439	505	3
-145	446	505	-4
-147	450	505	-8
-146	440	505	2
-147	447	504	-5
-148	445	505	-3
-147	440	504	2
-148	448	504	-6
-147	440	504	2
-150	453	503	-11
-148	438	503	4
-150	451	504	-9
-150	442	502	0
-150	443	503	-1
-150	441	504	1
-151	448	503	-6
-151	444	503	-2
-152	446	503	-4
-151	439	503	3
-153	450	502	-8
-152	441	503	1
-153	448	502	-6
-154	445	502	-3
-153	440	502	2
-153	445	502	-3
-155	451	502	-9
-155	441	502	1
-154	441	502	1
-156	450	501	-8
-155	441	502	1
-157	448	502	-6
-156	438	501	4
-156	445	501	-3
-158	449	501	-7
-156	437	501	5
-158	451	500	-9
-157	440	501	2
-159	449	500	-7
-157	436	500	6
-159	451	500	-9
-158	440	500	2
-160	449	500	-7
-158	434	499	8
-160	453	500	-11
-159	438	499	4
-160	447	500	-5
-160	442	500	0
-160	442	499	0
-160	444	499	-2
-161	447	499	-5
-160	438	499	4
-162	449	499	-7
-159	434	499	8
-164	463	499	-21
-160	424	499	18
-163	455	499	-13
-161	435	498	7
-163	449	498	-7
-161	438	498	4
-164	454	498	-12
-162	434	498	8
-164	449	497	-7
-162	438	497	4
-165	454	497	-12
-163	434	497	8
-165	449	498	-7
-163	437	497	5
-166	454	497	-12
-164	434	497	8
-165	449	496	-7
-166	445	496	-3
-165	438	497	4
-166	447	497	-5
-166	443	496	-1
-166	444	496	-2
-167	446	496	-4
-167	442	497	0
-166	441	496	1
-168	451	496	-9
-167	438	495	4
-168	448	495	-6
-169	444	495	-2
-167	434	495	8
-169	452	495	-10
-168	440	495	2
-170	448	495	-6
-168	438	494	4
-171	451	495	-9
-168	431	494	11
-171	455	495	-13
-170	439	495	3
-171	446	495	-4
-170	438	494	4
-171	447	494	-5
-171	442	494	0
-171	446	494	-4
-173	449	493	-7
-170	432	494	10
-174	456	494	-14
-170	429	493	13
-175	459	493	-17
-171	430	493	12
-174	454	493	-12
-173	437	493	5
-173	444	493	-2
-174	447	492	-5
-175	445	492	-3
-173	434	492	8
-175	452	492	-10
-174	440	492	2
-176	448	492	-6
-175	439	492	3
-175	443	492	-1
-176	447	492	-5
-176	441	492	1
-176	442	492	0
-176	444	492	-2
-177	447	491	-5
-177	441	491	1
-177	442	491	0
-178	448	491	-6
-178	443	491	-1
-177	440	491	2
