V2_mean	Isense_mean	dt
510	509	500
PWM	V2_read	Isense_read	e
0	509	509	1
0	509	510	1
0	509	510	1
0	509	510	1
0	509	509	1
0	510	510	0
0	509	509	1
0	510	509	0
0	510	510	0
0	510	510	0
0	510	509	0
0	510	510	0
0	510	509	0
0	510	509	0
0	510	510	0
0	510	510	0
0	510	510	0
0	510	510	0
0	510	509	0
0	509	510	1
0	509	510	1
0	509	510	1
0	510	510	0
0	509	510	1
0	509	509	1
0	509	509	1
0	508	510	2
0	509	508	1
0	509	509	1
0	509	510	1
0	509	510	1
0	509	509	1
0	510	509	0
0	510	510	0
0	510	509	0
0	510	509	0
0	510	509	0
0	510	510	0
0	510	509	0
0	510	509	0
0	510	509	0
0	510	509	0
0	511	509	-1
0	510	509	0
0	510	509	0
0	510	510	0
0	510	510	0
0	510	510	0
0	510	509	0
0	510	510	0
0	510	509	0
0	509	509	1
0	509	510	1
0	509	509	1
0	509	509	1
0	509	510	1
0	509	509	1
0	509	510	1
0	510	509	0
0	509	510	1
0	509	509	1
0	509	509	1
0	510	509	0
0	510	509	0
0	509	509	1
0	509	510	1
0	510	510	0
0	510	509	0
0	510	509	0
0	510	510	0
0	510	510	0
0	511	509	-1
0	510	510	0
0	510	510	0
0	509	510	1
0	510	511	0
0	510	510	0
0	510	510	0
0	510	509	0
0	510	509	0
0	509	510	1
0	510	509	0
0	510	510	0
0	509	509	1
0	509	510	1
0	509	509	1
0	509	509	1
0	509	510	1
0	509	509	1
0	509	510	1
0	509	510	1
0	509	510	1
0	509	510	1
0	509	510	1
0	509	509	1
0	509	510	1
0	510	510	0
0	510	510	0
0	510	510	0
0	510	510	0
0	510	509	0
0	510	510	0
0	510	509	0
0	510	510	0
0	510	509	0
0	510	510	0
0	510	510	0
0	510	509	0
0	510	510	0
0	510	510	0
0	510	510	0
0	510	510	0
0	510	510	0
0	510	510	0
0	509	509	1
0	509	510	1
0	509	510	1
0	509	510	1
0	509	510	1
0	509	509	1
0	509	510	1
0	509	510	1
0	509	509	1
0	509	509	1
0	509	510	1
0	509	510	1
0	509	509	1
0	509	509	1
0	510	510	0
0	509	509	1
0	510	510	0
0	510	510	0
0	510	509	0
0	510	509	0
0	510	509	0
0	510	509	0
0	510	509	0
0	510	510	0
0	510	510	0
0	510	509	0
0	509	509	1
0	510	510	0
0	509	509	1
0	510	510	0
0	510	510	0
0	510	510	0
0	509	510	1
0	510	510	0
0	510	510	0
0	509	510	1
0	509	509	1
0	509	509	1
0	509	509	1
0	509	510	1
0	509	510	1
0	509	509	1
0	509	509	1
0	509	510	1
0	509	509	1
0	510	510	0
0	510	510	0
0	510	510	0
0	510	509	0
0	510	510	0
0	510	509	0
0	510	509	0
0	510	510	0
0	510	509	0
0	510	509	0
0	510	510	0
0	510	510	0
0	510	510	0
0	510	510	0
0	510	510	0
0	510	509	0
0	510	510	0
0	510	510	0
0	510	510	0
0	509	510	1
0	509	510	1
0	509	510	1
0	509	509	1
0	509	510	1
0	510	509	0
0	509	510	1
0	509	509	1
0	509	508	1
0	510	510	0
0	510	510	0
0	509	510	1
0	509	510	1
0	510	510	0
0	510	509	0
0	510	508	0
0	510	509	0
0	510	510	0
0	510	510	0
0	510	509	0
0	510	510	0
0	510	510	0
0	510	509	0
0	510	509	0
0	510	510	0
0	510	509	0
0	510	510	0
0	510	510	0
0	510	509	0
0	509	510	1
0	510	510	0
0	509	509	1
0	509	509	1
0	509	509	1
0	509	509	1
0	509	510	1
0	509	510	1
0	509	509	1
0	509	510	1
0	509	509	1
0	509	509	1
0	509	509	1
0	509	509	1
0	510	509	0
0	509	510	1
0	510	510	0
0	510	510	0
0	510	509	0
0	510	510	0
0	510	510	0
0	510	510	0
0	510	510	0
0	510	510	0
0	510	509	0
0	510	509	0
0	510	510	0
0	510	509	0
0	510	509	0
0	510	510	0
0	510	510	0
0	509	509	1
0	510	509	0
0	509	510	1
0	509	510	1
0	509	509	1
0	509	510	1
0	509	510	1
0	509	510	1
0	509	510	1
0	509	510	1
0	509	509	1
0	509	509	1
0	509	510	1
0	509	509	1
0	510	509	0
0	509	509	1
0	510	509	0
0	510	510	0
0	510	509	0
0	510	509	0
0	510	509	0
0	510	510	0
0	510	509	0
0	510	509	0
0	510	510	0
0	510	509	0
0	510	510	0
0	510	510	0
0	510	510	0
0	510	510	0
0	509	510	1
0	510	509	0
0	509	510	1
0	509	510	1
0	509	509	1
0	509	509	1
0	509	510	1
0	510	510	0
0	509	509	1
0	509	510	1
0	509	510	1
0	509	509	1
0	509	509	1
0	509	510	1
0	509	510	1
0	510	510	0
0	510	510	0
0	510	509	0
0	510	510	0
0	510	509	0
0	510	509	0
0	510	510	0
0	510	509	0
0	510	510	0
0	510	510	0
0	510	510	0
0	510	510	0
0	510	509	0
0	510	509	0
0	510	509	0
0	510	509	0
0	510	510	0
0	510	510	0
0	510	509	0
0	509	509	1
0	510	510	0
0	509	509	1
0	509	509	1
0	509	510	1
0	509	510	1
0	509	510	1
0	509	510	1
0	509	510	1
0	509	510	1
0	510	509	0
0	509	510	1
0	509	510	1
0	510	510	0
0	510	510	0
0	510	509	0
0	510	510	0
0	510	509	0
0	510	509	0
0	510	510	0
0	510	509	0
0	510	510	0
0	510	510	0
0	510	510	0
0	510	510	0
0	510	510	0
0	510	510	0
0	510	509	0
0	510	510	0
0	510	510	0
0	509	510	1
0	509	510	1
0	509	510	1
0	509	509	1
0	509	510	1
0	509	510	1
0	509	509	1
0	510	509	0
0	509	510	1
0	509	510	1
0	509	509	1
0	509	509	1
0	509	509	1
0	509	509	1
0	509	510	1
0	510	510	0
0	510	510	0
0	510	509	0
0	510	509	0
0	510	510	0
0	510	509	0
0	510	509	0
0	510	510	0
0	510	510	0
0	511	510	-1
0	510	509	0
0	510	510	0
0	510	509	0
0	510	510	0
0	510	510	0
0	510	509	0
0	509	510	1
0	510	510	0
0	509	510	1
0	509	510	1
0	509	510	1
0	509	510	1
0	510	509	0
0	510	509	0
0	509	510	1
0	509	509	1
0	509	509	1
0	509	509	1
0	510	509	0
0	509	509	1
0	509	510	1
0	509	509	1
0	510	509	0
0	510	509	0
0	510	510	0
0	510	509	0
0	510	509	0
0	510	510	0
0	510	510	0
0	510	509	0
0	510	509	0
0	510	510	0
0	510	510	0
0	510	509	0
0	510	510	0
0	510	510	0
0	509	510	1
0	510	509	0
0	509	510	1
0	509	510	1
0	509	510	1
0	509	510	1
0	509	509	1
0	510	510	0
0	509	509	1
0	509	510	1
0	509	509	1
0	509	509	1
0	509	509	1
0	509	510	1
0	509	510	1
0	509	510	1
0	510	510	0
0	510	510	0
0	510	509	0
0	510	509	0
0	510	510	0
0	510	510	0
0	510	510	0
0	510	510	0
0	510	509	0
0	510	510	0
0	510	510	0
0	510	509	0
0	510	510	0
0	510	510	0
0	510	510	0
0	510	510	0
0	509	509	1
0	509	509	1
0	509	510	1
0	509	510	1
0	509	510	1
0	509	510	1
0	509	509	1
0	509	510	1
0	509	510	1
0	510	510	0
0	509	510	1
0	509	509	1
0	509	510	1
0	509	509	1
0	510	510	0
0	510	509	0
0	510	509	0
0	510	509	0
0	510	510	0
0	510	510	0
0	510	510	0
0	510	509	0
0	510	510	0
0	510	510	0
0	511	510	-1
0	510	510	0
0	510	509	0
0	510	510	0
0	510	510	0
0	510	509	0
0	510	509	0
0	509	510	1
0	509	509	1
0	509	510	1
0	509	510	1
0	509	510	1
0	509	510	1
0	509	510	1
0	509	510	1
0	509	510	1
0	509	509	1
0	509	509	1
0	509	510	1
0	509	510	1
0	510	510	0
0	509	511	1
0	509	510	1
0	510	509	0
0	510	510	0
0	510	509	0
0	510	509	0
0	510	510	0
0	510	510	0
0	510	510	0
0	511	509	-1
0	510	509	0
0	510	510	0
0	510	510	0
0	510	510	0
0	510	509	0
0	510	510	0
0	510	509	0
0	510	510	0
0	509	509	1
0	509	510	1
0	509	510	1
0	509	510	1
0	509	510	1
0	509	510	1
0	509	510	1
0	509	510	1
0	509	510	1
0	509	510	1
0	509	510	1
0	509	510	1
0	509	510	1
0	509	509	1
0	510	510	0
0	510	510	0
0	510	509	0
0	510	510	0
0	510	510	0
0	510	510	0
0	510	510	0
0	510	510	0
0	510	510	0
0	510	510	0
0	510	510	0
0	510	510	0
0	510	510	0
0	510	510	0
0	510	509	0
0	510	509	0
0	510	510	0
0	510	509	0
0	510	509	0
0	509	510	1
0	509	509	1
0	510	509	0
0	509	509	1
0	510	509	0
0	509	509	1
0	509	510	1
0	509	509	1
0	509	509	1
0	509	509	1
0	509	509	1
0	509	510	1
0	510	510	0
0	510	509	0
0	510	510	0
0	510	510	0
0	510	509	0
0	510	509	0
0	510	510	0
0	510	510	0
0	509	510	1
0	510	509	0
0	510	510	0
0	510	510	0
0	510	509	0
0	510	510	0
0	510	509	0
0	510	510	0
0	510	510	0
0	510	510	0
0	510	509	0
0	509	510	1
0	509	509	1
0	509	509	1
0	509	510	1
0	509	510	1
0	509	510	1
0	508	509	2
0	509	510	1
0	509	510	1
0	509	510	1
0	509	509	1
0	510	510	0
0	510	510	0
0	510	510	0
0	510	510	0
0	510	509	0
0	510	510	0
0	510	509	0
0	510	510	0
0	510	509	0
0	510	509	0
0	510	509	0
0	510	510	0
0	510	509	0
0	510	510	0
0	510	510	0
0	510	510	0
0	510	509	0
0	510	509	0
0	510	509	0
0	510	510	0
0	509	510	1
0	510	510	0
0	509	509	1
0	509	509	1
0	509	509	1
0	509	510	1
0	509	509	1
0	509	510	1
0	509	509	1
0	509	509	1
0	509	509	1
0	509	510	1
0	510	509	0
0	509	510	1
0	510	510	0
0	510	510	0
0	510	510	0
0	510	510	0
0	510	510	0
0	510	509	0
0	510	509	0
0	510	510	0
0	510	509	0
0	510	510	0
0	510	509	0
0	510	509	0
0	510	510	0
0	510	510	0
0	510	510	0
0	510	509	0
0	510	510	0
0	510	510	0
0	509	509	1
0	509	510	1
0	509	509	1
0	509	509	1
0	509	510	1
0	510	510	0
0	509	510	1
0	509	509	1
0	509	510	1
0	509	510	1
0	510	510	0
0	509	509	1
0	510	509	0
0	510	510	0
0	510	509	0
0	510	510	0
0	510	510	0
0	510	510	0
0	510	510	0
0	510	510	0
0	510	509	0
0	510	510	0
0	510	509	0
0	510	510	0
0	510	510	0
0	510	509	0
0	510	510	0
0	509	510	1
0	510	510	0
0	509	509	1
0	509	509	1
0	509	510	1
0	509	509	1
0	509	510	1
0	509	510	1
0	510	510	0
0	510	509	0
0	509	510	1
0	509	510	1
0	509	510	1
0	509	509	1
0	509	510	1
0	509	509	1
0	510	509	0
0	510	510	0
0	510	510	0
0	510	510	0
0	510	510	0
0	510	510	0
0	510	510	0
0	510	509	0
0	510	510	0
0	510	510	0
0	510	510	0
0	510	510	0
0	510	510	0
0	510	510	0
0	510	510	0
0	510	510	0
0	509	509	1
0	510	509	0
0	509	510	1
0	509	510	1
0	509	510	1
0	509	509	1
0	509	509	1
0	509	510	1
0	509	510	1
0	509	509	1
0	509	510	1
0	509	509	1
0	509	509	1
0	509	509	1
0	509	510	1
0	510	510	0
0	510	509	0
0	510	510	0
0	510	509	0
0	510	509	0
0	510	509	0
0	510	510	0
0	510	510	0
0	510	510	0
0	510	509	0
0	510	509	0
0	510	508	0
0	510	509	0
0	510	510	0
0	510	509	0
0	510	509	0
0	510	509	0
0	509	510	1
0	510	509	0
0	509	510	1
0	509	510	1
0	509	510	1
0	509	509	1
0	509	510	1
0	509	509	1
0	509	509	1
0	509	510	1
0	509	509	1
0	509	510	1
0	509	510	1
0	510	510	0
0	509	509	1
0	510	509	0
0	510	510	0
0	510	509	0
0	510	510	0
0	510	510	0
0	510	510	0
0	510	510	0
0	510	510	0
0	510	510	0
0	510	509	0
0	510	510	0
0	510	510	0
0	510	510	0
0	510	510	0
0	510	509	0
0	510	510	0
0	510	509	0
0	509	510	1
0	509	510	1
0	510	510	0
0	509	510	1
0	509	510	1
0	509	510	1
0	509	509	1
0	510	510	0
0	509	510	1
0	509	510	1
0	509	510	1
0	509	510	1
0	510	510	0
0	509	510	1
0	510	509	0
0	510	510	0
0	509	510	1
0	510	510	0
0	510	510	0
0	510	509	0
0	510	509	0
0	511	510	-1
0	510	509	0
0	510	510	0
0	510	510	0
0	510	510	0
0	510	510	0
0	510	509	0
0	510	510	0
0	509	509	1
0	510	510	0
0	509	509	1
0	509	509	1
0	509	510	1
0	510	510	0
0	509	509	1
0	509	509	1
0	510	509	0
0	510	510	0
0	509	509	1
0	509	510	1
0	509	510	1
0	509	509	1
0	510	509	0
0	510	510	0
0	510	509	0
0	510	510	0
0	509	510	1
0	510	510	0
0	510	510	0
0	510	509	0
0	510	509	0
0	510	510	0
0	510	510	0
0	510	510	0
0	510	510	0
0	510	510	0
0	510	510	0
0	510	510	0
0	510	510	0
0	510	509	0
0	509	509	1
0	510	509	0
0	510	510	0
0	509	509	1
0	509	510	1
0	510	510	0
0	509	509	1
0	510	510	0
0	510	510	0
0	509	510	1
0	509	509	1
0	509	509	1
0	509	510	1
0	509	510	1
0	509	510	1
0	509	510	1
0	510	510	0
0	510	510	0
0	510	510	0
0	510	510	0
0	510	510	0
0	510	509	0
0	510	510	0
0	510	509	0
0	510	510	0
0	510	509	0
0	510	510	0
0	510	510	0
0	510	510	0
0	510	510	0
0	510	509	0
0	509	510	1
0	509	510	1
0	509	510	1
0	509	510	1
0	509	509	1
0	509	509	1
0	509	510	1
0	509	510	1
0	509	509	1
0	509	510	1
0	509	510	1
0	509	509	1
0	509	509	1
0	509	510	1
0	509	510	1
0	509	509	1
0	510	510	0
0	510	510	0
0	510	510	0
0	510	510	0
0	510	509	0
0	510	510	0
0	510	510	0
0	510	509	0
0	510	510	0
0	510	510	0
0	510	510	0
0	510	509	0
0	510	510	0
0	510	510	0
0	510	510	0
0	510	510	0
0	509	509	1
0	509	509	1
0	509	510	1
0	509	509	1
0	509	510	1
0	509	510	1
0	509	510	1
0	509	510	1
0	509	509	1
0	509	509	1
0	509	509	1
0	509	510	1
0	509	510	1
0	510	510	0
0	510	509	0
0	510	510	0
0	510	509	0
0	510	509	0
0	510	510	0
0	509	510	1
0	510	510	0
0	510	510	0
0	510	509	0
0	510	509	0
0	510	509	0
0	510	510	0
0	510	509	0
0	510	510	0
0	510	510	0
0	510	510	0
0	510	509	0
0	510	509	0
0	510	510	0
0	509	510	1
0	509	509	1
0	509	510	1
0	509	510	1
0	509	509	1
0	509	509	1
0	509	510	1
0	509	510	1
0	509	509	1
0	509	510	1
0	509	509	1
0	509	509	1
0	509	509	1
0	510	510	0
0	510	510	0
0	510	509	0
0	510	510	0
0	510	509	0
0	510	510	0
0	510	510	0
0	510	509	0
0	510	510	0
0	510	509	0
0	510	510	0
0	510	509	0
0	510	509	0
0	510	510	0
0	510	509	0
0	510	510	0
0	510	510	0
0	509	509	1
0	510	510	0
0	509	509	1
0	509	509	1
0	509	510	1
0	509	509	1
0	510	509	0
0	509	509	1
0	509	510	1
0	509	509	1
0	509	508	1
0	509	509	1
0	509	509	1
0	509	509	1
0	510	509	0
0	509	510	1
0	510	510	0
0	510	510	0
0	510	510	0
0	510	510	0
0	510	509	0
0	510	510	0
0	510	510	0
0	510	509	0
0	510	510	0
0	510	510	0
0	510	509	0
0	510	509	0
0	510	509	0
0	510	509	0
0	510	509	0
0	509	510	1
0	509	510	1
0	509	510	1
0	509	510	1
0	509	510	1
0	509	509	1
0	509	510	1
0	509	510	1
0	509	510	1
0	509	509	1
0	509	510	1
0	509	510	1
0	509	509	1
0	509	509	1
0	510	510	0
0	510	510	0
0	510	510	0
0	510	509	0
0	510	509	0
0	510	509	0
0	510	509	0
0	510	510	0
0	510	509	0
0	510	510	0
0	510	510	0
0	510	509	0
0	510	509	0
0	510	509	0
0	510	509	0
0	510	510	0
0	509	509	1
0	509	510	1
0	509	509	1
0	509	509	1
0	509	510	1
0	509	510	1
0	509	510	1
0	509	510	1
0	509	510	1
0	509	510	1
0	509	509	1
0	509	509	1
0	509	510	1
0	509	510	1
0	509	509	1
0	510	510	0
0	509	510	1
-53	510	510	-101
-67	499	510	-90
-84	505	509	-96
-100	502	509	-93
-114	482	509	-73
-126	460	510	-51
-133	427	509	-18
-137	400	509	9
-138	383	509	26
-137	375	509	34
-140	396	508	13
-140	385	508	24
-141	389	508	20
-142	388	507	21
-142	387	507	22
-142	392	507	17
-144	397	508	12
-144	389	507	20
-144	393	507	16
-144	390	507	19
-146	402	507	7
-146	395	506	14
-146	397	506	12
-147	401	506	8
-148	399	506	10
-148	396	505	13
-149	400	505	9
-149	398	505	11
-150	401	506	8
-150	399	506	10
-150	402	505	7
-151	405	505	4
-152	403	504	6
-152	399	504	10
-152	402	504	7
-152	405	504	4
-154	409	504	0
-153	400	504	9
-154	408	503	1
-155	406	503	3
-155	401	503	8
-155	404	503	5
-156	408	503	1
-156	405	502	4
-157	407	503	2
-157	404	502	5
-158	407	502	2
-158	403	502	6
-158	405	502	4
-158	409	502	0
-160	412	501	-3
-158	395	501	14
-160	415	501	-6
-160	402	501	7
-159	402	501	7
-161	416	500	-7
-160	398	500	11
-160	410	500	-1
-162	415	500	-6
-161	398	500	11
-161	406	500	3
-162	411	499	-2
-161	405	500	4
-163	416	500	-7
-163	404	499	5
-162	404	499	5
-164	415	499	-6
-163	403	499	6
-164	412	499	-3
-165	409	498	0
-164	402	499	7
-165	413	498	-4
-165	409	498	0
-166	411	498	-2
-166	405	497	4
-166	407	497	2
-166	410	498	-1
-168	414	497	-5
-167	400	497	9
-167	409	498	0
-168	413	497	-4
-168	408	496	1
-169	409	496	0
-168	404	497	5
-169	414	497	-5
-170	410	497	-1
-169	403	496	6
-170	413	496	-4
-171	412	496	-3
-170	402	496	7
-171	413	495	-4
-172	409	495	0
-171	403	495	6
-172	413	495	-4
-172	409	495	0
-173	411	495	-2
-173	406	494	3
-173	408	494	1
-174	411	494	-2
-174	406	493	3
-174	408	493	1
-174	411	493	-2
-175	414	493	-5
-176	409	493	0
-176	406	493	3
-175	404	493	5
-176	415	493	-6
-177	412	492	-3
-177	405	492	4
-177	407	492	2
-178	410	492	-1
-177	405	492	4
-178	415	492	-6
-179	411	492	-2
-179	406	492	3
-179	408	491	1
-180	411	491	-2
-180	408	491	1
-181	410	491	-1
-180	405	490	4
-182	420	491	-11
-182	401	490	8
-181	402	491	7
-182	415	490	-6
-183	410	490	-1
-183	408	490	1
-183	405	490	4
-183	408	490	1
-183	411	489	-2
-184	414	489	-5
-185	415	488	-6
-185	404	489	5
-185	406	489	3
-185	409	489	0
-186	412	488	-3
-187	414	489	-5
-187	406	488	3
-188	408	488	1
-187	406	487	3
-188	413	487	-4
-189	412	488	-3
-190	410	487	-1
-190	407	488	2
-190	410	488	-1
-191	413	487	-4
-192	412	488	-3
-193	411	486	-2
-194	410	486	-1
-194	409	486	0
-195	412	486	-3
-196	412	487	-3
-197	412	486	-3
-198	411	485	-2
-198	408	486	1
-199	410	486	-1
-199	406	486	3
-200	408	485	1
-200	406	485	3
-200	408	484	1
-201	411	484	-2
-202	409	485	0
-202	407	485	2
-202	409	484	0
-203	412	484	-3
-204	410	484	-1
-205	408	483	1
-205	406	483	3
-205	408	483	1
-206	411	484	-2
-206	410	483	-1
-208	412	483	-3
-208	406	482	3
-208	408	483	1
-209	411	483	-2
-209	409	483	0
-210	412	482	-3
-211	411	482	-2
-212	410	482	-1
-212	406	482	3
-213	408	481	1
-213	406	481	3
-213	409	481	0
-214	412	481	-3
-215	410	481	-1
-216	408	481	1
-216	406	481	3
-216	409	481	0
-217	412	480	-3
-218	411	480	-2
-219	411	480	-2
-220	410	480	-1
-220	409	479	0
-221	411	480	-2
-222	410	480	-1
-223	410	479	-1
-224	409	479	0
-255	411	479	-2
-222	408	479	1
-255	420	478	-11
-255	415	478	-6
-255	417	479	-8
-255	420	478	-11
-255	423	478	-14
-255	426	478	-17
-255	428	478	-19
-255	431	477	-22
-255	433	477	-24
-255	436	477	-27
-255	438	477	-29
-255	441	477	-32
-255	443	476	-34
-255	445	477	-36
-255	447	477	-38
-255	449	476	-40
-255	451	476	-42
-255	454	476	-45
-255	456	477	-47
-255	458	476	-49
-255	460	476	-51
-255	462	476	-53
-255	463	476	-54
-255	464	476	-55
-255	467	476	-58
-255	468	476	-59
-255	469	476	-60
-255	470	475	-61
-255	471	476	-62
-255	473	475	-64
-255	474	475	-65
-255	475	475	-66
-255	476	475	-67
-255	477	475	-68
-255	478	475	-69
-255	479	475	-70
-255	480	476	-71
-255	482	475	-73
-255	482	475	-73
-255	484	475	-75
-255	485	474	-76
-255	485	475	-76
-255	486	475	-77
-255	487	474	-78
-255	488	474	-79
-255	489	475	-80
-255	489	475	-80
-255	490	475	-81
-255	491	475	-82
-255	491	474	-82
-255	492	474	-83
-255	492	474	-83
-255	493	475	-84
-255	494	474	-85
-255	494	474	-85
-255	494	473	-85
-255	495	475	-86
-255	495	474	-86
-255	496	474	-87
-255	497	474	-88
-255	497	474	-88
-255	498	475	-89
-255	498	474	-89
-255	499	474	-90
-255	500	474	-91
-255	500	474	-91
-255	500	474	-91
-255	501	473	-92
-255	501	474	-92
-255	502	475	-93
-255	502	474	-93
-255	502	474	-93
-255	502	473	-93
-255	503	474	-94
-255	503	474	-94
-255	504	474	-95
-255	504	474	-95
-255	504	474	-95
-255	505	474	-96
-255	505	474	-96
-255	505	473	-96
-255	506	474	-97
-255	506	474	-97
-255	507	473	-98
-255	508	474	-99
-255	509	473	-100
-255	503	474	-94
-255	504	473	-95
-255	504	474	-95
-255	504	473	-95
-255	504	474	-95
-255	504	474	-95
-255	504	474	-95
-255	504	473	-95
-255	505	473	-96
-255	505	474	-96
-255	505	474	-96
-255	505	474	-96
-255	505	473	-96
-255	506	473	-97
-255	506	474	-97
-255	507	473	-98
-255	507	474	-98
-255	507	474	-98
-255	507	473	-98
-255	507	473	-98
-255	508	474	-99
-255	508	473	-99
-255	508	474	-99
-255	508	473	-99
-255	508	474	-99
-255	508	474	-99
-255	508	474	-99
-255	509	473	-100
-255	509	473	-100
-255	508	473	-99
-255	509	474	-100
-255	509	474	-100
-255	511	474	-102
-255	511	473	-102
-255	511	474	-102
-255	511	474	-102
-255	510	474	-101
-255	511	474	-102
-255	512	474	-103
-255	510	473	-101
-255	508	474	-99
-255	508	474	-99
-255	509	473	-100
-255	509	473	-100
-255	509	474	-100
-255	510	474	-101
-255	510	474	-101
-255	510	474	-101
-255	511	473	-102
-255	511	473	-102
-255	511	473	-102
-255	511	474	-102
-255	511	473	-102
-255	512	474	-103
-255	510	474	-101
-255	510	474	-101
-255	512	474	-103
-255	512	474	-103
-255	507	474	-98
-255	508	473	-99
-255	509	473	-100
-255	511	474	-102
-255	512	473	-103
-255	511	473	-102
-255	513	473	-104
-255	512	473	-103
-255	512	474	-103
-255	507	474	-98
-255	507	473	-98
-255	507	474	-98
-255	507	474	-98
-255	508	473	-99
-255	508	474	-99
-255	509	474	-100
-255	511	474	-102
-255	511	474	-102
-255	511	474	-102
-255	512	474	-103
-255	510	474	-101
-255	511	473	-102
-255	509	474	-100
-255	511	474	-102
-255	511	474	-102
-255	512	474	-103
-255	511	473	-102
-255	511	474	-102
-255	511	474	-102
-255	511	473	-102
-255	511	474	-102
-255	511	474	-102
-255	511	473	-102
-255	512	473	-103
-255	510	474	-101
-255	510	473	-101
-255	510	474	-101
-255	510	474	-101
-255	510	474	-101
-255	510	473	-101
-255	510	474	-101
-255	510	474	-101
-255	510	474	-101
-255	510	474	-101
-255	511	473	-102
-255	511	474	-102
-255	511	474	-102
-255	510	474	-101
-255	510	474	-101
-255	511	473	-102
-255	511	474	-102
-255	511	473	-102
-255	510	474	-101
-255	510	474	-101
-255	510	474	-101
-255	510	473	-101
0	511	473	-101
0	1023	475	-101
0	1023	477	-101
0	1023	479	-101
0	1023	481	-101
0	1023	482	-101
0	1023	483	-101
0	1023	485	-101
0	1023	487	-101
0	1023	488	-101
0	1023	490	-101
0	1023	491	-101
0	1023	493	-101
0	1023	494	-101
0	1023	495	-101
0	1023	497	-101
0	1023	499	-101
0	1023	499	-101
0	1023	500	-101
0	1023	501	-101
0	1023	502	-101
0	1023	503	-101
0	1023	505	-101
0	1023	506	-101
0	1023	507	-101
0	1023	508	-101
0	1023	509	-101
0	1023	509	-101
0	620	510	-101
0	522	510	-101
0	514	509	-101
0	512	509	-101
0	512	509	-101
0	511	510	-101
0	511	510	-101
0	511	510	-101
0	510	509	-101
0	510	510	-101
0	510	509	-101
0	510	510	-101
0	510	510	-101
0	510	509	-101
0	510	510	-101
0	510	509	-101
0	510	510	-101
0	510	509	-101
0	510	509	-101
0	510	510	-101
0	510	510	-101
0	510	510	-101
0	510	510	-101
0	510	509	-101
0	511	510	-101
0	510	510	-101
0	511	510	-101
0	510	510	-101
0	511	509	-101
0	510	510	-101
0	510	510	-101
0	510	510	-101
0	510	510	-101
0	510	509	-101
0	509	510	-101
0	510	510	-101
0	509	509	-101
0	509	509	-101
0	509	510	-101
0	509	509	-101
0	510	510	-101
0	510	510	-101
0	510	509	-101
0	509	510	-101
0	509	509	-101
0	510	510	-101
0	509	510	-101
0	510	510	-101
0	510	510	-101
0	510	510	-101
0	510	509	-101
0	510	509	-101
0	510	510	-101
0	511	509	-101
0	510	510	-101
0	510	509	-101
0	510	510	-101
0	510	509	-101
0	510	509	-101
0	510	509	-101
0	510	509	-101
0	510	509	-101
0	510	510	-101
0	510	510	-101
0	510	510	-101
0	510	510	-101
0	509	509	-101
0	509	510	-101
0	509	510	-101
0	509	509	-101
0	510	510	-101
0	509	509	-101
0	509	509	-101
0	509	509	-101
0	509	510	-101
0	509	510	-101
0	509	510	-101
0	510	509	-101
0	510	509	-101
0	510	510	-101
0	510	510	-101
0	510	510	-101
0	510	509	-101
0	510	510	-101
0	510	509	-101
0	510	510	-101
0	510	510	-101
0	510	510	-101
0	510	509	-101
0	510	510	-101
0	510	510	-101
0	510	510	-101
0	510	509	-101
0	510	510	-101
0	510	510	-101
0	510	509	-101
0	510	509	-101
0	510	510	-101
0	510	509	-101
0	509	509	-101
0	509	510	-101
0	509	509	-101
0	509	510	-101
0	509	509	-101
0	509	509	-101
0	509	510	-101
0	509	510	-101
0	509	509	-101
0	509	509	-101
0	510	509	-101
0	510	510	-101
0	510	509	-101
0	510	509	-101
0	510	510	-101
0	510	509	-101
0	510	510	-101
0	510	509	-101
0	510	510	-101
0	511	510	-101
0	510	509	-101
0	510	509	-101
0	510	509	-101
0	510	509	-101
0	510	510	-101
0	510	510	-101
0	510	510	-101
0	510	510	-101
0	510	510	-101
0	509	509	-101
0	509	509	-101
0	509	510	-101
0	509	510	-101
0	509	509	-101
0	510	509	-101
0	509	510	-101
0	509	510	-101
0	509	509	-101
0	509	510	-101
0	509	509	-101
0	509	510	-101
0	509	509	-101
0	510	509	-101
0	510	510	-101
0	510	510	-101
0	510	510	-101
0	510	510	-101
0	510	509	-101
0	510	510	-101
0	510	510	-101
0	510	510	-101
0	510	510	-101
0	510	509	-101
0	510	509	-101
0	510	510	-101
0	510	509	-101
0	510	509	-101
0	510	509	-101
0	510	509	-101
0	509	509	-101
0	509	510	-101
0	510	510	-101
0	510	509	-101
0	509	509	-101
0	509	510	-101
0	509	510	-101
0	509	510	-101
0	509	509	-101
0	509	510	-101
0	509	510	-101
0	509	510	-101
0	509	510	-101
0	509	510	-101
0	509	510	-101
0	510	510	-101
0	510	510	-101
0	510	509	-101
0	510	510	-101
0	510	510	-101
0	510	510	-101
0	510	508	-101
0	510	509	-101
0	511	509	-101
0	510	509	-101
0	510	509	-101
0	510	510	-101
0	510	510	-101
0	510	510	-101
0	510	509	-101
0	510	509	-101
0	510	509	-101
0	510	510	-101
0	510	509	-101
0	509	510	-101
0	509	510	-101
0	509	510	-101
0	509	510	-101
0	509	508	-101
0	509	509	-101
0	509	510	-101
0	509	509	-101
0	509	509	-101
0	509	510	-101
0	510	510	-101
0	510	509	-101
0	510	510	-101
0	510	510	-101
0	510	509	-101
0	510	510	-101
0	510	510	-101
0	510	510	-101
0	510	509	-101
0	510	510	-101
0	510	509	-101
0	509	509	-101
0	510	510	-101
0	510	510	-101
0	510	509	-101
0	510	509	-101
0	510	509	-101
0	510	510	-101
0	509	510	-101
0	509	510	-101
0	509	509	-101
0	510	509	-101
0	509	510	-101
0	509	510	-101
0	509	510	-101
0	510	509	-101
0	509	509	-101
0	509	510	-101
0	509	509	-101
0	509	509	-101
0	509	510	-101
0	509	509	-101
0	510	510	-101
0	509	510	-101
0	510	509	-101
0	510	510	-101
0	510	509	-101
0	510	510	-101
0	510	510	-101
0	510	509	-101
0	510	510	-101
0	510	510	-101
0	510	510	-101
0	510	510	-101
0	510	510	-101
0	510	510	-101
0	510	510	-101
0	510	510	-101
0	510	510	-101
0	510	510	-101
0	510	510	-101
0	510	509	-101
0	510	510	-101
0	509	510	-101
0	509	509	-101
0	509	510	-101
0	509	510	-101
0	509	509	-101
0	509	509	-101
0	509	510	-101
0	509	509	-101
0	509	509	-101
0	509	509	-101
0	510	510	-101
0	509	510	-101
0	509	509	-101
0	510	510	-101
0	510	510	-101
0	510	510	-101
0	510	510	-101
0	510	509	-101
0	511	510	-101
0	510	509	-101
0	510	510	-101
0	510	510	-101
0	510	510	-101
0	510	509	-101
0	510	510	-101
0	510	509	-101
0	510	509	-101
0	510	510	-101
0	510	508	-101
0	509	510	-101
0	509	509	-101
0	509	509	-101
0	509	509	-101
0	509	510	-101
0	509	510	-101
0	509	510	-101
0	509	510	-101
0	509	510	-101
0	509	509	-101
0	509	509	-101
0	509	509	-101
0	509	509	-101
0	510	510	-101
0	510	509	-101
0	509	510	-101
0	510	510	-101
0	510	509	-101
0	510	510	-101
0	510	509	-101
0	510	509	-101
0	510	510	-101
0	510	510	-101
0	510	510	-101
0	510	509	-101
0	510	510	-101
0	510	509	-101
0	510	510	-101
0	510	510	-101
0	510	510	-101
0	510	510	-101
0	510	510	-101
0	509	510	-101
0	509	510	-101
0	510	510	-101
0	509	510	-101
0	509	509	-101
0	509	509	-101
0	509	509	-101
0	509	509	-101
0	509	509	-101
0	509	510	-101
0	509	509	-101
0	509	510	-101
0	510	509	-101
0	509	509	-101
0	510	509	-101
0	510	509	-101
0	510	510	-101
0	509	510	-101
0	510	510	-101
0	510	509	-101
0	510	509	-101
0	510	510	-101
0	510	510	-101
0	510	509	-101
0	510	510	-101
0	510	509	-101
0	510	510	-101
0	510	509	-101
0	510	510	-101
0	510	510	-101
0	510	510	-101
0	510	510	-101
0	509	509	-101
0	509	509	-101
0	509	510	-101
0	509	510	-101
0	509	510	-101
0	509	510	-101
0	509	509	-101
0	509	509	-101
0	509	510	-101
0	509	510	-101
0	509	510	-101
0	509	510	-101
0	509	509	-101
0	510	509	-101
0	509	509	-101
0	510	510	-101
0	510	509	-101
0	510	510	-101
0	510	510	-101
0	510	509	-101
0	510	510	-101
0	510	509	-101
0	510	510	-101
0	510	509	-101
0	510	510	-101
0	510	510	-101
0	510	510	-101
0	510	510	-101
0	510	510	-101
0	510	509	-101
0	510	509	-101
0	509	509	-101
0	510	509	-101
0	510	509	-101
0	509	510	-101
0	509	510	-101
0	509	509	-101
0	509	510	-101
0	509	510	-101
0	509	509	-101
0	509	510	-101
0	509	510	-101
0	509	510	-101
0	510	510	-101
0	509	511	-101
0	510	509	-101
0	510	509	-101
0	510	510	-101
0	510	509	-101
0	510	510	-101
0	509	509	-101
0	510	510	-101
0	510	509	-101
0	510	511	-101
0	510	510	-101
0	510	510	-101
0	510	509	-101
0	510	509	-101
0	510	509	-101
0	510	509	-101
0	510	510	-101
0	510	510	-101
0	510	510	-101
0	509	509	-101
0	510	510	-101
0	509	509	-101
0	509	510	-101
0	509	510	-101
0	509	510	-101
0	509	509	-101
0	509	509	-101
0	509	510	-101
0	509	509	-101
0	509	510	-101
0	509	509	-101
0	509	509	-101
0	510	510	-101
0	510	509	-101
0	510	510	-101
0	510	510	-101
0	510	510	-101
0	510	509	-101
0	510	509	-101
0	510	509	-101
0	510	510	-101
0	510	509	-101
0	510	510	-101
0	510	509	-101
0	510	509	-101
0	510	510	-101
0	510	510	-101
0	510	510	-101
0	510	509	-101
0	510	510	-101
0	509	509	-101
0	509	509	-101
0	509	510	-101
0	510	510	-101
0	509	510	-101
0	509	510	-101
0	509	509	-101
0	509	510	-101
0	509	509	-101
0	509	509	-101
0	509	510	-101
0	509	509	-101
0	510	510	-101
0	510	509	-101
0	510	509	-101
0	510	510	-101
0	510	510	-101
0	510	509	-101
0	510	509	-101
0	509	509	-101
0	510	509	-101
0	510	510	-101
0	510	510	-101
0	510	510	-101
0	510	509	-101
0	510	510	-101
0	510	510	-101
0	510	510	-101
0	510	509	-101
0	510	510	-101
0	509	510	-101
0	510	510	-101
0	509	509	-101
0	510	509	-101
0	509	509	-101
0	509	509	-101
0	509	510	-101
0	509	510	-101
0	510	509	-101
0	509	509	-101
0	509	510	-101
0	509	509	-101
0	510	509	-101
0	509	510	-101
0	509	509	-101
0	510	510	-101
0	510	510	-101
0	510	509	-101
0	510	510	-101
0	510	510	-101
0	510	509	-101
0	510	510	-101
0	510	510	-101
0	510	509	-101
0	510	510	-101
0	510	510	-101
0	510	509	-101
0	510	510	-101
0	510	510	-101
0	510	509	-101
0	510	509	-101
0	510	509	-101
0	510	510	-101
0	509	510	-101
0	509	509	-101
0	509	509	-101
0	510	510	-101
0	509	510	-101
0	509	509	-101
0	509	510	-101
0	509	509	-101
0	509	509	-101
0	509	510	-101
0	509	510	-101
0	509	510	-101
0	510	509	-101
0	510	509	-101
0	510	509	-101
0	510	510	-101
0	510	509	-101
0	510	510	-101
0	510	509	-101
0	510	509	-101
0	510	509	-101
0	510	510	-101
0	510	509	-101
0	510	509	-101
0	510	509	-101
0	510	510	-101
0	510	509	-101
0	510	509	-101
0	510	510	-101
0	510	510	-101
0	509	510	-101
0	510	509	-101
0	510	510	-101
0	510	510	-101
0	509	510	-101
0	509	510	-101
0	509	510	-101
0	509	510	-101
0	509	510	-101
0	509	510	-101
0	509	510	-101
0	509	510	-101
0	509	509	-101
0	509	510	-101
0	510	510	-101
0	509	509	-101
0	510	509	-101
0	510	510	-101
0	510	510	-101
0	510	510	-101
0	510	510	-101
0	510	509	-101
0	510	509	-101
0	510	510	-101
0	510	510	-101
0	510	510	-101
0	510	510	-101
0	510	510	-101
0	510	510	-101
0	510	510	-101
0	510	509	-101
0	509	510	-101
0	510	509	-101
0	509	509	-101
0	509	510	-101
0	509	509	-101
0	510	509	-101
0	509	509	-101
0	510	509	-101
0	509	509	-101
0	509	509	-101
0	509	510	-101
0	509	510	-101
0	509	510	-101
0	509	509	-101
53	510	509	101
68	520	510	91
83	521	510	90
98	523	509	88
112	540	510	71
123	567	510	44
130	597	509	14
133	621	510	-10
135	629	511	-18
136	633	510	-22
137	632	511	-21
138	631	511	-20
139	630	511	-19
139	631	511	-20
140	626	511	-15
142	625	511	-14
142	630	512	-19
143	627	512	-16
143	627	512	-16
144	623	512	-12
146	615	513	-4
146	628	512	-17
146	625	513	-14
147	621	513	-10
147	622	513	-11
148	619	513	-8
149	619	513	-8
150	621	513	-10
150	622	513	-11
150	619	513	-8
151	615	514	-4
152	616	515	-5
153	618	514	-7
153	620	514	-9
153	617	515	-6
154	613	514	-2
155	614	515	-3
156	616	515	-5
156	617	515	-6
157	615	516	-4
157	616	515	-5
158	613	516	-2
159	614	516	-3
159	617	516	-6
160	613	516	-2
160	615	517	-4
161	612	517	-1
161	614	517	-3
162	611	517	0
163	610	518	1
164	615	518	-4
163	618	518	-7
165	610	518	1
164	617	518	-6
166	608	518	3
166	615	519	-4
166	614	518	-3
167	610	519	1
168	612	520	-1
168	617	519	-6
168	614	518	-3
169	610	520	1
169	614	520	-3
169	611	519	0
171	606	520	5
170	621	520	-10
171	610	520	1
171	615	521	-4
171	612	520	-1
172	609	521	2
173	612	521	-1
172	617	521	-6
173	607	521	4
174	609	522	2
174	613	521	-2
175	611	522	0
175	614	522	-3
175	612	522	-1
176	609	522	2
176	614	522	-3
177	611	523	0
176	617	523	-6
178	605	523	6
178	616	523	-5
177	616	523	-5
178	605	523	6
179	609	523	2
179	613	523	-2
180	611	524	0
180	615	524	-4
180	612	525	-1
181	609	524	2
181	613	524	-2
181	611	524	0
182	607	525	4
183	612	526	-1
182	620	526	-9
182	610	525	1
183	605	526	6
184	608	526	3
185	613	526	-2
184	620	526	-9
184	609	527	2
185	605	526	6
186	609	526	2
186	615	527	-4
186	612	527	-1
187	608	527	3
188	612	527	-1
187	618	528	-7
188	608	527	3
188	611	528	0
189	609	528	2
188	617	528	-6
190	604	528	7
188	624	528	-13
190	599	528	12
190	618	529	-7
189	618	529	-7
191	602	529	9
190	618	529	-7
190	610	530	1
191	606	529	5
192	611	530	0
190	621	529	-10
192	599	530	12
193	610	530	1
192	620	531	-9
193	609	530	2
192	614	531	-3
194	602	531	9
193	617	531	-6
195	606	531	5
193	624	532	-13
194	603	531	8
195	607	532	4
195	617	532	-6
194	616	532	-5
196	600	533	11
196	617	533	-6
195	616	531	-5
197	603	533	8
196	617	533	-6
197	608	533	3
197	612	533	-1
197	611	534	0
198	609	534	2
197	615	534	-4
199	603	534	8
199	615	535	-4
198	614	534	-3
200	604	534	7
200	614	534	-3
200	613	535	-2
200	610	535	1
201	606	535	5
202	610	535	1
202	613	535	-2
202	612	536	-1
203	609	536	2
203	612	536	-1
203	610	536	1
204	607	536	4
205	610	537	1
205	613	537	-2
205	611	537	0
206	609	537	2
206	609	537	2
207	608	537	3
208	610	537	1
208	612	537	-1
209	610	537	1
209	612	538	-1
209	611	538	0
210	609	538	2
211	608	538	3
212	611	539	0
212	612	538	-1
213	609	539	2
213	609	539	2
215	606	539	5
215	612	540	-1
216	611	540	0
216	612	540	-1
217	607	539	4
218	607	540	4
220	607	541	4
221	607	540	4
222	606	540	5
255	604	540	7
255	604	541	7
255	600	541	11
255	597	541	14
255	595	541	16
255	592	541	19
255	590	541	21
255	588	542	23
255	586	542	25
255	582	542	29
255	581	542	30
255	578	542	33
255	576	542	35
255	574	542	37
255	571	543	40
255	568	543	43
255	567	543	44
255	565	543	46
255	563	542	48
255	561	543	50
255	559	543	52
255	558	543	53
255	556	544	55
255	553	544	58
255	553	544	58
255	551	543	60
255	549	543	62
255	548	543	63
255	548	544	63
255	547	544	64
255	546	544	65
255	545	545	66
255	544	544	67
255	542	544	69
255	542	544	69
255	540	544	71
255	540	544	71
255	539	544	72
255	537	544	74
255	535	544	76
255	536	544	75
255	536	545	75
255	535	544	76
255	533	544	78
255	532	544	79
255	532	545	79
255	531	545	80
255	530	545	81
255	530	544	81
255	529	544	82
255	529	544	82
255	529	545	82
255	528	545	83
255	528	545	83
255	526	545	85
255	525	545	86
255	525	545	86
255	524	545	87
255	524	544	87
255	523	545	88
255	523	545	88
255	522	545	89
255	521	545	90
255	522	545	89
255	522	546	89
255	520	546	91
255	521	546	90
255	521	545	90
255	520	545	91
255	520	546	91
255	519	545	92
255	519	546	92
255	519	545	92
255	518	545	93
255	518	545	93
255	518	546	93
255	518	545	93
255	518	545	93
255	517	545	94
255	517	545	94
255	515	545	96
255	516	545	95
255	515	545	96
255	515	545	96
255	514	545	97
255	514	545	97
255	513	545	98
255	513	545	98
255	513	545	98
255	513	545	98
255	514	546	97
255	514	545	97
255	513	546	98
255	513	545	98
255	513	545	98
255	513	545	98
255	514	546	97
255	514	544	97
255	514	545	97
255	513	545	98
255	513	546	98
255	513	546	98
255	512	546	99
255	513	546	98
255	513	545	98
255	512	546	99
255	514	545	97
255	513	546	98
255	514	546	97
255	513	545	98
255	513	545	98
255	513	546	98
255	514	545	97
255	512	546	99
255	512	545	99
255	512	546	99
255	511	545	100
255	512	545	99
255	511	546	100
255	509	546	102
255	520	546	91
255	519	546	92
255	520	546	91
255	519	546	92
255	519	546	92
255	518	546	93
255	518	545	93
255	518	546	93
255	518	546	93
255	517	545	94
255	517	545	94
255	517	545	94
255	517	546	94
255	517	546	94
255	516	545	95
255	516	547	95
255	516	546	95
255	516	546	95
255	517	546	94
255	516	546	95
255	516	546	95
255	516	545	95
255	516	546	95
255	515	546	96
255	515	546	96
255	515	546	96
255	514	546	97
255	514	546	97
255	514	546	97
255	514	546	97
255	513	546	98
255	513	546	98
255	513	546	98
255	513	546	98
255	513	547	98
255	513	546	98
255	513	546	98
255	513	546	98
255	513	546	98
255	513	546	98
255	513	546	98
255	513	546	98
255	513	546	98
255	513	546	98
255	512	547	99
255	512	546	99
255	513	546	98
255	512	546	99
255	512	546	99
255	512	547	99
255	511	546	100
255	511	546	100
255	511	546	100
255	511	546	100
255	511	547	100
255	511	546	100
255	511	546	100
255	511	546	100
255	511	546	100
255	512	546	99
255	511	546	100
255	512	546	99
255	512	546	99
255	511	547	100
255	511	546	100
255	512	546	99
255	512	546	99
255	511	546	100
255	511	547	100
255	511	546	100
255	511	546	100
255	511	546	100
255	510	547	101
255	510	546	101
255	510	546	101
255	510	546	101
255	510	546	101
255	510	546	101
255	510	546	101
255	511	546	100
0	511	546	100
0	0	545	100
0	0	543	100
0	0	541	100
0	0	540	100
0	0	538	100
0	0	536	100
0	0	535	100
0	0	533	100
0	0	532	100
0	0	530	100
0	0	528	100
0	0	528	100
0	0	527	100
0	0	525	100
0	0	524	100
0	0	522	100
0	0	521	100
0	0	520	100
0	0	518	100
0	0	517	100
0	0	517	100
0	0	516	100
0	0	515	100
0	0	513	100
0	0	513	100
0	0	512	100
0	0	510	100
0	205	510	100
0	486	510	100
0	504	509	100
0	506	510	100
0	507	510	100
0	508	510	100
0	509	510	100
0	509	511	100
0	508	510	100
0	509	510	100
0	509	510	100
0	509	510	100
0	509	510	100
0	509	511	100
0	509	509	100
0	509	511	100
0	509	510	100
0	509	510	100
0	509	510	100
0	509	510	100
0	509	510	100
0	509	510	100
0	509	510	100
0	509	511	100
0	509	510	100
0	509	510	100
0	508	510	100
0	509	510	100
0	509	510	100
0	509	510	100
0	509	509	100
0	509	510	100
0	509	509	100
0	509	510	100
0	509	510	100
0	510	510	100
0	510	510	100
0	510	510	100
0	510	510	100
0	510	510	100
0	510	510	100
0	510	510	100
0	510	510	100
0	510	510	100
0	510	510	100
0	510	510	100
0	510	510	100
0	510	510	100
0	510	510	100
0	509	510	100
0	510	510	100
0	509	509	100
0	509	510	100
0	509	510	100
0	509	510	100
0	509	510	100
0	509	510	100
0	509	511	100
0	509	510	100
0	509	510	100
0	509	510	100
0	509	510	100
0	509	510	100
0	509	510	100
0	509	510	100
0	509	510	100
0	510	510	100
0	510	510	100
0	510	510	100
0	510	509	100
0	510	511	100
0	509	510	100
0	510	510	100
0	510	510	100
0	510	509	100
0	510	510	100
0	510	510	100
0	510	509	100
0	510	510	100
0	510	510	100
0	509	510	100
0	510	510	100
0	510	510	100
0	510	510	100
0	509	510	100
0	509	509	100
0	509	509	100
0	509	510	100
0	509	510	100
0	509	510	100
0	509	510	100
0	509	510	100
0	509	510	100
0	509	510	100
0	509	510	100
0	509	510	100
0	509	509	100
0	509	511	100
0	510	510	100
0	510	510	100
0	510	510	100
0	509	510	100
0	510	510	100
0	510	510	100
0	510	510	100
0	510	510	100
0	510	511	100
0	510	510	100
0	510	510	100
0	510	510	100
0	510	511	100
0	510	510	100
0	510	509	100
0	510	510	100
0	510	511	100
0	509	510	100
0	509	510	100
0	509	511	100
0	509	510	100
0	509	510	100
0	509	510	100
0	510	510	100
0	509	509	100
0	509	510	100
0	509	510	100
0	509	510	100
0	509	510	100
0	509	510	100
0	510	511	100
0	509	509	100
0	510	511	100
0	510	510	100
0	510	511	100
0	510	510	100
0	510	510	100
0	510	510	100
0	510	510	100
0	510	510	100
0	510	510	100
0	510	510	100
0	510	510	100
0	510	510	100
0	510	510	100
0	510	510	100
0	510	509	100
0	510	510	100
0	509	510	100
0	509	510	100
0	509	510	100
0	509	510	100
0	509	510	100
0	509	511	100
0	509	510	100
0	509	510	100
0	509	511	100
0	509	509	100
0	509	510	100
0	509	510	100
0	509	510	100
0	510	510	100
0	510	510	100
0	510	510	100
0	510	510	100
0	510	510	100
0	510	510	100
0	510	510	100
0	510	511	100
0	510	510	100
0	510	510	100
0	510	510	100
0	510	510	100
0	510	509	100
0	510	510	100
0	510	510	100
0	510	510	100
0	510	510	100
0	510	510	100
0	509	510	100
0	509	510	100
0	509	509	100
0	509	510	100
0	509	510	100
0	509	510	100
0	509	510	100
0	509	510	100
0	509	510	100
0	509	510	100
0	509	510	100
0	509	510	100
0	509	510	100
0	509	511	100
0	510	510	100
0	510	510	100
0	510	510	100
0	510	510	100
0	510	510	100
0	510	509	100
0	510	510	100
0	510	510	100
0	510	510	100
0	510	511	100
0	510	511	100
0	510	510	100
0	510	510	100
0	510	510	100
0	510	510	100
0	510	510	100
0	510	510	100
0	510	510	100
0	510	510	100
0	510	510	100
0	509	510	100
0	510	510	100
0	509	510	100
0	509	510	100
0	509	510	100
0	509	510	100
0	509	510	100
0	509	511	100
0	509	510	100
0	509	510	100
0	509	510	100
0	509	510	100
0	510	510	100
0	510	509	100
0	510	510	100
0	510	510	100
0	510	510	100
0	510	510	100
0	510	510	100
0	510	510	100
0	510	510	100
0	510	510	100
0	510	510	100
0	510	511	100
0	510	510	100
0	510	510	100
0	510	510	100
0	510	510	100
0	510	510	100
0	509	511	100
0	509	510	100
0	509	510	100
0	509	510	100
0	509	510	100
0	509	510	100
0	509	510	100
0	509	510	100
0	509	510	100
0	509	510	100
0	509	510	100
0	510	510	100
0	510	510	100
0	509	511	100
0	510	510	100
0	510	510	100
0	510	510	100
0	510	510	100
0	510	511	100
0	510	511	100
0	510	510	100
0	510	511	100
0	510	510	100
0	510	510	100
0	510	510	100
0	510	510	100
0	510	511	100
0	510	510	100
0	510	510	100
0	510	510	100
0	509	510	100
0	510	510	100
0	509	510	100
0	509	510	100
0	509	510	100
0	509	510	100
0	509	510	100
0	509	510	100
0	509	510	100
0	509	510	100
0	509	510	100
0	509	510	100
0	509	510	100
0	509	510	100
0	510	510	100
0	509	510	100
0	510	510	100
0	510	510	100
0	510	510	100
0	510	510	100
0	510	510	100
0	510	510	100
0	510	510	100
0	510	510	100
0	510	510	100
0	510	510	100
0	510	510	100
0	510	510	100
0	510	510	100
0	510	510	100
0	510	510	100
0	510	510	100
0	509	510	100
0	510	510	100
0	509	511	100
0	510	510	100
0	509	510	100
0	509	510	100
0	509	510	100
0	509	510	100
0	509	510	100
0	509	510	100
0	509	510	100
0	509	510	100
0	509	510	100
0	510	510	100
0	510	510	100
0	510	510	100
0	510	510	100
0	510	510	100
0	510	510	100
0	510	510	100
0	511	509	100
0	510	510	100
0	510	510	100
0	510	510	100
0	510	510	100
0	510	510	100
0	510	510	100
0	510	511	100
0	510	510	100
0	510	510	100
0	510	510	100
0	510	510	100
0	510	511	100
0	509	510	100
0	509	509	100
0	509	509	100
0	509	510	100
0	510	510	100
0	510	511	100
0	509	510	100
0	509	510	100
0	509	510	100
0	509	510	100
0	509	510	100
0	509	510	100
0	509	510	100
0	509	510	100
0	510	510	100
0	510	510	100
0	510	510	100
0	510	511	100
0	510	510	100
0	510	510	100
0	510	510	100
0	510	510	100
0	510	511	100
0	510	510	100
0	510	510	100
0	510	511	100
0	510	511	100
0	510	510	100
0	510	511	100
0	510	509	100
0	509	510	100
0	510	510	100
0	510	510	100
0	509	510	100
0	509	510	100
0	509	510	100
0	509	511	100
0	509	510	100
0	509	510	100
0	509	510	100
0	509	510	100
0	509	510	100
0	509	510	100
0	510	510	100
0	509	510	100
0	510	510	100
0	510	510	100
0	510	510	100
0	510	510	100
0	509	510	100
0	510	510	100
0	511	510	100
0	510	510	100
0	510	510	100
0	510	510	100
0	510	510	100
0	510	510	100
0	510	510	100
0	510	510	100
0	510	511	100
0	509	510	100
0	510	509	100
0	509	510	100
0	509	510	100
0	509	510	100
0	509	510	100
0	509	510	100
0	509	510	100
0	509	509	100
0	509	510	100
0	509	510	100
0	509	510	100
0	509	510	100
0	509	510	100
0	509	509	100
0	509	510	100
0	510	510	100
0	510	510	100
0	510	511	100
0	510	511	100
0	510	510	100
0	510	510	100
0	510	511	100
0	510	510	100
0	510	510	100
0	510	510	100
0	510	510	100
0	510	511	100
0	510	509	100
0	510	510	100
0	510	510	100
0	510	510	100
0	510	510	100
0	510	510	100
0	509	510	100
0	509	509	100
0	509	510	100
0	509	510	100
0	509	510	100
0	509	510	100
0	509	510	100
0	509	509	100
0	509	510	100
0	510	510	100
0	509	511	100
0	509	510	100
0	509	510	100
0	510	509	100
0	510	510	100
0	510	510	100
0	510	510	100
0	510	510	100
0	509	510	100
0	510	510	100
0	510	510	100
0	510	510	100
0	511	510	100
0	510	510	100
0	510	511	100
0	510	510	100
0	510	510	100
0	510	510	100
0	510	510	100
0	510	510	100
0	510	510	100
0	510	510	100
0	509	510	100
0	509	510	100
0	509	510	100
0	509	510	100
0	509	509	100
0	509	509	100
0	509	509	100
0	509	511	100
0	509	510	100
0	509	510	100
0	509	510	100
0	510	510	100
0	509	510	100
0	510	511	100
0	510	510	100
0	510	510	100
0	510	511	100
0	510	510	100
0	510	511	100
0	510	511	100
0	510	510	100
0	510	510	100
0	510	510	100
0	510	511	100
0	510	510	100
0	510	511	100
0	510	510	100
0	510	510	100
0	510	510	100
0	509	510	100
0	510	510	100
0	510	510	100
0	510	510	100
0	509	510	100
0	509	510	100
0	509	510	100
0	509	511	100
0	509	510	100
0	508	510	100
0	509	510	100
0	509	510	100
0	509	510	100
0	509	510	100
0	509	510	100
0	509	509	100
0	510	510	100
0	510	510	100
0	510	510	100
0	510	510	100
0	510	510	100
0	510	510	100
0	510	510	100
0	510	510	100
0	510	511	100
0	510	510	100
0	510	510	100
0	510	510	100
0	510	510	100
0	510	510	100
0	510	510	100
0	510	510	100
0	510	510	100
0	510	511	100
0	509	510	100
0	509	510	100
0	509	511	100
0	509	510	100
0	509	511	100
0	509	510	100
0	509	510	100
0	509	510	100
0	509	510	100
0	509	510	100
0	509	510	100
0	509	510	100
0	510	510	100
0	510	510	100
0	510	510	100
0	510	510	100
0	510	510	100
0	510	510	100
0	510	510	100
0	510	510	100
0	510	510	100
0	510	510	100
0	510	510	100
0	510	510	100
0	510	510	100
0	510	510	100
0	510	510	100
0	510	510	100
0	510	509	100
0	510	510	100
0	510	510	100
0	510	510	100
0	509	510	100
0	509	509	100
0	509	510	100
0	509	510	100
0	509	510	100
0	509	511	100
0	509	510	100
0	509	509	100
0	509	510	100
0	509	510	100
0	509	511	100
0	509	511	100
0	509	510	100
0	510	510	100
0	510	510	100
0	510	510	100
0	510	511	100
0	510	510	100
0	510	510	100
0	510	510	100
0	510	510	100
0	510	510	100
0	510	509	100
0	510	510	100
0	510	510	100
-53	510	510	-101
-68	501	510	-92
-84	506	510	-97
-100	502	510	-93
-115	482	510	-73
-126	454	511	-45
-133	427	510	-18
-136	399	509	10
-138	388	509	21
-139	383	510	26
-139	383	509	26
-140	389	508	20
-141	389	509	20
-142	388	508	21
-142	387	508	22
-142	391	507	18
-144	396	508	13
-144	389	508	20
-144	392	507	17
-145	397	508	12
-145	395	507	14
-145	392	507	17
-146	403	507	6
-147	401	506	8
-148	398	506	11
-148	395	505	14
-148	398	506	11
-149	401	505	8
-149	399	505	10
-150	402	505	7
-150	400	505	9
-150	403	505	6
-151	406	505	3
-152	403	504	6
-152	400	505	9
-152	403	504	6
-153	406	505	3
-153	403	504	6
-154	406	503	3
-154	404	503	5
-155	406	504	3
-155	404	503	5
-155	407	504	2
-157	409	503	0
-156	398	503	11
-156	408	503	1
-158	412	502	-3
-158	401	502	8
-157	402	502	7
-158	413	502	-4
-159	410	502	-1
-159	402	502	7
-159	404	501	5
-159	407	501	2
-160	410	502	-1
-160	403	502	6
-160	404	500	5
-160	408	501	1
-161	411	500	-2
-160	402	500	7
-162	416	500	-7
-161	401	501	8
-162	409	500	0
-162	406	500	3
-162	407	500	2
-163	411	500	-2
-163	406	499	3
-163	408	500	1
-164	412	499	-3
-164	406	499	3
-164	408	499	1
-165	410	498	-1
-165	405	498	4
-165	407	497	2
-165	410	498	-1
-166	413	498	-4
-166	408	498	1
-167	409	497	0
-166	404	498	5
-167	414	497	-5
-168	410	497	-1
-167	403	497	6
-168	413	497	-4
-169	409	497	0
-168	405	497	4
-169	413	497	-4
-170	409	496	0
-169	402	496	7
-170	413	496	-4
-170	409	496	0
-171	411	496	-2
-171	405	495	4
-171	407	496	2
-171	410	495	-1
-172	413	495	-4
-173	411	494	-2
-172	401	494	8
-173	411	494	-2
-173	407	494	2
-173	409	495	0
-174	412	494	-3
-174	407	495	2
-174	408	493	1
-175	411	494	-2
-175	406	493	3
-175	408	493	1
-175	411	493	-2
-176	414	492	-5
-177	409	492	0
-176	403	493	6
-177	413	492	-4
-177	409	492	0
-178	411	492	-2
-178	407	492	2
-178	408	492	1
-179	412	491	-3
-179	408	492	1
-180	410	492	-1
-180	407	491	2
-180	409	491	0
-181	412	491	-3
-181	406	491	3
-181	408	491	1
-182	411	491	-2
-181	404	490	5
-182	415	490	-6
-183	410	491	-1
-182	403	490	6
-183	413	490	-4
-184	409	489	0
-183	403	490	6
-184	413	490	-4
-184	409	489	0
-185	411	489	-2
-185	407	489	2
-185	409	488	0
-186	412	489	-3
-187	415	488	-6
-187	407	489	2
-188	409	488	0
-188	407	488	2
-188	409	487	0
-189	411	488	-2
-189	410	487	-1
-190	412	487	-3
-191	411	487	-2
-191	409	487	0
-192	412	487	-3
-193	411	487	-2
-194	410	486	-1
-194	409	487	0
-195	411	486	-2
-197	416	486	-7
-197	408	485	1
-198	410	486	-1
-198	407	485	2
-198	409	485	0
-200	412	486	-3
-199	403	485	6
-200	410	485	-1
-201	409	484	0
-201	411	485	-2
-202	409	485	0
-202	407	485	2
-203	409	484	0
-203	408	484	1
-204	411	484	-2
-205	409	484	0
-205	406	483	3
-205	409	484	0
-206	412	483	-3
-207	410	483	-1
-207	408	483	1
-208	410	483	-1
-209	411	483	-2
-209	406	483	3
-209	408	482	1
-210	411	482	-2
-211	409	482	0
-211	407	482	2
-212	409	482	0
-212	408	481	1
-213	410	481	-1
-213	409	481	0
-214	411	481	-2
-215	410	481	-1
-215	408	481	1
-216	411	481	-2
-217	410	480	-1
-218	410	480	-1
-218	408	480	1
-219	411	480	-2
-220	411	480	-2
-220	409	480	0
-221	412	480	-3
-222	410	479	-1
-223	409	479	0
-255	409	479	0
-221	405	478	4
-223	420	479	-11
-255	419	479	-10
-255	413	479	-4
-255	415	478	-6
-255	419	478	-10
-255	422	478	-13
-255	425	477	-16
-255	428	478	-19
-255	431	477	-22
-255	433	477	-24
-255	436	477	-27
-255	439	477	-30
-255	441	477	-32
-255	443	477	-34
-255	446	478	-37
-255	448	476	-39
-255	450	477	-41
-255	452	477	-43
-255	454	477	-45
-255	456	476	-47
-255	457	476	-48
-255	459	477	-50
-255	460	476	-51
-255	462	475	-53
-255	464	475	-55
-255	465	476	-56
-255	466	475	-57
-255	468	475	-59
-255	469	475	-60
-255	471	475	-62
-255	472	476	-63
-255	474	475	-65
-255	475	474	-66
-255	477	475	-68
-255	478	475	-69
-255	478	475	-69
-255	480	475	-71
-255	480	475	-71
-255	482	475	-73
-255	482	474	-73
-255	483	475	-74
-255	484	475	-75
-255	485	474	-76
-255	485	475	-76
-255	486	474	-77
-255	487	475	-78
-255	488	474	-79
-255	489	475	-80
-255	489	474	-80
-255	490	474	-81
-255	491	474	-82
-255	492	474	-83
-255	492	475	-83
-255	493	474	-84
-255	493	474	-84
-255	494	474	-85
-255	495	474	-86
-255	495	474	-86
-255	496	474	-87
-255	496	474	-87
-255	496	474	-87
-255	497	474	-88
-255	497	474	-88
-255	497	474	-88
-255	497	474	-88
-255	498	474	-89
-255	498	473	-89
-255	499	474	-90
-255	499	474	-90
-255	499	475	-90
-255	500	473	-91
-255	500	474	-91
-255	501	474	-92
-255	501	473	-92
-255	501	474	-92
-255	502	473	-93
-255	502	474	-93
-255	503	474	-94
-255	503	474	-94
-255	503	474	-94
-255	503	474	-94
-255	503	474	-94
-255	503	473	-94
-255	503	473	-94
-255	504	474	-95
-255	504	474	-95
-255	504	474	-95
-255	504	474	-95
-255	504	474	-95
-255	504	473	-95
-255	504	473	-95
-255	505	473	-96
-255	505	473	-96
-255	505	473	-96
-255	505	474	-96
-255	506	473	-97
-255	506	473	-97
-255	506	473	-97
-255	506	474	-97
-255	507	474	-98
-255	507	473	-98
-255	507	474	-98
-255	507	473	-98
-255	506	473	-97
-255	506	473	-97
-255	507	474	-98
-255	506	474	-97
-255	507	474	-98
-255	506	474	-97
-255	507	473	-98
-255	507	474	-98
-255	507	474	-98
-255	507	474	-98
-255	507	474	-98
-255	507	473	-98
-255	508	473	-99
-255	508	473	-99
-255	508	473	-99
-255	508	474	-99
-255	509	474	-100
-255	508	473	-99
-255	508	473	-99
-255	508	474	-99
-255	508	473	-99
-255	508	473	-99
-255	508	474	-99
-255	508	473	-99
-255	508	474	-99
-255	508	473	-99
-255	508	473	-99
-255	508	474	-99
-255	508	473	-99
-255	508	473	-99
-255	508	473	-99
-255	508	474	-99
-255	509	473	-100
-255	508	474	-99
-255	509	473	-100
-255	509	474	-100
-255	509	473	-100
-255	509	473	-100
-255	509	473	-100
-255	509	473	-100
-255	509	473	-100
-255	509	473	-100
-255	509	473	-100
-255	509	474	-100
-255	509	473	-100
-255	509	473	-100
-255	509	473	-100
-255	509	473	-100
-255	509	474	-100
-255	508	474	-99
-255	508	473	-99
-255	508	474	-99
-255	509	473	-100
-255	509	474	-100
-255	509	473	-100
-255	509	473	-100
-255	509	473	-100
-255	509	473	-100
-255	509	473	-100
-255	510	474	-101
-255	510	474	-101
-255	510	473	-101
-255	510	473	-101
-255	510	474	-101
-255	510	473	-101
-255	509	473	-100
-255	509	473	-100
-255	509	473	-100
-255	509	474	-100
-255	509	473	-100
-255	509	474	-100
-255	509	474	-100
-255	509	473	-100
-255	509	473	-100
-255	509	472	-100
-255	509	473	-100
-255	510	473	-101
-255	509	473	-100
-255	510	473	-101
-255	510	474	-101
-255	510	473	-101
-255	510	473	-101
-255	511	473	-102
-255	510	473	-101
-255	510	473	-101
-255	510	473	-101
-255	509	474	-100
-255	509	474	-100
-255	509	473	-100
-255	509	474	-100
-255	509	474	-100
-255	509	473	-100
-255	510	473	-101
-255	509	473	-100
-255	509	473	-100
-255	509	472	-100
-255	509	474	-100
-255	509	473	-100
0	510	474	-100
0	1023	475	-100
0	1023	476	-100
0	1023	478	-100
0	1023	480	-100
0	1023	482	-100
0	1023	483	-100
0	1023	485	-100
0	1023	486	-100
0	1023	487	-100
0	1023	490	-100
0	1023	491	-100
0	1023	492	-100
0	1023	493	-100
0	1023	495	-100
0	1023	496	-100
0	1023	497	-100
0	1023	498	-100
0	1023	500	-100
0	1023	501	-100
0	1023	503	-100
0	1023	502	-100
0	1023	504	-100
0	1023	505	-100
0	1023	506	-100
0	1023	507	-100
0	1023	507	-100
0	1023	509	-100
0	1020	509	-100
0	548	510	-100
0	517	511	-100
0	513	510	-100
0	512	509	-100
0	512	509	-100
0	511	509	-100
0	511	509	-100
0	512	510	-100
0	511	510	-100
0	511	510	-100
0	511	510	-100
0	511	510	-100
0	511	510	-100
0	511	510	-100
0	511	509	-100
0	511	510	-100
0	510	510	-100
0	510	510	-100
0	510	510	-100
0	510	510	-100
0	510	510	-100
0	509	510	-100
0	510	509	-100
0	510	509	-100
0	510	509	-100
0	510	509	-100
0	510	510	-100
0	510	509	-100
0	510	509	-100
0	510	510	-100
0	510	510	-100
0	509	509	-100
0	510	510	-100
0	510	509	-100
0	510	510	-100
0	510	510	-100
0	510	510	-100
0	510	509	-100
0	510	510	-100
0	511	510	-100
0	510	509	-100
0	510	510	-100
0	510	510	-100
0	510	509	-100
0	510	509	-100
0	510	510	-100
0	510	509	-100
0	510	510	-100
0	510	510	-100
0	510	510	-100
0	510	510	-100
0	510	510	-100
0	509	510	-100
0	509	509	-100
0	509	509	-100
0	509	510	-100
0	509	509	-100
0	509	510	-100
0	509	510	-100
0	509	509	-100
0	509	510	-100
0	509	509	-100
0	510	510	-100
0	510	510	-100
0	510	510	-100
0	510	509	-100
0	510	510	-100
0	510	510	-100
0	510	509	-100
0	510	510	-100
0	510	509	-100
0	510	509	-100
0	510	510	-100
0	510	510	-100
0	510	509	-100
0	510	509	-100
0	510	510	-100
0	510	509	-100
0	511	509	-100
0	510	510	-100
0	510	510	-100
0	510	509	-100
0	510	510	-100
0	510	510	-100
0	509	510	-100
0	509	509	-100
0	509	510	-100
0	509	509	-100
0	509	510	-100
0	509	510	-100
0	509	510	-100
0	509	510	-100
0	510	510	-100
0	509	509	-100
0	509	508	-100
0	509	510	-100
0	510	509	-100
0	510	510	-100
0	510	509	-100
0	510	510	-100
0	510	509	-100
0	510	510	-100
0	510	509	-100
0	510	510	-100
0	510	510	-100
0	511	510	-100
0	510	509	-100
0	510	510	-100
0	510	510	-100
0	510	510	-100
0	510	510	-100
0	510	510	-100
0	510	510	-100
0	509	510	-100
0	509	509	-100
0	509	509	-100
0	509	510	-100
0	509	510	-100
0	509	509	-100
0	509	509	-100
0	509	509	-100
0	509	510	-100
0	509	510	-100
0	509	510	-100
0	509	510	-100
0	509	510	-100
0	510	510	-100
0	510	510	-100
0	510	510	-100
0	510	509	-100
0	510	509	-100
0	510	509	-100
0	509	510	-100
0	510	510	-100
0	510	510	-100
0	510	510	-100
0	510	510	-100
0	510	510	-100
0	510	510	-100
0	510	509	-100
0	510	509	-100
0	510	510	-100
0	510	510	-100
0	510	509	-100
0	510	510	-100
0	510	510	-100
0	509	509	-100
0	509	510	-100
0	509	509	-100
0	509	510	-100
0	509	509	-100
0	509	509	-100
0	509	510	-100
0	509	510	-100
0	509	509	-100
0	509	510	-100
0	510	510	-100
0	510	509	-100
0	509	509	-100
0	510	510	-100
0	510	509	-100
0	510	509	-100
0	510	509	-100
0	510	509	-100
0	510	510	-100
0	510	509	-100
0	511	509	-100
0	510	509	-100
0	511	510	-100
0	510	510	-100
0	510	509	-100
0	510	510	-100
0	510	509	-100
0	510	509	-100
0	510	510	-100
0	509	510	-100
0	509	510	-100
0	509	509	-100
0	509	510	-100
0	509	509	-100
0	509	509	-100
0	510	510	-100
0	510	510	-100
0	509	510	-100
0	509	509	-100
0	509	510	-100
0	509	510	-100
0	509	509	-100
0	509	510	-100
0	510	510	-100
0	510	509	-100
0	510	509	-100
0	510	510	-100
0	510	509	-100
0	510	510	-100
0	510	510	-100
0	510	510	-100
0	510	509	-100
0	510	509	-100
0	510	510	-100
0	510	509	-100
0	510	510	-100
0	510	509	-100
0	510	509	-100
0	510	509	-100
0	510	510	-100
0	510	510	-100
0	510	509	-100
0	509	510	-100
0	510	510	-100
0	509	510	-100
0	509	510	-100
0	509	509	-100
0	509	509	-100
0	509	509	-100
0	509	509	-100
0	509	509	-100
0	509	510	-100
0	509	510	-100
0	509	510	-100
0	509	510	-100
0	510	509	-100
0	510	510	-100
0	510	510	-100
0	510	509	-100
0	510	510	-100
0	510	509	-100
0	510	509	-100
0	510	510	-100
0	510	509	-100
0	510	509	-100
0	510	509	-100
0	510	510	-100
0	510	510	-100
0	510	509	-100
0	510	510	-100
0	510	509	-100
0	510	510	-100
0	509	509	-100
0	509	509	-100
0	509	509	-100
0	509	510	-100
0	509	510	-100
0	509	509	-100
0	510	509	-100
0	510	510	-100
0	509	509	-100
0	509	510	-100
0	509	510	-100
0	509	510	-100
0	509	509	-100
0	510	509	-100
0	510	510	-100
0	509	510	-100
0	510	510	-100
0	510	510	-100
0	510	510	-100
0	510	508	-100
0	510	510	-100
0	510	509	-100
0	510	509	-100
0	510	509	-100
0	510	510	-100
0	510	510	-100
0	510	509	-100
0	510	509	-100
0	510	510	-100
0	510	510	-100
0	510	510	-100
0	509	510	-100
0	509	509	-100
0	509	510	-100
0	509	510	-100
0	509	510	-100
0	509	509	-100
0	509	509	-100
0	509	510	-100
0	509	509	-100
0	509	510	-100
0	509	509	-100
0	509	510	-100
0	509	510	-100
0	509	509	-100
0	509	510	-100
0	510	510	-100
0	510	510	-100
0	510	510	-100
0	510	510	-100
0	510	509	-100
0	510	510	-100
0	510	509	-100
0	510	510	-100
0	510	509	-100
0	510	509	-100
0	510	510	-100
0	510	510	-100
0	510	509	-100
0	510	510	-100
0	510	509	-100
0	510	510	-100
0	510	509	-100
0	509	510	-100
0	509	510	-100
0	509	510	-100
0	509	509	-100
0	509	510	-100
0	509	510	-100
0	509	510	-100
0	509	509	-100
0	509	509	-100
0	509	510	-100
0	509	510	-100
0	509	510	-100
0	509	510	-100
0	509	509	-100
0	510	509	-100
0	509	509	-100
0	510	509	-100
0	510	509	-100
0	510	510	-100
0	511	510	-100
0	510	510	-100
0	510	510	-100
0	509	510	-100
0	510	510	-100
0	510	510	-100
0	510	510	-100
0	510	510	-100
0	510	510	-100
0	510	509	-100
0	510	510	-100
0	509	510	-100
0	510	509	-100
0	509	510	-100
0	509	509	-100
0	510	510	-100
0	510	510	-100
0	509	510	-100
0	509	509	-100
0	509	510	-100
0	509	509	-100
0	509	509	-100
0	509	510	-100
0	509	509	-100
0	509	509	-100
0	509	509	-100
0	510	509	-100
0	510	509	-100
0	510	509	-100
0	510	510	-100
0	510	510	-100
0	510	510	-100
0	510	510	-100
0	510	509	-100
0	510	510	-100
0	511	510	-100
0	510	510	-100
0	510	509	-100
0	510	509	-100
0	510	510	-100
0	510	509	-100
0	510	509	-100
0	510	509	-100
0	510	510	-100
0	509	510	-100
0	510	510	-100
0	509	510	-100
0	509	509	-100
0	509	510	-100
0	509	510	-100
0	509	509	-100
0	510	510	-100
0	510	509	-100
0	509	510	-100
0	509	509	-100
0	509	509	-100
0	510	510	-100
0	509	510	-100
0	509	510	-100
0	510	509	-100
0	510	510	-100
0	510	510	-100
0	510	510	-100
0	510	510	-100
0	511	510	-100
0	510	510	-100
0	510	509	-100
0	509	509	-100
0	510	510	-100
0	510	510	-100
0	510	510	-100
0	510	509	-100
0	510	509	-100
0	510	509	-100
0	510	509	-100
0	509	510	-100
0	509	510	-100
0	509	509	-100
0	509	509	-100
0	509	510	-100
0	510	510	-100
0	510	509	-100
0	509	509	-100
0	509	509	-100
0	509	510	-100
0	509	510	-100
0	509	509	-100
0	509	509	-100
0	509	510	-100
0	509	509	-100
0	510	510	-100
0	510	510	-100
0	510	510	-100
0	510	510	-100
0	510	509	-100
0	510	510	-100
0	510	509	-100
0	510	509	-100
0	510	509	-100
0	510	510	-100
0	510	510	-100
0	510	509	-100
0	510	510	-100
0	510	509	-100
0	510	509	-100
0	510	509	-100
0	509	510	-100
0	509	510	-100
0	509	509	-100
0	510	509	-100
0	509	510	-100
0	509	509	-100
0	509	509	-100
0	509	510	-100
0	509	510	-100
0	509	509	-100
0	509	509	-100
0	509	509	-100
0	509	510	-100
0	509	510	-100
0	509	509	-100
0	510	510	-100
0	510	509	-100
0	510	510	-100
0	510	510	-100
0	510	509	-100
0	510	509	-100
0	510	509	-100
0	510	509	-100
0	510	509	-100
0	510	509	-100
0	510	510	-100
0	510	509	-100
0	510	509	-100
0	510	509	-100
0	510	510	-100
0	509	510	-100
0	510	509	-100
0	509	509	-100
0	509	510	-100
0	509	510	-100
0	509	510	-100
0	509	509	-100
0	509	509	-100
0	509	510	-100
0	509	510	-100
0	509	509	-100
0	509	509	-100
0	509	509	-100
0	509	510	-100
0	509	509	-100
0	509	510	-100
0	510	510	-100
0	510	510	-100
0	510	510	-100
0	510	510	-100
0	510	510	-100
0	510	510	-100
0	510	509	-100
0	510	509	-100
0	510	509	-100
0	510	509	-100
0	510	509	-100
0	510	510	-100
0	510	509	-100
0	510	510	-100
0	510	510	-100
0	510	510	-100
0	510	509	-100
0	510	510	-100
0	509	509	-100
0	510	509	-100
0	510	509	-100
0	510	509	-100
0	509	509	-100
0	509	509	-100
0	509	509	-100
0	509	510	-100
0	509	509	-100
0	509	510	-100
0	509	510	-100
0	509	509	-100
0	509	510	-100
0	510	510	-100
0	509	509	-100
0	510	509	-100
0	510	509	-100
0	510	509	-100
0	509	510	-100
0	510	509	-100
0	510	510	-100
0	510	510	-100
0	510	509	-100
0	510	510	-100
0	510	509	-100
0	510	510	-100
0	510	510	-100
0	510	509	-100
0	510	510	-100
0	510	510	-100
0	510	510	-100
0	509	510	-100
0	509	509	-100
0	509	509	-100
0	509	510	-100
0	509	510	-100
0	509	509	-100
0	509	510	-100
0	510	510	-100
0	509	509	-100
0	509	509	-100
0	509	509	-100
0	509	510	-100
0	509	509	-100
0	509	510	-100
0	510	510	-100
0	509	510	-100
0	510	510	-100
0	510	509	-100
0	510	510	-100
0	510	510	-100
0	510	509	-100
0	510	510	-100
0	510	510	-100
0	510	510	-100
0	510	509	-100
0	510	509	-100
0	510	510	-100
0	510	509	-100
0	510	509	-100
0	510	510	-100
0	510	510	-100
0	510	509	-100
0	510	509	-100
0	509	510	-100
0	510	510	-100
0	509	510	-100
0	509	510	-100
0	509	510	-100
0	509	510	-100
0	509	509	-100
0	509	510	-100
0	509	510	-100
0	509	510	-100
0	509	510	-100
0	509	509	-100
0	509	509	-100
0	510	509	-100
0	510	509	-100
0	510	510	-100
0	510	510	-100
0	510	509	-100
0	510	510	-100
0	510	510	-100
0	511	510	-100
53	510	509	101
68	519	510	92
83	521	510	90
99	523	510	88
112	542	510	69
123	565	510	46
130	596	510	15
133	621	510	-10
135	629	510	-18
136	632	511	-21
137	632	511	-21
138	631	511	-20
139	632	511	-21
140	631	511	-20
140	632	511	-21
141	627	511	-16
142	627	511	-16
142	628	511	-17
144	614	512	-3
144	629	512	-18
145	627	513	-16
145	627	512	-16
145	623	513	-12
146	619	512	-8
147	620	512	-9
147	621	513	-10
148	618	514	-7
149	619	513	-8
149	621	514	-10
150	617	513	-6
151	619	514	-8
151	620	514	-9
151	617	514	-6
153	613	514	-2
153	620	515	-9
153	618	515	-7
154	614	515	-3
154	615	515	-4
155	613	516	-2
156	614	516	-3
156	617	515	-6
157	614	515	-3
157	616	516	-5
158	613	517	-2
158	615	517	-4
159	612	517	-1
160	614	517	-3
160	617	517	-6
160	614	517	-3
161	610	518	1
162	612	517	-1
162	615	517	-4
163	612	518	-1
163	613	518	-2
164	611	518	0
165	613	518	-2
165	616	519	-5
165	613	519	-2
166	610	518	1
167	611	518	0
167	614	519	-3
167	613	519	-2
168	610	519	1
168	614	520	-3
169	612	520	-1
169	616	520	-5
169	614	519	-3
169	610	520	1
170	608	521	3
171	613	520	-2
170	619	521	-8
171	608	521	3
171	612	521	-1
172	610	521	1
172	614	522	-3
173	611	521	0
173	615	522	-4
173	613	523	-2
173	609	522	2
175	606	523	5
174	617	523	-6
175	608	523	3
176	611	523	0
175	617	523	-6
176	608	522	3
177	610	524	1
177	615	523	-4
177	613	524	-2
177	610	524	1
178	607	524	4
179	611	524	0
178	618	525	-7
179	607	525	4
180	611	524	0
179	616	525	-5
180	606	525	5
181	610	525	1
181	615	526	-4
181	613	525	-2
182	609	526	2
182	614	527	-3
182	611	526	0
182	611	526	0
183	607	527	4
184	609	527	2
184	615	527	-4
184	613	527	-2
185	609	527	2
185	613	527	-2
185	611	527	0
186	608	527	3
186	612	528	-1
186	611	527	0
187	610	528	1
187	612	528	-1
188	609	528	2
188	614	528	-3
188	612	528	-1
189	609	529	2
188	618	529	-7
190	604	529	7
188	625	529	-14
190	601	530	10
189	618	530	-7
190	606	530	5
190	613	529	-2
190	612	530	-1
191	609	531	2
191	614	531	-3
191	612	530	-1
191	609	530	2
193	605	531	6
192	620	532	-9
192	610	532	1
193	605	532	6
193	611	532	0
194	610	532	1
193	618	532	-7
195	605	532	6
193	622	532	-11
195	600	533	11
195	616	533	-5
194	616	533	-5
196	601	533	10
195	618	533	-7
196	608	534	3
196	614	533	-3
196	612	534	-1
197	608	533	3
197	614	535	-3
196	613	534	-2
198	600	535	11
198	613	534	-2
199	612	535	-1
198	617	535	-6
199	607	535	4
199	610	536	1
200	607	535	4
201	612	535	-1
200	616	536	-5
201	608	536	3
201	610	536	1
202	608	536	3
202	612	536	-1
203	610	536	1
203	613	537	-2
203	611	537	0
204	609	537	2
204	610	537	1
205	608	537	3
206	611	538	0
205	616	538	-5
206	607	537	4
207	607	538	4
208	611	538	0
208	614	539	-3
208	611	538	0
209	609	539	2
209	609	539	2
210	607	539	4
211	608	539	3
212	609	540	2
213	611	540	0
213	611	540	0
214	610	540	1
215	610	539	1
215	613	540	-2
215	610	541	1
216	607	540	4
218	608	541	3
218	610	541	1
219	608	540	3
221	607	541	4
222	606	541	5
224	605	541	6
255	603	542	8
255	601	541	10
255	598	542	13
255	595	542	16
255	592	542	19
255	589	542	22
255	586	543	25
255	584	543	27
255	581	543	30
255	579	543	32
255	576	543	35
255	574	543	37
255	572	543	39
255	570	543	41
255	568	543	43
255	566	544	45
255	564	543	47
255	563	543	48
255	561	544	50
255	559	543	52
255	558	544	53
255	556	544	55
255	555	544	56
255	553	544	58
255	551	544	60
255	550	544	61
255	548	544	63
255	547	544	64
255	545	545	66
255	544	544	67
255	543	545	68
255	542	545	69
255	541	545	70
255	540	545	71
255	539	545	72
255	538	544	73
255	537	545	74
255	537	545	74
255	535	545	76
255	535	544	76
255	534	545	77
255	534	545	77
255	532	545	79
255	532	545	79
255	531	545	80
255	530	546	81
255	529	545	82
255	529	546	82
255	528	546	83
255	527	546	84
255	526	546	85
255	526	545	85
255	525	545	86
255	524	545	87
255	524	545	87
255	524	546	87
255	523	545	88
255	523	546	88
255	523	545	88
255	522	546	89
255	522	546	89
255	521	546	90
255	521	546	90
255	521	546	90
255	521	546	90
255	521	546	90
255	520	546	91
255	519	545	92
255	519	547	92
255	518	546	93
255	518	547	93
255	518	546	93
255	517	546	94
255	517	546	94
255	517	546	94
255	516	546	95
255	516	546	95
255	516	546	95
255	516	546	95
255	516	546	95
255	516	546	95
255	516	546	95
255	515	546	96
255	516	545	95
255	515	545	96
255	515	546	96
255	515	546	96
255	515	547	96
255	515	547	96
255	514	546	97
255	514	546	97
255	514	546	97
255	513	547	98
255	513	546	98
255	513	546	98
255	513	546	98
255	512	546	99
255	512	546	99
255	513	545	98
255	512	546	99
255	512	547	99
255	513	546	98
255	512	546	99
255	513	546	98
255	512	547	99
255	512	547	99
255	512	546	99
255	513	547	98
255	512	547	99
255	512	546	99
255	512	547	99
255	512	547	99
255	511	546	100
255	511	546	100
255	511	546	100
255	511	546	100
255	511	547	100
255	511	547	100
255	511	547	100
255	511	546	100
255	510	546	101
255	511	547	100
255	510	546	101
255	511	546	100
255	511	546	100
255	511	546	100
255	511	546	100
255	511	546	100
255	511	546	100
255	511	547	100
255	511	546	100
255	511	546	100
255	511	547	100
255	510	546	101
255	510	547	101
255	510	546	101
255	510	547	101
255	510	546	101
255	510	547	101
255	510	546	101
255	509	546	102
255	510	546	101
255	510	547	101
255	510	546	101
255	510	546	101
255	510	546	101
255	510	547	101
255	510	545	101
255	510	547	101
255	510	547	101
255	510	547	101
255	510	547	101
255	510	547	101
255	510	546	101
255	510	546	101
255	510	546	101
255	510	546	101
255	509	547	102
255	509	547	102
255	509	546	102
255	509	546	102
255	509	546	102
255	509	546	102
255	509	546	102
255	509	546	102
255	509	545	102
255	510	546	101
255	510	547	101
255	509	546	102
255	510	546	101
255	510	547	101
255	509	546	102
255	510	546	101
255	510	546	101
255	510	546	101
255	509	546	102
255	509	546	102
255	509	546	102
255	509	546	102
255	509	547	102
255	509	546	102
255	509	546	102
255	508	547	103
255	509	547	102
255	509	546	102
255	509	546	102
255	509	546	102
255	509	546	102
255	509	547	102
255	509	547	102
255	509	546	102
255	509	547	102
255	509	547	102
255	509	546	102
255	509	547	102
255	509	546	102
255	509	547	102
255	508	547	103
255	508	546	103
255	508	546	103
0	508	546	103
0	0	544	103
0	0	543	103
0	0	541	103
0	0	540	103
0	0	539	103
0	0	536	103
0	0	535	103
0	0	534	103
0	0	531	103
0	0	531	103
0	0	529	103
0	0	528	103
0	0	527	103
0	0	525	103
0	0	524	103
0	0	523	103
0	0	521	103
0	0	520	103
0	0	519	103
0	0	518	103
0	0	517	103
0	0	515	103
0	0	514	103
0	0	513	103
0	0	512	103
0	0	512	103
0	0	511	103
0	58	510	103
0	478	510	103
0	503	510	103
0	506	510	103
0	507	510	103
0	507	510	103
0	508	510	103
0	508	510	103
0	508	510	103
0	508	510	103
0	508	510	103
0	508	510	103
0	509	510	103
0	509	510	103
0	509	510	103
0	509	510	103
0	509	510	103
0	509	511	103
0	509	510	103
0	509	511	103
0	510	510	103
0	510	511	103
0	510	511	103
0	510	510	103
0	510	510	103
0	510	510	103
0	510	510	103
0	510	511	103
0	510	509	103
0	510	509	103
0	510	511	103
0	509	510	103
0	509	510	103
0	509	510	103
0	509	510	103
0	509	510	103
0	509	510	103
0	509	510	103
0	509	509	103
0	509	509	103
0	509	510	103
0	509	510	103
0	509	510	103
0	509	510	103
0	509	510	103
0	509	510	103
0	509	510	103
0	509	510	103
0	510	510	103
0	510	510	103
0	510	511	103
0	509	510	103
0	510	510	103
0	510	510	103
0	510	510	103
0	510	510	103
0	510	510	103
0	510	510	103
0	510	510	103
0	510	509	103
0	510	510	103
0	510	510	103
0	509	511	103
0	510	510	103
0	509	511	103
0	510	510	103
0	509	510	103
0	510	510	103
0	509	510	103
0	509	510	103
0	509	510	103
0	509	510	103
0	509	510	103
0	509	510	103
0	509	510	103
0	509	511	103
0	509	510	103
0	509	510	103
0	510	510	103
0	509	510	103
0	510	510	103
0	510	510	103
0	510	510	103
0	510	510	103
0	510	511	103
0	510	510	103
0	510	510	103
0	511	510	103
0	510	510	103
0	510	511	103
0	510	510	103
0	510	510	103
0	510	510	103
0	510	510	103
0	509	510	103
0	509	510	103
0	509	510	103
0	509	510	103
0	509	510	103
0	509	510	103
0	509	510	103
0	509	511	103
0	509	510	103
0	509	510	103
0	509	510	103
0	509	509	103
0	509	510	103
0	509	510	103
0	509	510	103
0	510	511	103
0	510	510	103
0	510	509	103
0	510	511	103
0	510	510	103
0	510	510	103
0	510	510	103
0	510	510	103
0	510	510	103
0	510	510	103
0	510	510	103
0	510	510	103
0	510	510	103
0	510	511	103
0	510	510	103
0	510	510	103
0	510	510	103
0	510	510	103
0	510	510	103
0	509	510	103
0	509	510	103
0	510	510	103
0	509	511	103
0	509	510	103
0	509	510	103
0	509	510	103
0	509	510	103
0	509	510	103
0	509	510	103
0	509	510	103
0	509	510	103
0	509	510	103
0	509	509	103
0	510	511	103
0	510	510	103
0	510	511	103
0	510	510	103
0	510	510	103
0	510	510	103
0	510	510	103
0	510	510	103
0	510	510	103
0	510	510	103
0	510	510	103
0	510	510	103
0	510	510	103
0	510	510	103
0	510	510	103
0	510	509	103
0	510	510	103
0	510	510	103
0	509	510	103
0	509	510	103
0	509	510	103
0	509	510	103
0	509	510	103
0	509	511	103
0	509	510	103
0	509	510	103
0	509	510	103
0	509	510	103
0	509	510	103
0	509	511	103
0	509	510	103
0	510	510	103
0	510	510	103
0	510	510	103
0	510	511	103
0	510	510	103
0	510	509	103
0	510	510	103
0	510	510	103
0	510	509	103
0	510	510	103
0	510	510	103
0	510	511	103
0	510	510	103
0	510	510	103
0	510	510	103
0	510	510	103
0	510	510	103
0	509	510	103
0	510	510	103
0	510	510	103
0	509	510	103
0	509	509	103
0	509	511	103
0	509	511	103
0	509	509	103
0	509	509	103
0	509	510	103
0	509	510	103
0	509	510	103
0	509	510	103
0	510	510	103
0	510	510	103
0	510	509	103
0	510	510	103
0	510	510	103
0	510	511	103
0	510	510	103
0	510	510	103
0	510	510	103
0	510	511	103
0	510	510	103
0	511	510	103
0	510	510	103
0	510	510	103
0	510	510	103
0	510	511	103
0	510	511	103
0	510	510	103
0	510	510	103
0	510	510	103
0	509	509	103
0	510	510	103
0	509	510	103
0	509	510	103
0	509	510	103
0	509	510	103
0	509	510	103
0	509	510	103
0	509	510	103
0	509	511	103
0	509	510	103
0	510	510	103
0	510	510	103
0	509	510	103
0	510	511	103
0	510	510	103
0	510	510	103
0	510	510	103
0	510	510	103
0	510	511	103
0	510	510	103
0	510	510	103
0	510	510	103
0	510	510	103
0	510	510	103
0	510	511	103
0	510	510	103
0	510	511	103
0	509	510	103
0	510	509	103
0	509	510	103
0	509	510	103
0	509	510	103
0	509	510	103
0	509	510	103
0	509	510	103
0	510	510	103
0	509	510	103
0	509	510	103
0	509	510	103
0	509	511	103
0	509	510	103
0	509	510	103
0	509	511	103
0	510	510	103
0	510	510	103
0	510	511	103
0	510	510	103
0	510	510	103
0	510	511	103
0	510	510	103
0	510	510	103
0	510	510	103
0	510	510	103
0	510	510	103
0	510	510	103
0	510	510	103
0	510	510	103
0	510	510	103
0	510	510	103
0	510	510	103
0	510	509	103
0	510	510	103
0	510	510	103
0	510	510	103
0	510	510	103
0	509	510	103
0	509	510	103
0	509	509	103
0	509	510	103
0	509	510	103
0	509	509	103
0	509	510	103
0	509	509	103
0	510	510	103
0	510	510	103
0	509	510	103
0	510	510	103
0	510	510	103
0	510	510	103
0	510	510	103
0	510	510	103
0	510	509	103
0	510	510	103
0	510	509	103
0	510	510	103
0	510	510	103
0	510	510	103
0	510	510	103
0	510	511	103
0	510	510	103
0	510	510	103
0	509	510	103
0	510	510	103
0	509	510	103
0	509	511	103
0	509	510	103
0	509	510	103
0	509	510	103
0	510	510	103
0	510	510	103
0	509	510	103
0	509	510	103
0	509	510	103
0	509	510	103
0	509	511	103
0	509	510	103
0	510	509	103
0	510	510	103
0	510	509	103
0	510	510	103
0	511	510	103
0	510	511	103
0	510	510	103
0	510	510	103
0	510	510	103
0	510	510	103
0	510	510	103
0	510	510	103
0	510	511	103
0	510	510	103
0	510	510	103
0	510	510	103
0	510	510	103
0	510	509	103
0	509	510	103
0	509	510	103
0	510	511	103
0	509	510	103
0	509	510	103
0	509	510	103
0	509	511	103
0	509	510	103
0	509	511	103
0	509	509	103
0	509	510	103
0	509	509	103
0	510	511	103
0	509	510	103
0	510	510	103
0	510	510	103
0	510	510	103
0	510	510	103
0	510	511	103
0	510	510	103
0	510	510	103
0	510	510	103
0	510	510	103
0	510	510	103
0	510	510	103
0	510	510	103
0	510	510	103
0	510	510	103
0	510	510	103
0	510	510	103
0	510	510	103
0	510	510	103
0	510	510	103
0	509	510	103
0	509	510	103
0	509	510	103
0	509	510	103
0	509	511	103
0	510	510	103
0	509	510	103
0	509	510	103
0	509	510	103
0	509	510	103
0	510	510	103
0	509	510	103
0	510	510	103
0	510	510	103
0	510	510	103
0	510	510	103
0	510	510	103
0	510	510	103
0	510	510	103
0	510	510	103
0	510	511	103
0	510	510	103
0	510	510	103
0	510	510	103
0	510	510	103
0	510	511	103
0	510	510	103
0	510	510	103
0	510	510	103
0	509	510	103
0	510	510	103
0	509	510	103
0	509	510	103
0	509	510	103
0	509	510	103
0	509	510	103
0	509	510	103
0	509	510	103
0	509	510	103
0	509	510	103
0	509	510	103
0	509	510	103
0	510	510	103
0	510	510	103
0	510	510	103
0	510	510	103
0	510	510	103
0	510	510	103
0	510	511	103
0	510	510	103
0	510	510	103
0	510	510	103
0	510	509	103
0	511	510	103
0	510	510	103
0	510	511	103
0	510	510	103
0	510	510	103
0	510	510	103
0	510	511	103
0	510	510	103
0	510	510	103
0	509	510	103
0	510	510	103
0	509	510	103
0	509	511	103
0	509	510	103
0	509	509	103
0	509	510	103
0	509	510	103
0	509	510	103
0	509	510	103
0	510	510	103
0	510	510	103
0	510	509	103
0	509	510	103
0	510	510	103
0	510	510	103
0	510	511	103
0	509	510	103
0	510	510	103
0	511	510	103
0	510	510	103
0	510	510	103
0	509	510	103
0	510	510	103
0	510	510	103
0	510	511	103
0	510	510	103
0	510	510	103
0	509	510	103
0	510	510	103
0	509	510	103
0	509	510	103
0	509	510	103
0	509	510	103
0	509	510	103
0	509	510	103
0	510	510	103
0	509	510	103
0	509	510	103
0	509	511	103
0	509	510	103
0	509	510	103
0	509	511	103
0	509	511	103
0	509	511	103
0	510	510	103
0	510	510	103
0	510	511	103
0	510	510	103
0	510	510	103
0	510	510	103
0	510	511	103
0	510	511	103
0	510	510	103
0	510	510	103
0	510	510	103
0	510	510	103
0	510	510	103
0	510	510	103
0	509	510	103
0	510	511	103
0	510	510	103
0	510	510	103
0	509	510	103
0	510	510	103
0	509	510	103
0	509	511	103
0	509	510	103
0	509	510	103
0	509	510	103
0	509	510	103
0	509	511	103
0	509	510	103
0	510	510	103
0	509	510	103
0	510	510	103
0	510	510	103
0	510	510	103
0	510	510	103
0	510	510	103
0	510	510	103
0	510	510	103
0	510	510	103
0	510	510	103
0	510	510	103
0	510	510	103
0	510	510	103
0	510	511	103
0	510	510	103
0	510	510	103
0	510	510	103
0	510	510	103
0	510	510	103
0	510	510	103
0	510	510	103
0	509	510	103
0	509	510	103
0	509	511	103
0	509	510	103
0	509	510	103
0	509	510	103
0	509	510	103
0	509	511	103
0	509	510	103
0	509	510	103
0	509	510	103
0	509	511	103
0	510	510	103
0	510	510	103
0	510	510	103
0	510	510	103
0	510	511	103
0	510	510	103
0	510	510	103
0	510	510	103
0	510	510	103
0	510	510	103
0	510	510	103
0	510	510	103
0	510	510	103
0	510	510	103
0	510	510	103
0	510	510	103
0	509	510	103
0	510	510	103
0	509	510	103
0	510	510	103
0	509	510	103
0	509	510	103
0	509	510	103
0	510	510	103
-53	509	509	-100
-68	501	511	-92
-84	505	511	-96
-100	502	510	-93
-115	483	509	-74
-126	455	510	-46
-132	419	510	-10
-136	406	510	3
-138	389	509	20
-138	383	509	26
-140	389	509	20
-139	376	509	33
-141	395	509	14
-141	389	508	20
-142	393	508	16
-143	392	508	17
-144	390	507	19
-143	387	507	22
-144	397	507	12
-145	397	507	12
-146	394	507	15
-145	386	506	23
-146	401	507	8
-147	400	507	9
-147	397	506	12
-147	400	506	9
-148	404	507	5
-149	402	505	7
-150	399	505	10
-149	396	506	13
-150	405	505	4
-151	404	505	5
-151	401	505	8
-152	403	505	6
-152	401	505	8
-152	404	505	5
-153	407	504	2
-154	404	504	5
-154	401	504	8
-154	403	504	6
-155	407	503	2
-155	404	504	5
-155	406	503	3
-156	409	503	0
-157	406	503	3
-157	402	502	7
-157	404	502	5
-157	407	502	2
-158	411	502	-2
-159	407	502	2
-158	399	502	10
-159	410	501	-1
-159	406	502	3
-159	407	502	2
-160	411	502	-2
-160	404	501	5
-160	406	501	3
-161	409	502	0
-160	401	501	8
-161	413	501	-4
-162	406	500	3
-161	400	500	9
-161	410	500	-1
-163	415	499	-6
-162	401	500	8
-163	411	500	-2
-163	406	499	3
-163	408	499	1
-164	412	499	-3
-164	406	499	3
-164	408	498	1
-165	411	499	-2
-164	405	498	4
-166	416	498	-7
-165	404	498	5
-166	412	498	-3
-167	408	497	1
-166	402	497	7
-167	412	497	-3
-167	408	497	1
-168	410	497	-1
-168	406	496	3
-168	407	497	2
-168	410	496	-1
-169	413	497	-4
-169	408	496	1
-170	409	496	0
-169	404	496	5
-170	414	496	-5
-171	410	496	-1
-170	403	496	6
-171	413	495	-4
-171	409	495	0
-172	411	495	-2
-172	405	494	4
-172	407	495	2
-172	410	495	-1
-173	413	495	-4
-173	408	495	1
-174	410	494	-1
-174	408	494	1
-174	407	493	2
-175	410	494	-1
-175	405	494	4
-175	407	494	2
-175	410	493	-1
-176	413	493	-4
-176	408	493	1
-176	410	493	-1
-177	413	492	-4
-178	408	492	1
-177	403	493	6
-178	412	493	-3
-178	409	492	0
-179	410	492	-1
-179	406	492	3
-179	408	492	1
-179	411	492	-2
-180	414	491	-5
-181	410	491	-1
-180	403	491	6
-181	414	492	-5
-182	410	491	-1
-181	402	491	7
-182	413	491	-4
-183	409	490	0
