PWM	V2_read	Isense_read
0	510	510
0	510	509
0	510	510
0	510	510
0	510	509
0	510	509
0	510	510
0	510	510
1	510	509
1	510	510
1	510	509
1	510	510
1	510	510
1	510	510
1	510	510
1	510	509
1	510	510
1	510	510
2	510	509
2	510	509
2	510	510
2	510	510
2	509	509
2	510	510
2	510	510
2	510	509
2	510	509
2	510	509
3	510	510
3	510	510
3	510	509
3	510	509
3	510	509
3	510	509
3	510	509
3	510	510
3	510	509
3	510	510
4	510	510
4	510	509
4	510	509
4	509	510
4	510	510
4	510	509
4	510	509
4	510	510
4	510	510
4	510	509
5	510	509
5	510	509
5	510	509
5	510	510
5	510	510
5	510	509
5	510	509
5	510	509
5	510	510
5	510	509
6	510	508
6	510	510
6	510	510
6	510	509
6	510	509
6	510	509
6	510	510
6	510	509
6	510	510
6	510	510
7	510	510
7	510	509
7	510	510
7	510	510
7	510	510
7	510	509
7	510	509
7	510	510
7	510	509
7	510	509
8	510	509
8	510	509
8	510	510
8	510	509
8	510	509
8	510	509
8	510	509
8	510	509
8	510	510
8	510	510
9	510	510
9	510	510
9	510	509
9	510	509
9	510	510
9	510	508
9	510	510
9	510	509
9	510	510
9	510	510
10	510	509
10	510	510
10	510	510
10	509	509
10	510	510
10	509	509
10	510	509
10	510	510
10	510	509
10	510	510
11	510	509
11	510	508
11	510	509
11	510	510
11	510	509
11	510	509
11	510	509
11	510	510
11	510	510
11	510	509
12	510	510
12	510	509
12	510	510
12	510	510
12	510	510
12	510	510
12	510	509
12	510	510
12	510	509
12	510	509
13	510	510
13	510	510
13	510	509
13	510	510
13	510	510
13	510	509
13	510	510
13	510	509
13	510	509
13	510	510
14	510	510
14	510	509
14	510	510
14	510	509
14	510	510
14	509	509
14	510	510
14	510	509
14	510	509
14	510	510
15	510	509
15	510	509
15	510	510
15	510	509
15	510	509
15	510	509
15	510	509
15	510	510
15	510	509
15	510	509
16	510	509
16	509	509
16	510	510
16	510	509
16	510	510
16	510	509
16	510	508
16	510	509
16	510	508
16	510	509
17	510	510
17	510	509
17	510	509
17	510	509
17	510	509
17	510	510
17	510	510
17	510	510
17	510	510
17	510	510
18	510	510
18	510	509
18	510	510
18	510	509
18	510	509
18	510	509
18	510	509
18	510	509
18	510	510
18	510	509
19	510	509
19	510	509
19	510	509
19	510	509
19	510	510
19	510	510
19	510	509
19	510	509
19	510	510
19	510	510
20	510	509
20	510	509
20	510	509
20	510	510
20	510	509
20	510	509
20	510	510
20	510	510
20	510	509
20	510	510
21	510	509
21	510	509
21	510	509
21	510	510
21	510	509
21	510	509
21	510	509
21	510	509
21	510	510
21	510	509
22	510	510
22	510	509
22	510	510
22	510	509
22	510	509
22	510	510
22	510	509
22	510	509
22	510	509
22	510	510
23	510	509
23	510	509
23	510	509
23	510	509
23	510	509
23	510	510
23	510	509
23	510	510
23	510	509
23	510	510
24	510	510
24	510	509
24	510	509
24	510	510
24	510	509
24	510	509
24	510	509
24	510	509
24	510	509
24	510	509
25	510	510
25	510	509
25	510	510
25	510	509
25	510	509
25	510	509
25	510	510
25	510	509
25	510	509
25	510	509
26	510	510
26	510	510
26	509	509
26	510	510
26	510	509
26	510	509
26	510	509
26	510	510
26	510	510
26	510	509
27	510	509
27	510	510
27	510	509
27	510	509
27	510	509
27	510	510
27	510	510
27	510	510
27	510	509
27	510	509
28	510	509
28	510	510
28	510	509
28	510	509
28	510	510
28	510	510
28	510	509
28	510	510
28	510	509
28	510	509
29	510	510
29	510	509
29	510	509
29	510	510
29	510	509
29	510	509
29	510	510
29	510	509
29	510	509
29	510	509
30	510	509
30	510	510
30	510	509
30	510	509
30	510	509
30	510	509
30	510	510
30	510	510
30	510	509
30	510	509
31	510	509
31	510	509
31	510	509
31	510	509
31	510	509
31	510	510
31	510	509
31	510	510
31	510	509
31	510	510
32	510	509
32	510	509
32	510	510
32	510	509
32	510	509
32	510	510
32	510	510
32	510	509
32	510	509
32	510	509
33	510	510
33	510	509
33	510	509
33	510	509
33	510	509
33	510	509
33	510	509
33	510	510
33	510	509
33	510	509
34	510	510
34	510	509
34	510	509
34	510	509
34	510	509
34	510	510
34	510	509
34	510	509
34	510	509
34	510	509
35	510	510
35	510	509
35	510	510
35	510	509
35	510	509
35	510	510
35	510	510
35	510	509
35	510	509
35	510	509
36	510	509
36	510	509
36	510	509
36	510	509
36	510	509
36	510	510
36	510	509
36	510	510
36	510	510
36	510	510
37	510	510
37	510	509
37	510	509
37	510	509
37	510	510
37	510	509
37	510	509
37	510	509
37	510	509
37	510	509
38	510	510
38	510	509
38	510	510
38	510	510
38	510	509
38	510	510
38	510	509
38	510	509
38	510	510
38	510	509
39	510	509
39	510	509
39	510	510
39	510	509
39	510	510
39	510	509
39	510	509
39	510	510
39	510	509
39	510	509
40	509	510
40	510	509
40	510	510
40	510	509
40	510	510
40	510	509
40	510	509
40	510	509
40	510	509
40	510	509
41	510	509
41	510	510
41	510	510
41	510	509
41	510	509
41	510	509
41	510	510
41	510	510
41	510	509
41	510	510
42	510	510
42	510	509
42	510	510
42	510	509
42	509	510
42	510	509
42	510	510
42	510	510
42	510	510
42	510	509
43	510	510
43	510	510
43	510	510
43	510	509
43	510	509
43	510	509
43	510	509
43	510	510
43	510	509
43	510	510
44	509	510
44	510	509
44	509	510
44	510	509
44	510	509
44	510	509
44	510	510
44	510	509
44	510	509
44	510	509
45	510	510
45	510	510
45	510	509
45	510	510
45	510	510
45	510	509
45	509	509
45	510	510
45	510	509
45	510	509
46	510	510
46	510	509
46	510	509
46	510	510
46	509	510
46	510	509
46	510	510
46	510	509
46	510	509
46	510	510
47	510	509
47	510	509
47	510	509
47	510	509
47	510	509
47	510	510
47	510	510
47	510	509
47	510	510
47	510	509
48	509	510
48	510	509
48	510	509
48	510	509
48	510	510
48	510	509
48	510	509
48	510	509
48	510	509
48	510	509
49	510	509
49	510	509
49	510	510
49	510	509
49	510	510
49	510	509
49	509	509
49	510	509
49	510	509
49	510	509
50	510	510
50	510	510
50	510	509
50	510	509
50	510	510
50	510	509
50	510	510
50	510	509
50	510	510
50	510	510
51	510	510
51	510	509
51	510	509
51	510	509
51	510	509
51	510	510
51	510	510
51	510	510
51	510	509
51	510	509
52	510	510
52	510	509
52	510	509
52	510	509
52	510	510
52	510	511
52	510	509
52	510	509
52	510	509
52	510	510
53	510	509
53	510	509
53	510	510
53	510	509
53	510	510
53	510	509
53	510	509
53	510	509
53	510	509
53	510	510
54	510	509
54	510	510
54	510	510
54	510	510
54	510	510
54	510	509
54	510	509
54	510	510
54	510	511
54	510	509
55	510	509
55	510	510
55	510	509
55	510	509
55	510	510
55	510	510
55	510	509
55	510	510
55	510	509
55	510	509
56	510	509
56	510	509
56	510	510
56	510	510
56	510	509
56	510	509
56	510	510
56	510	509
56	510	510
56	510	510
57	510	509
57	510	510
57	510	510
57	510	509
57	510	509
57	510	510
57	510	509
57	510	508
57	510	510
57	510	509
58	510	509
58	510	509
58	510	510
58	510	510
58	510	509
58	510	509
58	510	509
58	510	510
58	510	509
58	510	510
59	510	509
59	510	509
59	510	509
59	510	509
59	510	508
59	510	509
59	510	510
59	510	509
59	510	509
59	509	510
60	510	509
60	510	509
60	510	510
60	510	509
60	510	509
60	510	509
60	510	509
60	510	509
60	510	510
60	510	510
61	510	509
61	510	510
61	510	509
61	510	509
61	510	510
61	510	509
61	510	509
61	510	509
61	510	509
61	510	510
62	510	509
62	510	510
62	510	510
62	510	509
62	510	509
62	510	509
62	510	510
62	510	510
62	510	509
62	510	509
63	510	509
63	510	509
63	510	510
63	510	510
63	510	509
63	510	509
63	510	509
63	510	509
63	510	509
63	510	509
64	510	509
64	510	510
64	510	509
64	510	510
64	510	509
64	510	510
64	510	510
64	510	510
64	510	509
64	510	509
65	510	510
65	510	510
65	510	509
65	510	510
65	510	510
65	510	510
65	510	509
65	510	509
65	510	509
65	510	509
66	510	508
66	510	509
66	510	509
66	510	509
66	510	510
66	510	510
66	510	509
66	510	509
66	510	509
66	510	510
67	510	509
67	510	509
67	510	509
67	510	510
67	510	510
67	510	509
67	510	510
67	510	509
67	510	509
67	510	509
68	510	510
68	510	509
68	510	510
68	510	509
68	510	509
68	510	510
68	510	508
68	510	509
68	510	509
68	510	510
69	510	509
69	510	508
69	510	510
69	510	509
69	510	509
69	510	509
69	510	510
69	510	509
69	509	510
69	510	509
70	509	509
70	510	509
70	510	509
70	510	509
70	510	509
70	510	509
70	510	509
70	510	509
70	510	510
70	510	510
71	510	509
71	510	510
71	510	509
71	510	509
71	510	509
71	510	509
71	510	510
71	510	509
71	510	510
71	510	509
72	510	510
72	510	510
72	510	510
72	510	509
72	510	509
72	510	510
72	510	509
72	510	509
72	510	509
72	510	510
73	510	509
73	510	509
73	510	509
73	510	509
73	510	509
73	510	510
73	510	510
73	510	509
73	510	509
73	510	510
74	510	509
74	510	509
74	510	509
74	510	510
74	510	509
74	510	509
74	510	509
74	510	509
74	510	509
74	510	509
75	510	509
75	510	509
75	510	509
75	510	510
75	510	509
75	510	510
75	510	510
75	510	510
75	509	509
75	510	510
76	510	510
76	510	510
76	510	509
76	510	509
76	510	510
76	510	510
76	510	509
76	510	510
76	510	509
76	510	510
77	510	509
77	510	509
77	510	510
77	510	510
77	510	509
77	509	510
77	510	510
77	510	509
77	510	509
77	510	509
78	510	509
78	510	509
78	510	509
78	510	510
78	510	509
78	510	509
78	510	509
78	510	510
78	510	509
78	510	510
79	510	510
79	510	509
79	510	509
79	510	509
79	510	509
79	510	509
79	510	509
79	510	510
79	510	509
79	509	509
80	510	509
80	510	510
80	510	509
80	510	509
80	510	509
80	510	509
80	510	510
80	510	510
80	510	509
80	510	509
81	510	510
81	510	509
81	510	509
81	510	510
81	510	510
81	509	509
81	510	510
81	510	509
81	510	510
81	510	510
82	510	509
82	510	509
82	510	510
82	510	509
82	510	510
82	510	510
82	510	510
82	510	510
82	510	510
82	510	510
83	510	510
83	510	509
83	510	509
83	510	510
83	510	509
83	510	509
83	510	510
83	510	509
83	509	510
83	510	509
84	510	510
84	510	509
84	510	509
84	510	509
84	510	510
84	510	509
84	510	509
84	510	510
84	510	509
84	510	509
85	510	509
85	510	509
85	510	510
85	510	509
85	510	509
85	510	509
85	510	510
85	510	509
85	510	510
85	510	510
86	510	509
86	510	510
86	510	509
86	510	510
86	510	509
86	510	509
86	510	509
86	510	509
86	510	510
86	510	510
87	510	509
87	510	510
87	510	509
87	510	510
87	510	509
87	510	510
87	510	509
87	510	510
87	510	510
87	510	509
88	510	509
88	510	509
88	510	509
88	510	509
88	510	510
88	510	510
88	510	509
88	510	509
88	510	510
88	510	509
89	510	510
89	510	509
89	510	510
89	510	510
89	510	509
89	510	509
89	510	509
89	510	509
89	510	509
89	510	508
90	510	510
90	510	509
90	510	509
90	510	509
90	510	509
90	510	510
90	510	510
90	510	509
90	510	510
90	510	510
91	510	509
91	510	509
91	510	510
91	510	510
91	510	510
91	510	509
91	510	510
91	510	509
91	510	509
91	510	509
92	510	509
92	510	510
92	510	509
92	510	510
92	510	510
92	510	509
92	510	510
92	510	509
92	510	510
92	510	509
93	510	510
93	510	510
93	510	509
93	510	509
93	510	510
93	510	509
93	510	509
93	510	509
93	510	509
93	510	509
94	510	509
94	510	510
94	510	509
94	510	509
94	510	510
94	510	509
94	510	509
94	510	509
94	510	510
94	510	509
95	510	510
95	510	510
95	510	510
95	510	510
95	510	509
95	510	509
95	510	509
95	510	509
95	510	510
95	510	509
96	510	510
96	510	509
96	510	509
96	510	510
96	510	509
96	510	509
96	510	509
96	510	509
96	510	509
96	510	509
97	510	509
97	510	509
97	510	509
97	510	509
97	510	509
97	510	509
97	509	509
97	510	510
97	510	509
97	510	509
98	510	510
98	510	509
98	510	510
98	510	509
98	510	510
98	510	510
98	510	509
98	510	510
98	510	509
98	510	509
99	510	509
99	510	510
99	510	509
99	510	509
99	510	509
99	509	510
99	510	509
99	510	509
99	510	510
99	510	509
100	510	509
100	510	510
100	510	509
100	510	509
100	510	510
100	510	509
100	510	509
100	510	510
100	510	510
100	510	509
101	510	509
101	510	509
101	510	509
101	510	509
101	510	509
101	510	509
101	510	509
101	510	508
101	510	510
101	510	510
102	510	510
102	510	509
102	510	509
102	510	510
102	510	510
102	510	509
102	510	509
102	510	509
102	510	509
102	510	509
103	510	509
103	510	510
103	510	509
103	510	509
103	510	509
103	510	509
103	510	509
103	510	509
103	510	509
103	510	509
104	510	509
104	510	509
104	511	510
104	510	509
104	510	509
104	510	509
104	510	510
104	510	510
104	510	510
104	510	509
105	510	509
105	510	509
105	510	509
105	510	509
105	510	510
105	509	510
105	510	510
105	510	510
105	510	509
105	510	510
106	510	509
106	510	510
106	510	510
106	510	509
106	510	509
106	510	509
106	510	509
106	510	510
106	510	510
106	510	509
107	509	510
107	510	509
107	510	509
107	510	510
107	510	510
107	510	510
107	510	509
107	510	509
107	509	509
107	510	509
108	510	509
108	510	510
108	510	509
108	510	509
108	510	510
108	510	509
108	510	509
108	510	509
108	510	509
108	510	510
109	510	509
109	510	509
109	510	509
109	510	509
109	509	510
109	510	509
109	510	509
109	510	510
109	510	509
109	510	510
110	510	510
110	510	509
110	510	509
110	510	510
110	510	509
110	510	510
110	510	509
110	510	509
110	510	510
110	510	509
111	510	509
111	510	509
111	510	510
111	510	510
111	509	509
111	510	509
111	510	510
111	510	509
111	509	509
111	510	509
112	510	509
112	510	510
112	510	510
112	510	509
112	510	510
112	510	509
112	510	509
112	510	509
112	510	509
112	510	509
113	510	509
113	510	509
113	510	510
113	510	510
113	509	509
113	509	510
113	510	509
113	510	510
113	510	510
113	510	509
114	510	510
114	510	510
114	510	510
114	510	509
114	510	509
114	510	510
114	510	509
114	510	509
114	510	509
114	510	510
115	510	509
115	510	510
115	510	510
115	510	509
115	510	510
115	510	509
115	510	509
115	510	510
115	510	509
115	510	509
116	510	509
116	510	510
116	510	509
116	510	509
116	510	509
116	510	509
116	510	509
116	510	509
116	510	510
116	510	510
117	510	510
117	510	510
117	510	509
117	510	509
117	510	510
117	510	509
117	509	509
117	510	509
117	510	510
117	510	509
118	510	509
118	510	510
118	510	509
118	510	508
118	510	509
118	510	508
118	510	510
118	510	509
118	510	509
118	510	509
119	510	510
119	510	509
119	510	510
119	510	509
119	510	509
119	510	510
119	510	509
119	510	509
119	510	509
119	510	510
120	510	509
120	510	509
120	510	509
120	510	509
120	510	509
120	510	509
120	510	509
120	510	510
120	510	509
120	510	510
121	510	509
121	510	510
121	510	509
121	510	509
121	510	510
121	510	510
121	510	509
121	510	510
121	510	509
121	510	509
122	510	509
122	510	509
122	510	510
122	511	509
122	510	510
122	510	509
122	510	509
122	510	509
122	510	509
122	510	510
123	510	509
123	510	510
123	510	510
123	510	509
123	510	509
123	510	510
123	510	509
123	510	509
123	510	509
123	510	510
124	510	509
124	510	509
124	510	509
124	510	510
124	510	509
124	510	509
124	510	510
124	510	509
124	510	510
124	510	509
125	510	509
125	510	510
125	510	509
125	510	509
125	510	509
125	510	510
125	510	510
125	510	509
125	510	510
125	510	509
126	510	510
126	510	509
126	510	510
126	510	509
126	510	509
126	510	510
126	510	509
126	510	509
126	510	509
126	510	509
127	510	509
127	510	509
127	510	509
127	510	509
127	510	510
127	510	509
127	510	510
127	510	509
127	510	509
127	510	509
128	510	509
128	510	510
128	510	509
128	510	510
128	510	510
128	510	509
128	510	509
128	510	510
128	510	510
128	510	509
129	510	510
129	510	509
129	510	510
129	510	509
129	510	509
129	510	510
129	510	509
129	510	510
129	510	509
129	510	509
130	510	510
130	510	509
130	510	510
130	510	509
130	510	510
130	510	509
130	510	509
130	510	509
130	510	509
130	510	510
131	510	510
131	510	509
131	510	510
131	510	509
131	510	509
131	510	510
131	510	510
131	509	509
131	510	509
131	510	510
132	510	510
132	510	509
132	510	510
132	510	509
132	510	509
132	510	509
132	510	509
132	510	510
132	510	509
132	510	509
133	510	509
133	510	509
133	510	509
133	510	509
133	509	510
133	510	509
133	510	510
133	510	509
133	510	510
133	510	510
134	510	509
134	510	510
134	510	509
134	510	509
134	510	509
134	510	509
134	510	510
134	510	509
134	510	509
134	510	510
135	510	509
135	510	510
135	509	509
135	510	510
135	510	509
135	510	509
135	509	510
135	510	509
135	510	510
135	510	509
136	510	509
136	510	510
136	510	509
136	510	510
136	510	509
136	510	509
136	510	509
136	510	509
136	510	509
136	510	509
137	510	509
137	510	510
137	510	510
137	510	509
137	510	510
137	510	510
137	510	509
137	510	508
137	510	509
137	510	509
138	510	509
138	510	509
138	510	510
138	510	510
138	510	509
138	510	510
138	510	509
138	510	509
138	510	509
138	510	509
139	510	509
139	510	509
139	510	509
139	510	509
139	510	510
139	510	509
139	510	509
139	509	509
139	510	510
139	510	509
140	510	509
140	510	509
140	510	509
140	510	509
140	510	509
140	510	510
140	510	510
140	510	510
140	510	510
140	510	510
141	510	509
141	510	510
141	510	510
141	509	510
141	510	509
141	510	510
141	510	509
141	510	510
141	510	509
141	510	509
142	510	510
142	510	509
142	510	509
142	510	509
142	510	509
142	510	509
142	510	509
142	510	509
142	510	509
142	510	510
143	510	509
143	510	509
143	509	509
143	510	510
143	510	509
143	510	509
143	510	510
143	510	510
143	510	509
143	510	509
144	510	510
144	510	510
144	510	509
144	510	509
144	510	510
144	510	509
144	510	509
144	510	509
144	510	509
144	510	510
145	510	509
145	510	509
145	509	510
145	509	510
145	510	509
145	510	509
145	510	509
145	510	509
145	510	510
145	510	509
146	510	509
146	510	509
146	510	509
146	510	509
146	510	509
146	510	510
146	510	509
146	510	509
146	510	509
146	510	509
147	510	510
147	510	509
147	510	510
147	510	509
147	510	510
147	510	509
147	510	509
147	510	509
147	510	510
147	510	510
148	510	510
148	510	509
148	510	509
148	510	509
148	510	510
148	510	510
148	510	509
148	510	509
148	510	509
148	510	510
149	510	510
149	510	509
149	510	509
149	510	510
149	510	509
149	510	509
149	510	509
149	510	510
149	510	509
149	510	509
150	510	510
150	510	509
150	510	509
150	510	509
150	510	509
150	510	510
150	510	509
150	510	509
150	510	510
150	510	510
151	510	509
151	510	509
151	510	510
151	510	509
151	510	510
151	510	509
151	510	510
151	510	509
151	510	510
151	510	509
152	510	510
152	510	509
152	510	509
152	510	509
152	510	510
152	510	508
152	510	510
152	510	510
152	510	509
152	510	510
153	510	509
153	510	510
153	510	509
153	510	510
153	510	510
153	510	509
153	510	510
153	510	510
153	510	510
153	510	510
154	510	509
154	510	509
154	510	510
154	510	510
154	510	509
154	510	509
154	510	509
154	510	509
154	510	510
154	510	509
155	510	509
155	509	509
155	510	510
155	510	509
155	510	509
155	510	510
155	510	509
155	510	509
155	510	509
155	510	510
156	510	509
156	510	509
156	510	510
156	510	510
156	510	509
156	510	509
156	510	509
156	510	510
156	510	509
156	510	510
157	510	510
157	510	509
157	510	510
157	510	509
157	510	509
157	510	510
157	510	508
157	510	510
157	510	510
157	510	509
158	510	509
158	510	509
158	510	510
158	510	509
158	510	510
158	510	510
158	510	509
158	510	509
158	510	510
158	510	510
159	510	509
159	510	509
159	510	510
159	510	509
159	510	509
159	510	510
159	510	509
159	510	509
159	510	509
159	510	510
160	510	509
160	510	510
160	510	510
160	510	509
160	510	509
160	510	509
160	510	509
160	510	509
160	510	510
160	510	508
161	510	510
161	510	510
161	510	509
161	510	510
161	510	509
161	510	509
161	510	509
161	510	509
161	510	510
161	510	509
162	510	510
162	510	510
162	510	510
162	510	509
162	510	510
162	510	509
162	510	509
162	510	510
162	510	510
162	510	510
163	510	509
163	510	509
163	510	509
163	510	509
163	510	509
163	510	510
163	510	509
163	510	509
163	510	509
163	510	509
164	510	509
164	510	509
164	510	510
164	510	510
164	510	509
164	510	509
164	510	510
164	510	509
164	510	509
164	510	509
165	510	509
165	510	510
165	510	509
165	510	510
165	510	510
165	510	509
165	510	509
165	510	509
165	510	509
165	510	510
166	510	509
166	510	510
166	510	509
166	510	510
166	510	509
166	510	509
166	510	509
166	510	509
166	510	509
166	510	509
167	510	509
167	510	510
167	510	510
167	510	510
167	510	509
167	510	509
167	510	509
167	510	510
167	510	510
167	510	509
168	510	510
168	510	510
168	510	509
168	510	509
168	510	509
168	510	509
168	510	510
168	510	509
168	510	509
168	510	509
169	510	510
169	510	510
169	510	508
169	510	510
169	510	510
169	510	509
169	510	509
169	510	509
169	510	510
169	510	510
170	510	509
170	510	509
170	510	510
170	510	510
170	510	509
170	510	510
170	510	510
170	510	509
170	510	509
170	510	510
171	509	510
171	510	510
171	510	509
171	510	510
171	510	509
171	510	510
171	510	509
171	510	509
171	510	509
171	510	510
172	510	510
172	510	510
172	510	509
172	510	510
172	510	509
172	510	509
172	510	510
172	510	509
172	510	510
172	510	509
173	510	509
173	510	509
173	509	510
173	510	509
173	510	509
173	510	509
173	510	509
173	510	509
173	510	510
173	510	509
174	510	510
174	510	509
174	510	508
174	510	510
174	510	508
174	510	509
174	510	509
174	510	509
174	510	509
174	510	509
175	510	510
175	510	509
175	510	509
175	510	510
175	510	510
175	510	509
175	510	509
175	510	510
175	510	510
175	510	509
176	510	510
176	510	509
176	510	509
176	510	510
176	509	509
176	510	509
176	510	509
176	510	509
176	510	509
176	510	510
177	510	510
177	510	509
177	509	509
177	510	509
177	510	509
177	510	509
177	510	509
177	510	510
177	510	509
177	510	510
178	510	510
178	510	509
178	510	510
178	510	509
178	510	510
178	510	509
178	510	510
178	510	510
178	510	509
178	510	509
179	510	509
179	510	510
179	510	510
179	510	509
179	510	510
179	510	510
179	510	510
179	510	509
179	510	509
179	510	509
180	510	509
180	510	510
180	510	509
180	510	510
180	510	509
180	510	509
180	510	510
180	510	509
180	510	509
180	510	509
181	509	509
181	510	509
181	510	509
181	510	510
181	510	509
181	510	510
181	510	509
181	510	510
181	510	510
181	510	509
182	510	509
182	510	509
182	510	509
182	510	509
182	510	509
182	510	509
182	510	510
182	510	510
182	510	509
182	510	509
183	510	510
183	510	510
183	510	509
183	510	510
183	510	510
183	510	509
183	510	510
183	510	510
183	510	510
183	510	509
184	510	509
184	510	510
184	510	509
184	510	509
184	510	509
184	510	510
184	510	510
184	510	509
184	509	510
184	510	510
185	510	510
185	510	509
185	510	509
185	510	509
185	510	509
185	510	509
185	510	510
185	510	509
185	510	510
185	510	510
186	510	510
186	510	509
186	510	510
186	510	509
186	510	510
186	510	510
186	510	510
186	510	509
186	509	509
186	510	509
187	510	509
187	510	510
187	510	510
187	510	510
187	510	509
187	510	509
187	510	510
187	510	509
187	510	509
187	510	509
188	510	510
188	510	509
188	510	509
188	510	510
188	510	509
188	510	510
188	510	509
188	510	509
188	510	509
188	510	509
189	510	509
189	510	509
189	510	509
189	510	509
189	510	510
189	510	509
189	510	509
189	510	509
189	510	509
189	510	509
190	510	510
190	510	509
190	510	510
190	510	510
190	510	509
190	510	509
190	510	509
190	510	510
190	510	510
190	510	509
191	510	509
191	510	510
191	510	509
191	510	509
191	510	509
191	510	509
191	510	509
191	510	509
191	510	510
191	510	510
192	510	509
192	510	509
192	510	509
192	510	509
192	510	510
192	510	509
192	510	509
192	510	510
192	510	510
192	510	509
193	510	509
193	510	509
193	510	509
193	510	509
193	510	509
193	510	510
193	510	509
193	510	509
193	510	509
193	510	509
194	510	509
194	510	510
194	510	509
194	510	510
194	510	509
194	510	510
194	510	509
194	509	509
194	510	510
194	510	509
195	510	509
195	510	510
195	510	509
195	510	509
195	510	510
195	510	509
195	510	510
195	510	509
195	510	509
195	510	510
196	510	510
196	510	509
196	510	509
196	510	510
196	510	509
196	510	509
196	510	509
196	510	510
196	510	510
196	510	510
197	510	509
197	509	509
197	510	510
197	510	510
197	510	509
197	510	509
197	510	510
197	510	509
197	510	509
197	510	510
198	510	510
198	510	509
198	510	509
198	510	510
198	510	509
198	510	509
198	510	510
198	510	509
198	510	510
198	510	509
199	510	509
199	510	510
199	510	509
199	510	509
199	510	510
199	510	509
199	510	509
199	510	509
199	510	509
199	510	509
200	510	509
200	510	509
200	510	509
200	510	510
200	510	510
200	510	509
200	510	509
200	510	509
200	510	510
200	510	509
201	510	509
201	510	509
201	510	510
201	510	509
201	510	509
201	510	509
201	510	509
201	510	509
201	510	510
201	510	509
202	510	510
202	510	509
202	510	509
202	510	509
202	510	509
202	510	509
202	510	509
202	509	509
202	510	510
202	510	510
203	510	509
203	510	509
203	510	509
203	510	509
203	510	510
203	510	509
203	510	509
203	510	510
203	510	509
203	510	509
204	510	510
204	510	509
204	510	509
204	510	510
204	510	509
204	510	510
204	510	510
204	510	509
204	510	509
204	510	510
205	510	509
205	510	510
205	510	510
205	510	509
205	510	510
205	510	510
205	510	509
205	510	510
205	510	509
205	510	509
206	510	509
206	510	509
206	510	510
206	510	509
206	510	509
206	510	509
206	510	508
206	509	510
206	510	509
206	510	509
207	510	510
207	510	509
207	510	509
207	510	509
207	510	509
207	510	509
207	510	509
207	510	510
207	510	509
207	510	509
208	510	510
208	510	509
208	510	509
208	509	509
208	510	510
208	510	509
208	510	509
208	510	510
208	510	510
208	510	510
209	510	509
209	510	509
209	510	510
209	510	510
209	510	509
209	510	510
209	510	510
209	510	509
209	510	509
209	510	509
210	510	510
210	510	509
210	510	509
210	510	510
210	510	509
210	510	509
210	510	509
210	509	509
210	510	509
210	510	509
211	510	509
211	510	510
211	510	509
211	510	510
211	510	509
211	510	509
211	510	510
211	510	509
211	510	509
211	510	509
212	510	509
212	510	509
212	510	509
212	510	510
212	510	509
212	510	509
212	510	509
212	510	510
212	510	509
212	510	509
213	510	510
213	510	510
213	510	510
213	510	509
213	510	510
213	510	509
213	510	509
213	510	509
213	510	508
213	510	510
214	510	509
214	510	509
214	510	509
214	510	509
214	510	510
214	510	509
214	510	509
214	510	510
214	510	509
214	510	510
215	510	509
215	510	509
215	510	510
215	510	509
215	510	510
215	510	510
215	510	510
215	510	510
215	510	509
215	510	509
216	510	510
216	510	509
216	510	509
216	510	509
216	510	510
216	509	509
216	510	510
216	510	509
216	510	509
216	510	509
217	510	509
217	510	509
217	510	510
217	510	509
217	510	509
217	510	509
217	510	510
217	510	509
217	510	509
217	510	509
218	510	510
218	510	509
218	510	509
218	510	510
218	510	509
218	510	510
218	510	509
218	510	510
218	510	509
218	510	510
219	510	510
219	510	509
219	510	510
219	510	510
219	510	509
219	510	510
219	510	509
219	510	509
219	510	509
219	510	509
220	510	509
220	510	509
220	510	509
220	510	510
220	510	509
220	510	510
220	510	509
220	510	510
220	510	509
220	510	509
221	510	510
221	510	510
221	510	509
221	510	509
221	510	510
221	510	510
221	510	509
221	510	509
221	510	510
221	510	509
222	510	509
222	510	510
222	510	510
222	510	509
222	510	509
222	510	510
222	510	509
222	510	510
222	510	509
222	510	509
223	510	509
223	510	509
223	510	510
223	510	510
223	510	510
223	510	509
223	510	509
223	510	510
223	510	509
223	510	509
224	510	511
224	510	510
224	510	509
224	510	510
224	510	509
224	510	509
224	510	510
224	510	510
224	510	510
224	510	509
225	510	509
225	510	509
225	510	510
225	510	509
225	510	509
225	510	510
225	510	510
225	510	509
225	510	509
225	510	510
226	510	509
226	510	508
226	510	510
226	510	510
226	510	509
226	510	509
226	509	510
226	510	510
226	510	509
226	510	510
227	510	509
227	510	509
227	510	510
227	510	510
227	510	509
227	510	509
227	510	510
227	510	509
227	510	509
227	510	509
228	510	509
228	510	509
228	510	509
228	510	509
228	510	509
228	510	509
228	509	510
228	510	509
228	510	509
228	510	509
229	510	510
229	510	509
229	510	509
229	510	509
229	510	510
229	510	509
229	510	510
229	510	509
229	510	509
229	510	509
230	510	509
230	510	509
230	510	509
230	510	509
230	510	510
230	510	509
230	510	509
230	510	509
230	510	509
230	510	509
231	510	509
231	510	510
231	510	509
231	510	509
231	510	510
231	510	509
231	510	510
231	510	509
231	510	509
231	510	509
232	510	509
232	510	509
232	510	509
232	510	509
232	510	509
232	510	509
232	510	509
232	510	510
232	510	510
232	510	509
233	510	509
233	510	509
233	510	509
233	510	509
233	510	509
233	510	509
233	510	509
233	510	510
233	510	510
233	510	509
234	510	510
234	510	509
234	510	509
234	510	509
234	510	508
234	510	510
234	510	510
234	510	509
234	510	509
234	510	509
235	510	509
235	510	509
235	510	509
235	510	508
235	510	509
235	510	509
235	510	510
235	510	509
235	510	509
235	510	509
236	510	509
236	510	510
236	510	509
236	510	509
236	509	510
236	510	509
236	510	510
236	510	509
236	510	510
236	510	509
237	510	509
237	510	510
237	510	509
237	510	510
237	510	509
237	510	509
237	510	509
237	510	509
237	510	510
237	510	509
238	510	510
238	510	510
238	510	509
238	510	509
238	510	509
238	510	510
238	509	509
238	510	509
238	510	509
238	510	509
239	510	509
239	510	509
239	510	510
239	510	510
239	510	509
239	510	510
239	510	510
239	510	509
239	510	509
239	510	509
240	510	510
240	510	509
240	509	509
240	510	510
240	510	509
240	510	510
240	510	510
240	510	510
240	510	509
240	510	510
241	510	509
241	510	510
241	510	509
241	510	509
241	510	510
241	510	509
241	510	509
241	510	509
241	509	509
241	510	509
242	510	510
242	510	509
242	510	510
242	510	509
242	510	510
242	510	509
242	510	509
242	510	509
242	510	510
242	510	510
243	510	509
243	510	509
243	510	509
243	510	510
243	510	509
243	510	510
243	510	509
243	510	509
243	510	510
243	510	509
244	510	509
244	510	510
244	510	510
244	510	509
244	510	509
244	509	510
244	510	510
244	510	509
244	510	510
244	510	510
245	510	509
245	510	509
245	510	509
245	510	509
245	510	510
245	510	509
245	510	510
245	510	509
245	510	509
245	510	509
246	510	510
246	510	509
246	510	509
246	510	510
246	510	509
246	510	509
246	510	509
246	510	509
246	510	509
246	510	509
247	510	509
247	510	509
247	510	509
247	510	508
247	510	509
247	510	509
247	510	509
247	510	509
247	510	510
247	510	509
248	510	510
248	510	509
248	510	510
248	510	509
248	510	509
248	510	509
248	510	510
248	510	509
248	510	510
248	510	509
249	510	509
249	510	509
249	510	509
249	510	509
249	510	510
249	510	510
249	510	509
249	510	509
249	510	510
249	510	509
250	510	509
250	510	509
250	510	509
250	510	509
250	510	509
250	510	510
250	510	509
250	510	508
250	510	509
250	510	510
251	510	510
251	510	509
251	510	510
251	510	509
251	510	510
251	510	510
251	510	509
251	510	510
251	510	509
251	510	509
252	510	509
252	510	509
252	510	509
252	510	509
252	510	510
252	510	509
252	510	509
252	510	510
252	510	509
252	510	509
253	510	509
253	510	510
253	510	509
253	510	510
253	510	509
253	510	509
253	510	510
253	510	509
253	510	510
253	510	509
254	510	509
254	510	509
254	509	510
254	510	510
254	510	509
254	510	509
254	510	510
254	510	509
254	510	510
254	510	510
255	510	510
255	510	509
255	510	509
255	510	510
255	510	509
255	510	508
255	510	510
255	510	510
255	510	509
255	510	509
255	510	509
255	510	509
255	510	510
255	510	510
255	510	510
255	510	509
255	510	510
255	510	509
255	510	510
255	510	509
254	510	509
254	510	509
254	510	509
254	510	510
254	510	510
254	510	510
254	510	509
254	509	509
254	510	510
254	510	509
253	510	509
253	510	509
253	510	510
253	510	509
253	510	509
253	510	510
253	510	509
253	510	509
253	510	510
253	510	509
252	510	509
252	510	510
252	510	509
252	510	509
252	510	510
252	510	510
252	510	510
252	510	509
252	510	510
252	510	510
251	510	509
251	510	509
251	510	509
251	510	509
251	510	509
251	510	509
251	510	510
251	510	509
251	510	509
251	510	510
250	510	510
250	510	509
250	510	509
250	510	510
250	510	509
250	510	510
250	510	509
250	510	509
250	510	510
250	510	509
249	510	510
249	510	509
249	510	509
249	510	510
249	510	509
249	510	510
249	510	509
249	510	510
249	510	508
249	510	510
248	510	509
248	510	509
248	510	510
248	510	509
248	510	510
248	510	509
248	510	510
248	510	509
248	510	510
248	510	510
247	510	510
247	510	510
247	510	509
247	510	510
247	510	509
247	510	509
247	510	509
247	510	509
247	510	510
247	510	510
246	510	509
246	510	509
246	510	510
246	510	509
246	510	510
246	510	509
246	510	509
246	510	509
246	510	509
246	510	509
245	510	509
245	510	509
245	510	510
245	510	509
245	510	510
245	510	509
245	510	510
245	510	509
245	510	510
245	510	509
244	510	509
244	510	510
244	510	509
244	510	510
244	510	509
244	510	509
244	510	510
244	510	509
244	510	509
244	510	509
243	509	510
243	510	509
243	509	509
243	510	509
243	510	509
243	510	509
243	510	510
243	510	509
243	510	510
243	510	509
242	510	510
242	510	509
242	510	509
242	510	509
242	510	509
242	510	510
242	510	509
242	510	510
242	510	510
242	510	509
241	510	509
241	510	509
241	510	510
241	510	509
241	510	510
241	510	509
241	510	509
241	510	509
241	510	509
241	510	509
240	510	509
240	510	509
240	510	509
240	510	510
240	510	509
240	510	509
240	510	510
240	510	509
240	510	509
240	510	509
239	510	509
239	510	509
239	509	510
239	510	509
239	510	509
239	510	509
239	510	510
239	510	509
239	510	510
239	510	509
238	510	510
238	510	510
238	510	510
238	510	510
238	510	509
238	510	510
238	510	510
238	510	509
238	510	509
238	510	510
237	510	509
237	510	509
237	510	509
237	510	509
237	510	509
237	510	509
237	510	510
237	510	509
237	510	509
237	510	509
236	510	509
236	510	509
236	510	509
236	510	510
236	510	509
236	510	509
236	510	510
236	510	509
236	510	509
236	510	510
235	509	509
235	510	509
235	510	510
235	510	510
235	510	509
235	510	509
235	510	510
235	510	509
235	510	510
235	510	509
234	510	509
234	510	509
234	510	509
234	510	509
234	510	509
234	510	509
234	510	509
234	510	510
234	510	509
234	510	509
233	510	509
233	510	509
233	510	509
233	510	509
233	510	510
233	510	510
233	510	509
233	510	510
233	510	510
233	510	510
232	510	509
232	510	509
232	510	510
232	510	509
232	510	510
232	510	509
232	510	510
232	510	510
232	510	509
232	510	509
231	510	508
231	510	510
231	510	509
231	510	510
231	510	510
231	510	509
231	510	509
231	510	509
231	510	510
231	510	509
230	510	509
230	510	509
230	510	510
230	510	509
230	510	510
230	510	509
230	510	509
230	510	509
230	509	510
230	510	509
229	510	509
229	510	509
229	510	510
229	510	509
229	510	509
229	510	509
229	510	510
229	510	510
229	510	509
229	510	509
228	510	509
228	510	509
228	510	509
228	510	509
228	510	510
228	510	508
228	510	510
228	510	509
228	510	510
228	510	510
227	510	509
227	510	510
227	510	509
227	510	511
227	510	509
227	510	509
227	510	509
227	510	510
227	510	510
227	510	509
226	510	510
226	510	509
226	510	509
226	510	510
226	510	509
226	510	509
226	510	509
226	510	509
226	510	509
226	509	509
225	510	509
225	510	510
225	509	509
225	510	509
225	510	509
225	510	510
225	510	509
225	510	509
225	510	509
225	510	509
224	510	510
224	510	509
224	510	509
224	510	509
224	510	509
224	510	510
224	510	509
224	510	509
224	510	510
224	510	510
223	509	509
223	509	509
223	510	510
223	510	510
223	510	509
223	510	510
223	510	509
223	510	509
223	510	509
223	511	509
222	510	510
222	510	509
222	510	509
222	510	510
222	510	510
222	510	509
222	510	509
222	510	509
222	510	509
222	510	510
221	510	509
221	510	509
221	510	510
221	510	509
221	510	510
221	510	509
221	510	509
221	510	510
221	510	510
221	510	509
220	510	509
220	510	510
220	510	509
220	510	509
220	510	510
220	510	509
220	510	510
220	510	510
220	510	510
220	510	510
219	510	509
219	510	510
219	510	509
219	510	509
219	510	509
219	510	509
219	510	509
219	510	509
219	510	510
219	510	509
218	510	509
218	510	509
218	510	509
218	510	509
218	510	509
218	510	510
218	510	509
218	510	509
218	510	509
218	510	510
217	510	509
217	510	509
217	510	509
217	510	509
217	510	509
217	510	509
217	510	510
217	510	509
217	510	510
217	510	509
216	510	510
216	510	509
216	510	510
216	510	509
216	510	509
216	510	510
216	510	509
216	510	509
216	510	509
216	510	509
215	510	510
215	510	509
215	510	509
215	510	509
215	510	509
215	510	509
215	510	510
215	510	509
215	510	509
215	510	509
214	510	510
214	510	509
214	510	509
214	510	509
214	510	509
214	510	510
214	510	508
214	510	510
214	510	509
214	510	509
213	510	509
213	510	510
213	510	509
213	510	509
213	510	510
213	510	509
213	511	510
213	510	509
213	510	509
213	510	509
212	510	509
212	510	509
212	510	510
212	510	510
212	510	509
212	510	508
212	510	510
212	510	509
212	510	509
212	510	509
211	510	509
211	510	510
211	510	510
211	510	510
211	510	510
211	510	509
211	510	510
211	510	509
211	510	509
211	510	509
210	510	509
210	510	510
210	510	509
210	510	510
210	510	509
210	510	509
210	510	510
210	510	509
210	509	509
210	510	509
209	510	509
209	510	510
209	510	509
209	510	509
209	510	509
209	510	510
209	510	509
209	510	509
209	510	510
209	510	509
208	510	510
208	510	509
208	510	510
208	510	509
208	510	509
208	510	509
208	510	509
208	510	510
208	510	509
208	510	510
207	510	509
207	510	509
207	510	510
207	510	509
207	510	510
207	510	509
207	510	509
207	510	509
207	510	510
207	510	509
206	510	509
206	510	509
206	510	510
206	510	509
206	510	510
206	510	509
206	510	509
206	510	510
206	510	510
206	509	510
205	510	510
205	510	510
205	510	509
205	510	509
205	510	510
205	510	509
205	510	509
205	510	509
205	510	509
205	510	510
204	510	509
204	510	510
204	510	509
204	510	509
204	510	510
204	510	509
204	510	510
204	510	509
204	510	509
204	510	509
203	510	509
203	510	510
203	510	509
203	510	510
203	510	509
203	510	509
203	510	510
203	510	509
203	510	509
203	510	509
202	510	509
202	510	509
202	510	509
202	510	510
202	510	509
202	510	510
202	510	510
202	510	509
202	510	509
202	510	509
201	510	509
201	510	509
201	510	509
201	510	509
201	510	509
201	510	509
201	510	509
201	510	509
201	510	510
201	510	510
200	510	509
200	510	509
200	510	509
200	510	509
200	510	509
200	510	510
200	510	510
200	510	509
200	510	509
200	510	509
199	510	510
199	510	509
199	510	509
199	510	509
199	510	509
199	510	509
199	510	509
199	510	509
199	510	509
199	510	509
198	510	509
198	510	509
198	510	510
198	510	510
198	510	509
198	510	510
198	510	509
198	510	509
198	510	509
198	510	509
197	510	510
197	510	509
197	510	509
197	510	509
197	510	509
197	510	509
197	510	509
197	510	509
197	510	509
197	510	510
196	510	510
196	510	509
196	510	509
196	510	509
196	510	509
196	510	510
196	510	510
196	510	509
196	510	509
196	510	509
195	510	508
195	510	510
195	510	509
195	510	510
195	510	509
195	510	510
195	510	510
195	510	509
195	510	509
195	510	509
194	510	509
194	510	510
194	510	510
194	510	510
194	510	509
194	510	510
194	510	509
194	510	509
194	510	509
194	510	509
193	510	509
193	510	510
193	510	509
193	510	510
193	510	510
193	510	510
193	510	509
193	510	509
193	510	509
193	510	510
192	510	509
192	510	509
192	510	509
192	510	509
192	510	510
192	510	509
192	510	509
192	510	509
192	510	509
192	510	510
191	510	509
191	510	509
191	510	509
191	510	510
191	510	509
191	510	509
191	510	510
191	510	509
191	510	509
191	510	509
190	510	509
190	510	510
190	510	509
190	510	509
190	510	509
190	510	510
190	510	509
190	510	510
190	510	509
190	510	509
